TPQ: 480
TRACKS: 12
0	0	0	ff 58 4 4 2 18 8 
0	0	0	ff 59 2 0 0 
0	0	0	ff 6 8 2a 4d 61 72 6b 65 72 20 
0	0	0	ff 54 5 20 0 0 0 0 
0	0	0	ff 51 3 5 62 ad 
0	0	1	ff 20 1 9 
0	0	1	ff 3 8 4b 69 63 6b 20 20 20 20 
0	0	1	ff 4 c 53 43 20 38 38 20 50 72 6f 20 31 30 
0	0	2	ff 20 1 9 
0	0	2	ff 3 8 53 6e 61 72 65 20 31 20 
0	0	2	ff 4 c 53 43 20 38 38 20 50 72 6f 20 31 30 
0	0	3	ff 20 1 9 
0	0	3	ff 3 8 53 6e 61 72 65 20 20 32 
0	0	3	ff 4 c 53 43 20 38 38 20 50 72 6f 20 31 30 
0	0	4	ff 20 1 9 
0	0	4	ff 3 8 43 6c 20 68 61 74 20 20 
0	0	4	ff 4 c 53 43 20 38 38 20 50 72 6f 20 31 30 
0	0	5	ff 20 1 9 
0	0	5	ff 3 8 4f 70 20 68 61 74 20 32 
0	0	5	ff 4 c 53 43 20 38 38 20 50 72 6f 20 31 30 
0	0	6	ff 20 1 9 
0	0	6	ff 3 8 4f 70 20 68 61 74 20 31 
0	0	6	ff 4 c 53 43 20 38 38 20 50 72 6f 20 31 30 
0	0	7	ff 20 1 9 
0	0	7	ff 3 8 48 69 20 54 6f 6d 20 20 
0	0	7	ff 4 c 53 43 20 38 38 20 50 72 6f 20 31 30 
0	0	8	ff 20 1 9 
0	0	8	ff 3 8 43 72 61 73 68 20 9 20 
0	0	8	ff 4 c 53 43 20 38 38 20 50 72 6f 20 31 30 
0	0	9	ff 20 1 9 
0	0	9	ff 3 8 52 69 64 65 20 20 20 20 
0	0	9	ff 4 c 53 43 20 38 38 20 50 72 6f 20 31 30 
0	0	10	ff 20 1 9 
0	0	10	ff 3 8 43 68 69 6e 61 20 20 20 
0	0	10	ff 4 c 53 43 20 38 38 20 50 72 6f 20 31 30 
0	0	11	ff 20 1 9 
0	0	11	ff 3 8 43 75 70 20 20 20 20 20 
0	0	11	ff 4 c 53 43 20 38 38 20 50 72 6f 20 31 30 
0	0	1	99 24 7f 
0	0	0	ff 2f 0 
5	5	10	99 34 47 
10	5	1	99 24 0 
15	5	10	99 34 0 
1924	1909	1	99 24 74 
1934	10	1	99 24 0 
1938	4	10	99 34 64 
1948	10	10	99 34 0 
3848	1900	1	99 24 7f 
3858	10	1	99 24 0 
3886	28	10	99 34 45 
3896	10	10	99 34 0 
4800	904	1	99 24 7f 
4802	2	10	99 34 5b 
4810	8	1	99 24 0 
4812	2	10	99 34 0 
5728	916	1	99 24 7d 
5738	10	1	99 24 0 
5744	6	10	99 34 6f 
5754	10	10	99 34 0 
6659	905	1	99 24 7f 
6669	10	1	99 24 0 
6715	46	10	99 34 6c 
6725	10	10	99 34 0 
9600	2875	1	99 24 7f 
9610	10	1	99 24 0 
9653	43	10	99 34 48 
9663	10	10	99 34 0 
11597	1934	1	99 24 7f 
11601	4	10	99 34 44 
11607	6	1	99 24 0 
11611	4	10	99 34 0 
13497	1886	1	99 24 7f 
13507	10	1	99 24 0 
13520	13	10	99 34 57 
13530	10	10	99 34 0 
13535	5	6	99 2e 34 
13545	10	6	99 2e 0 
14015	470	3	99 28 2e 
14025	10	3	99 28 0 
14233	208	3	99 28 22 
14243	10	3	99 28 0 
14342	99	3	99 28 28 
14352	10	3	99 28 0 
14455	103	3	99 28 33 
14465	10	3	99 28 0 
14673	208	3	99 28 25 
14683	10	3	99 28 0 
14786	103	3	99 28 2a 
14796	10	3	99 28 0 
14902	106	3	99 28 58 
14912	10	3	99 28 0 
15032	120	3	99 28 28 
15042	10	3	99 28 0 
15123	81	3	99 28 2e 
15133	10	3	99 28 0 
15250	117	3	99 28 37 
15260	10	3	99 28 0 
15368	108	3	99 28 6c 
15378	10	3	99 28 0 
15601	223	3	99 28 4b 
15611	10	3	99 28 0 
15848	237	3	99 28 76 
15858	10	3	99 28 0 
16085	227	3	99 28 46 
16095	10	3	99 28 0 
16334	239	3	99 28 6c 
16344	10	3	99 28 0 
16572	228	3	99 28 6f 
16582	10	3	99 28 0 
16835	253	3	99 28 78 
16838	3	2	99 26 23 
16845	7	3	99 28 0 
16848	3	2	99 26 0 
16886	38	8	99 31 1f 
16896	10	8	99 31 0 
17064	168	6	99 2e 3a 
17074	10	6	99 2e 0 
17074	0	6	ff 2f 0 
19200	2126	4	99 2a 7a 
19210	10	4	99 2a 0 
19247	37	1	99 24 7f 
19257	10	1	99 24 0 
20159	902	4	99 2a 64 
20169	10	4	99 2a 0 
20206	37	1	99 24 7f 
20216	10	1	99 24 0 
21114	898	4	99 2a 6d 
21124	10	4	99 2a 0 
21185	61	1	99 24 7f 
21195	10	1	99 24 0 
22073	878	4	99 2a 7f 
22083	10	4	99 2a 0 
22143	60	1	99 24 7f 
22153	10	1	99 24 0 
23025	872	4	99 2a 7f 
23035	10	4	99 2a 0 
23090	55	1	99 24 7f 
23100	10	1	99 24 0 
24969	1869	4	99 2a 7f 
24979	10	4	99 2a 0 
25000	21	1	99 24 7f 
25010	10	1	99 24 0 
26406	1396	5	99 2c 54 
26416	10	5	99 2c 0 
28800	2384	4	99 2a 7f 
28808	8	1	99 24 7f 
28810	2	4	99 2a 0 
28818	8	1	99 24 0 
28934	116	4	99 2a 3c 
28944	10	4	99 2a 0 
29040	96	4	99 2a 3e 
29050	10	4	99 2a 0 
29157	107	4	99 2a 3f 
29167	10	4	99 2a 0 
29268	101	4	99 2a 5c 
29278	10	4	99 2a 0 
29374	96	4	99 2a 3e 
29384	10	4	99 2a 0 
29500	116	4	99 2a 40 
29510	10	4	99 2a 0 
29555	45	1	99 24 7f 
29565	10	1	99 24 0 
29642	77	4	99 2a 3b 
29652	10	4	99 2a 0 
29751	99	4	99 2a 3c 
29761	10	4	99 2a 0 
29874	113	4	99 2a 3c 
29884	10	4	99 2a 0 
29992	108	4	99 2a 41 
30002	10	4	99 2a 0 
30102	100	4	99 2a 3d 
30112	10	4	99 2a 0 
30239	127	4	99 2a 7f 
30249	10	4	99 2a 0 
30350	101	4	99 2a 3e 
30360	10	4	99 2a 0 
30473	113	4	99 2a 3e 
30483	10	4	99 2a 0 
30582	99	4	99 2a 3e 
30592	10	4	99 2a 0 
30711	119	4	99 2a 7f 
30721	10	4	99 2a 0 
30827	106	4	99 2a 3b 
30837	10	4	99 2a 0 
30934	97	4	99 2a 40 
30944	10	4	99 2a 0 
31073	129	4	99 2a 3c 
31083	10	4	99 2a 0 
31180	97	4	99 2a 7d 
31190	10	4	99 2a 0 
31315	125	4	99 2a 3d 
31325	10	4	99 2a 0 
31415	90	4	99 2a 42 
31425	10	4	99 2a 0 
31554	129	4	99 2a 3d 
31564	10	4	99 2a 0 
31669	105	4	99 2a 7f 
31679	10	4	99 2a 0 
31797	118	4	99 2a 3e 
31807	10	4	99 2a 0 
31902	95	4	99 2a 40 
31912	10	4	99 2a 0 
32040	128	4	99 2a 3f 
32050	10	4	99 2a 0 
32149	99	4	99 2a 7f 
32159	10	4	99 2a 0 
32286	127	4	99 2a 3d 
32296	10	4	99 2a 0 
32377	81	1	99 24 66 
32385	8	4	99 2a 40 
32387	2	1	99 24 0 
32395	8	4	99 2a 0 
32524	129	4	99 2a 3b 
32534	10	4	99 2a 0 
32635	101	4	99 2a 4f 
32645	10	4	99 2a 0 
32659	14	1	99 24 7f 
32669	10	1	99 24 0 
32784	115	4	99 2a 3e 
32794	10	4	99 2a 0 
32880	86	4	99 2a 40 
32890	10	4	99 2a 0 
33008	118	4	99 2a 3f 
33018	10	4	99 2a 0 
33112	94	4	99 2a 7f 
33122	10	4	99 2a 0 
33226	104	4	99 2a 3b 
33236	10	4	99 2a 0 
33356	120	4	99 2a 42 
33366	10	4	99 2a 0 
33393	27	1	99 24 7f 
33403	10	1	99 24 0 
33472	69	4	99 2a 3d 
33482	10	4	99 2a 0 
33597	115	4	99 2a 3f 
33607	10	4	99 2a 0 
33715	108	4	99 2a 3c 
33725	10	4	99 2a 0 
33828	103	4	99 2a 43 
33838	10	4	99 2a 0 
33950	112	4	99 2a 3c 
33960	10	4	99 2a 0 
34071	111	4	99 2a 7f 
34081	10	4	99 2a 0 
34192	111	4	99 2a 3b 
34202	10	4	99 2a 0 
34320	118	4	99 2a 3c 
34330	10	4	99 2a 0 
34431	101	4	99 2a 3c 
34441	10	4	99 2a 0 
34547	106	4	99 2a 7f 
34557	10	4	99 2a 0 
34790	233	10	99 34 37 
34800	10	10	99 34 0 
34800	0	10	ff 2f 0 
34831	31	3	99 28 26 
34841	10	3	99 28 0 
35052	211	4	99 2a 3f 
35062	10	4	99 2a 0 
35286	224	4	99 2a 3f 
35296	10	4	99 2a 0 
35527	231	4	99 2a 6f 
35537	10	4	99 2a 0 
35755	218	4	99 2a 4b 
35765	10	4	99 2a 0 
35911	146	4	99 2a 39 
35921	10	4	99 2a 0 
35994	73	4	99 2a 6b 
36004	10	4	99 2a 0 
36135	131	4	99 2a 36 
36145	10	4	99 2a 0 
36229	84	4	99 2a 41 
36239	10	4	99 2a 0 
36355	116	4	99 2a 3a 
36365	10	4	99 2a 0 
38400	2035	4	99 2a 7d 
38410	10	4	99 2a 0 
38416	6	1	99 24 7f 
38426	10	1	99 24 0 
38519	93	4	99 2a 39 
38529	10	4	99 2a 0 
38635	106	4	99 2a 3d 
38645	10	4	99 2a 0 
38748	103	4	99 2a 3c 
38758	10	4	99 2a 0 
38875	117	4	99 2a 7f 
38885	10	4	99 2a 0 
38987	102	4	99 2a 3c 
38997	10	4	99 2a 0 
39121	124	4	99 2a 40 
39131	10	4	99 2a 0 
39158	27	1	99 24 7f 
39168	10	1	99 24 0 
39230	62	4	99 2a 3b 
39240	10	4	99 2a 0 
39355	115	4	99 2a 40 
39365	10	4	99 2a 0 
39473	108	4	99 2a 3a 
39483	10	4	99 2a 0 
39588	105	4	99 2a 41 
39598	10	4	99 2a 0 
39706	108	4	99 2a 3c 
39716	10	4	99 2a 0 
39830	114	4	99 2a 6d 
39840	10	4	99 2a 0 
39954	114	4	99 2a 39 
39964	10	4	99 2a 0 
40076	112	4	99 2a 3e 
40086	10	4	99 2a 0 
40191	105	4	99 2a 3b 
40201	10	4	99 2a 0 
40303	102	4	99 2a 7f 
40313	10	4	99 2a 0 
40429	116	4	99 2a 3d 
40439	10	4	99 2a 0 
40541	102	4	99 2a 3f 
40551	10	4	99 2a 0 
40662	111	4	99 2a 3b 
40672	10	4	99 2a 0 
40784	112	4	99 2a 72 
40794	10	4	99 2a 0 
40905	111	4	99 2a 3b 
40915	10	4	99 2a 0 
41020	105	4	99 2a 40 
41030	10	4	99 2a 0 
41146	116	4	99 2a 3e 
41156	10	4	99 2a 0 
41257	101	4	99 2a 7f 
41267	10	4	99 2a 0 
41388	121	4	99 2a 3e 
41398	10	4	99 2a 0 
41493	95	4	99 2a 3f 
41503	10	4	99 2a 0 
41628	125	4	99 2a 3c 
41638	10	4	99 2a 0 
41731	93	4	99 2a 64 
41741	10	4	99 2a 0 
41860	119	4	99 2a 3e 
41870	10	4	99 2a 0 
41960	90	4	99 2a 41 
41970	10	4	99 2a 0 
42087	117	4	99 2a 3f 
42097	10	4	99 2a 0 
42224	127	4	99 2a 7f 
42234	10	4	99 2a 0 
42236	2	1	99 24 7f 
42246	10	1	99 24 0 
44177	1931	3	99 28 2c 
44187	10	3	99 28 0 
44270	83	3	99 28 27 
44280	10	3	99 28 0 
44380	100	3	99 28 3a 
44390	10	3	99 28 0 
44483	93	3	99 28 43 
44493	10	3	99 28 0 
44493	0	2	99 26 20 
44503	10	2	99 26 0 
44609	106	3	99 28 73 
44619	10	3	99 28 0 
44729	110	3	99 28 45 
44739	10	3	99 28 0 
44835	96	3	99 28 4a 
44845	10	3	99 28 0 
44959	114	3	99 28 7f 
44968	9	2	99 26 25 
44969	1	3	99 28 0 
44978	9	2	99 26 0 
45079	101	3	99 28 7f 
45089	10	3	99 28 0 
45197	108	3	99 28 69 
45207	10	3	99 28 0 
45317	110	3	99 28 50 
45327	10	3	99 28 0 
45430	103	3	99 28 56 
45440	10	3	99 28 0 
45489	49	2	99 26 20 
45499	10	2	99 26 0 
45551	52	3	99 28 7b 
45556	5	2	99 26 24 
45561	5	3	99 28 0 
45566	5	2	99 26 0 
45675	109	3	99 28 2f 
45685	10	3	99 28 0 
45780	95	3	99 28 5d 
45790	10	3	99 28 0 
45893	103	3	99 28 30 
45903	10	3	99 28 0 
48000	2097	4	99 2a 43 
48007	7	1	99 24 7f 
48010	3	4	99 2a 0 
48017	7	1	99 24 0 
48222	205	4	99 2a 3d 
48232	10	4	99 2a 0 
48463	231	2	99 26 73 
48471	8	3	99 28 26 
48473	2	2	99 26 0 
48481	8	3	99 28 0 
48687	206	4	99 2a 3b 
48697	10	4	99 2a 0 
48948	251	4	99 2a 43 
48958	10	4	99 2a 0 
49183	225	2	99 26 67 
49190	7	3	99 28 29 
49193	3	2	99 26 0 
49200	7	3	99 28 0 
49424	224	4	99 2a 3e 
49434	10	4	99 2a 0 
49662	228	4	99 2a 3f 
49672	10	4	99 2a 0 
49921	249	4	99 2a 6d 
49931	10	4	99 2a 0 
50167	236	4	99 2a 3a 
50177	10	4	99 2a 0 
50389	212	2	99 26 72 
50398	9	3	99 28 26 
50399	1	2	99 26 0 
50408	9	3	99 28 0 
50604	196	4	99 2a 3e 
50614	10	4	99 2a 0 
50847	233	4	99 2a 43 
50857	10	4	99 2a 0 
51080	223	2	99 26 67 
51090	10	2	99 26 0 
51127	37	3	99 28 27 
51137	10	3	99 28 0 
51305	168	4	99 2a 44 
51315	10	4	99 2a 0 
51545	230	2	99 26 70 
51554	9	3	99 28 2a 
51555	1	2	99 26 0 
51564	9	3	99 28 0 
51812	248	4	99 2a 44 
51817	5	1	99 24 7f 
51822	5	4	99 2a 0 
51827	5	1	99 24 0 
52051	224	4	99 2a 3b 
52061	10	4	99 2a 0 
52288	227	2	99 26 68 
52293	5	3	99 28 28 
52298	5	2	99 26 0 
52303	5	3	99 28 0 
52507	204	4	99 2a 3b 
52517	10	4	99 2a 0 
52771	254	4	99 2a 42 
52781	10	4	99 2a 0 
53007	226	2	99 26 68 
53014	7	3	99 28 2b 
53017	3	2	99 26 0 
53024	7	3	99 28 0 
53226	202	4	99 2a 40 
53236	10	4	99 2a 0 
53478	242	4	99 2a 56 
53488	10	4	99 2a 0 
53742	254	2	99 26 79 
53752	10	2	99 26 0 
53752	0	3	99 28 2b 
53762	10	3	99 28 0 
53967	205	4	99 2a 40 
53977	10	4	99 2a 0 
54209	232	4	99 2a 41 
54219	10	4	99 2a 0 
54475	256	2	99 26 6c 
54480	5	3	99 28 2a 
54485	5	2	99 26 0 
54490	5	3	99 28 0 
54540	50	8	99 31 20 
54550	10	8	99 31 0 
54690	140	4	99 2a 40 
54700	10	4	99 2a 0 
54913	213	4	99 2a 48 
54923	10	4	99 2a 0 
55169	246	2	99 26 67 
55174	5	3	99 28 29 
55179	5	2	99 26 0 
55184	5	3	99 28 0 
55400	216	4	99 2a 3e 
55410	10	4	99 2a 0 
57600	2190	1	99 24 7f 
57602	2	4	99 2a 72 
57610	8	1	99 24 0 
57612	2	4	99 2a 0 
57841	229	4	99 2a 40 
57851	10	4	99 2a 0 
58088	237	3	99 28 53 
58098	10	3	99 28 0 
58289	191	4	99 2a 3d 
58299	10	4	99 2a 0 
58547	248	4	99 2a 46 
58557	10	4	99 2a 0 
58797	240	3	99 28 55 
58807	10	3	99 28 0 
59027	220	4	99 2a 3f 
59037	10	4	99 2a 0 
59274	237	4	99 2a 40 
59284	10	4	99 2a 0 
59515	231	4	99 2a 55 
59525	10	4	99 2a 0 
59765	240	4	99 2a 3f 
59775	10	4	99 2a 0 
60022	247	3	99 28 53 
60032	10	3	99 28 0 
60085	53	8	99 31 20 
60095	10	8	99 31 0 
60219	124	4	99 2a 40 
60229	10	4	99 2a 0 
60480	251	4	99 2a 7d 
60490	10	4	99 2a 0 
60740	250	3	99 28 55 
60750	10	3	99 28 0 
60948	198	4	99 2a 3f 
60958	10	4	99 2a 0 
61179	221	4	99 2a 40 
61189	10	4	99 2a 0 
61435	246	4	99 2a 46 
61445	10	4	99 2a 0 
61446	1	1	99 24 78 
61456	10	1	99 24 0 
61690	234	4	99 2a 3d 
61700	10	4	99 2a 0 
61938	238	3	99 28 51 
61948	10	3	99 28 0 
62141	193	4	99 2a 3f 
62151	10	4	99 2a 0 
62394	243	4	99 2a 59 
62404	10	4	99 2a 0 
62646	242	3	99 28 55 
62656	10	3	99 28 0 
62715	59	8	99 31 20 
62725	10	8	99 31 0 
62725	0	8	ff 2f 0 
62872	147	4	99 2a 3d 
62882	10	4	99 2a 0 
63113	231	4	99 2a 43 
63123	10	4	99 2a 0 
63229	106	3	99 28 4e 
63239	10	3	99 28 0 
63347	108	4	99 2a 68 
63357	10	4	99 2a 0 
63607	250	4	99 2a 3e 
63617	10	4	99 2a 0 
63866	249	3	99 28 55 
63876	10	3	99 28 0 
64070	194	4	99 2a 40 
64080	10	4	99 2a 0 
64316	236	4	99 2a 45 
64326	10	4	99 2a 0 
64577	251	3	99 28 55 
64587	10	3	99 28 0 
64800	213	4	99 2a 3f 
64810	10	4	99 2a 0 
64932	122	3	99 28 55 
64942	10	3	99 28 0 
65032	90	4	99 2a 41 
65042	10	4	99 2a 0 
65158	116	3	99 28 7f 
65168	10	3	99 28 0 
67200	2032	4	99 2a 42 
67207	7	1	99 24 7f 
67210	3	4	99 2a 0 
67217	7	1	99 24 0 
67450	233	4	99 2a 3e 
67460	10	4	99 2a 0 
67698	238	3	99 28 7a 
67708	10	3	99 28 0 
67903	195	4	99 2a 42 
67913	10	4	99 2a 0 
68148	235	4	99 2a 40 
68158	10	4	99 2a 0 
68420	262	3	99 28 7f 
68430	10	3	99 28 0 
68636	206	4	99 2a 3d 
68646	10	4	99 2a 0 
68872	226	4	99 2a 3f 
68882	10	4	99 2a 0 
68995	113	3	99 28 79 
69005	10	3	99 28 0 
69120	115	4	99 2a 61 
69130	10	4	99 2a 0 
69364	234	4	99 2a 40 
69374	10	4	99 2a 0 
69607	233	3	99 28 7c 
69617	10	3	99 28 0 
69817	200	4	99 2a 3f 
69827	10	4	99 2a 0 
70062	235	4	99 2a 52 
70072	10	4	99 2a 0 
70318	246	3	99 28 7c 
70328	10	3	99 28 0 
70530	202	4	99 2a 40 
70540	10	4	99 2a 0 
70640	100	3	99 28 74 
70650	10	3	99 28 0 
70754	104	4	99 2a 4e 
70764	10	4	99 2a 0 
70885	121	3	99 28 7a 
70895	10	3	99 28 0 
71020	125	4	99 2a 7f 
71030	10	4	99 2a 0 
71060	30	1	99 24 7f 
71070	10	1	99 24 0 
71105	35	4	99 2a 3a 
71115	10	4	99 2a 0 
71521	406	5	99 2c 7f 
71531	10	5	99 2c 0 
71988	457	5	99 2c 7f 
71998	10	5	99 2c 0 
72477	479	2	99 26 7f 
72478	1	5	99 2c 7f 
72487	9	2	99 26 0 
72488	1	5	99 2c 0 
72967	479	5	99 2c 63 
72977	10	5	99 2c 0 
73447	470	5	99 2c 7f 
73457	10	5	99 2c 0 
73929	472	2	99 26 6f 
73934	5	3	99 28 7d 
73939	5	2	99 26 0 
73944	5	3	99 28 0 
73997	53	2	99 26 74 
74007	10	2	99 26 0 
74170	163	2	99 26 68 
74178	8	3	99 28 7a 
74180	2	2	99 26 0 
74188	8	3	99 28 0 
74409	221	2	99 26 7c 
74413	4	3	99 28 7c 
74419	6	2	99 26 0 
74423	4	3	99 28 0 
74633	210	2	99 26 4e 
74643	10	2	99 26 0 
74649	6	3	99 28 79 
74653	4	2	99 26 75 
74659	6	3	99 28 0 
74663	4	2	99 26 0 
76800	2137	1	99 24 7f 
76810	10	1	99 24 0 
77139	329	3	99 28 2c 
77149	10	3	99 28 0 
77259	110	3	99 28 7c 
77269	10	3	99 28 0 
77509	240	1	99 24 7f 
77511	2	3	99 28 2b 
77519	8	1	99 24 0 
77521	2	3	99 28 0 
77749	228	3	99 28 2b 
77759	10	3	99 28 0 
77854	95	3	99 28 31 
77864	10	3	99 28 0 
77982	118	3	99 28 78 
77992	10	3	99 28 0 
78108	116	3	99 28 21 
78118	10	3	99 28 0 
78208	90	3	99 28 2f 
78218	10	3	99 28 0 
78312	94	3	99 28 30 
78322	10	3	99 28 0 
78441	119	3	99 28 7f 
78451	10	3	99 28 0 
78569	118	3	99 28 27 
78579	10	3	99 28 0 
78688	109	3	99 28 31 
78698	10	3	99 28 0 
78782	84	3	99 28 2b 
78792	10	3	99 28 0 
78912	120	3	99 28 7f 
78922	10	3	99 28 0 
79163	241	3	99 28 7a 
79173	10	3	99 28 0 
79300	127	3	99 28 2e 
79310	10	3	99 28 0 
79406	96	3	99 28 2f 
79416	10	3	99 28 0 
79522	106	3	99 28 2f 
79532	10	3	99 28 0 
79649	117	3	99 28 6b 
79659	10	3	99 28 0 
79667	8	2	99 26 25 
79677	10	2	99 26 0 
79895	218	3	99 28 29 
79905	10	3	99 28 0 
80036	131	3	99 28 7f 
80046	10	3	99 28 0 
80258	212	3	99 28 26 
80268	10	3	99 28 0 
80373	105	3	99 28 7b 
80383	10	3	99 28 0 
80388	5	2	99 26 1f 
80398	10	2	99 26 0 
80642	244	1	99 24 7f 
80652	10	1	99 24 0 
80687	35	3	99 28 24 
80697	10	3	99 28 0 
80882	185	3	99 28 28 
80892	10	3	99 28 0 
80984	92	3	99 28 33 
80994	10	3	99 28 0 
81103	109	3	99 28 7d 
81113	10	3	99 28 0 
81336	223	1	99 24 7f 
81346	10	1	99 24 0 
81374	28	3	99 28 27 
81384	10	3	99 28 0 
81492	108	3	99 28 27 
81502	10	3	99 28 0 
81599	97	3	99 28 2b 
81609	10	3	99 28 0 
81713	104	3	99 28 34 
81723	10	3	99 28 0 
81827	104	3	99 28 74 
81837	10	3	99 28 0 
82067	230	3	99 28 2c 
82077	10	3	99 28 0 
82160	83	3	99 28 33 
82170	10	3	99 28 0 
82281	111	3	99 28 6c 
82291	10	3	99 28 0 
82523	232	3	99 28 2e 
82533	10	3	99 28 0 
82615	82	3	99 28 2c 
82625	10	3	99 28 0 
82743	118	3	99 28 78 
82753	10	3	99 28 0 
82999	246	3	99 28 7f 
83009	10	3	99 28 0 
83134	125	3	99 28 2d 
83144	10	3	99 28 0 
83237	93	3	99 28 34 
83247	10	3	99 28 0 
83355	108	3	99 28 38 
83365	10	3	99 28 0 
83484	119	3	99 28 7f 
83494	10	3	99 28 0 
83719	225	3	99 28 31 
83729	10	3	99 28 0 
83863	134	3	99 28 7f 
83873	10	3	99 28 0 
84072	199	3	99 28 2e 
84082	10	3	99 28 0 
84168	86	3	99 28 7f 
84178	10	3	99 28 0 
84329	151	3	99 28 2d 
84339	10	3	99 28 0 
86400	2061	3	99 28 2f 
86402	2	1	99 24 7f 
86410	8	3	99 28 0 
86412	2	1	99 24 0 
86637	225	3	99 28 30 
86647	10	3	99 28 0 
86746	99	3	99 28 37 
86756	10	3	99 28 0 
86858	102	3	99 28 7f 
86868	10	3	99 28 0 
87084	216	1	99 24 7f 
87094	10	1	99 24 0 
87132	38	3	99 28 35 
87142	10	3	99 28 0 
87352	210	3	99 28 35 
87362	10	3	99 28 0 
87467	105	3	99 28 33 
87477	10	3	99 28 0 
87591	114	3	99 28 7f 
87601	10	3	99 28 0 
87843	242	3	99 28 2b 
87853	10	3	99 28 0 
87935	82	3	99 28 34 
87945	10	3	99 28 0 
88057	112	3	99 28 7d 
88067	10	3	99 28 0 
88192	125	3	99 28 2a 
88202	10	3	99 28 0 
88303	101	3	99 28 2f 
88313	10	3	99 28 0 
88414	101	3	99 28 30 
88424	10	3	99 28 0 
88542	118	3	99 28 46 
88552	10	3	99 28 0 
88606	54	1	99 24 7f 
88616	10	1	99 24 0 
88818	202	3	99 28 31 
88828	10	3	99 28 0 
88862	34	1	99 24 7f 
88872	10	1	99 24 0 
89051	179	3	99 28 37 
89061	10	3	99 28 0 
89155	94	3	99 28 30 
89165	10	3	99 28 0 
89279	114	3	99 28 7f 
89289	10	3	99 28 0 
89528	239	3	99 28 2a 
89538	10	3	99 28 0 
89662	124	3	99 28 7f 
89672	10	3	99 28 0 
89881	209	3	99 28 2c 
89891	10	3	99 28 0 
89986	95	3	99 28 7f 
89996	10	3	99 28 0 
90163	167	3	99 28 27 
90173	10	3	99 28 0 
90266	93	1	99 24 7f 
90276	10	1	99 24 0 
90321	45	3	99 28 36 
90331	10	3	99 28 0 
90498	167	3	99 28 2f 
90508	10	3	99 28 0 
90607	99	3	99 28 31 
90617	10	3	99 28 0 
90731	114	3	99 28 71 
90741	10	3	99 28 0 
90978	237	1	99 24 7f 
90981	3	3	99 28 33 
90988	7	1	99 24 0 
90991	3	3	99 28 0 
91211	220	3	99 28 32 
91221	10	3	99 28 0 
91319	98	3	99 28 32 
91329	10	3	99 28 0 
91443	114	3	99 28 7f 
91453	10	3	99 28 0 
91691	238	3	99 28 27 
91701	10	3	99 28 0 
91784	83	3	99 28 3b 
91794	10	3	99 28 0 
91909	115	3	99 28 7f 
91919	10	3	99 28 0 
92146	227	3	99 28 34 
92156	10	3	99 28 0 
92240	84	3	99 28 35 
92250	10	3	99 28 0 
92373	123	3	99 28 77 
92383	10	3	99 28 0 
92624	241	3	99 28 7d 
92634	10	3	99 28 0 
92865	231	3	99 28 37 
92875	10	3	99 28 0 
92976	101	3	99 28 34 
92986	10	3	99 28 0 
93096	110	3	99 28 7f 
93106	10	3	99 28 0 
93341	235	3	99 28 36 
93351	10	3	99 28 0 
93484	133	3	99 28 78 
93489	5	2	99 26 23 
93494	5	3	99 28 0 
93499	5	2	99 26 0 
93689	190	3	99 28 2c 
93699	10	3	99 28 0 
93802	103	3	99 28 7b 
93812	10	3	99 28 0 
96000	2188	4	99 2a 4c 
96010	10	4	99 2a 0 
96036	26	1	99 24 7f 
96046	10	1	99 24 0 
96241	195	4	99 2a 3c 
96251	10	4	99 2a 0 
96353	102	3	99 28 45 
96361	8	2	99 26 21 
96363	2	3	99 28 0 
96371	8	2	99 26 0 
96486	115	4	99 2a 5f 
96495	9	1	99 24 7f 
96496	1	4	99 2a 0 
96505	9	1	99 24 0 
96719	214	4	99 2a 3e 
96729	10	4	99 2a 0 
96820	91	3	99 28 41 
96830	10	3	99 28 0 
96952	122	4	99 2a 64 
96962	10	4	99 2a 0 
97013	51	1	99 24 7f 
97023	10	1	99 24 0 
97202	179	3	99 28 7e 
97207	5	2	99 26 22 
97212	5	3	99 28 0 
97217	5	2	99 26 0 
97439	222	4	99 2a 68 
97449	10	4	99 2a 0 
97593	144	3	99 28 2d 
97603	10	3	99 28 0 
97696	93	4	99 2a 3a 
97706	10	4	99 2a 0 
97812	106	3	99 28 3a 
97822	10	3	99 28 0 
97929	107	4	99 2a 7f 
97939	10	4	99 2a 0 
98172	233	1	99 24 7f 
98173	1	4	99 2a 3d 
98182	9	1	99 24 0 
98183	1	4	99 2a 0 
98420	237	1	99 24 7f 
98430	10	1	99 24 0 
98432	2	4	99 2a 3f 
98442	10	4	99 2a 0 
98661	219	4	99 2a 3f 
98671	10	4	99 2a 0 
98756	85	3	99 28 3a 
98766	10	3	99 28 0 
98899	133	3	99 28 7f 
98901	2	2	99 26 21 
98909	8	3	99 28 0 
98911	2	2	99 26 0 
99135	224	3	99 28 31 
99145	10	3	99 28 0 
99257	112	3	99 28 7f 
99267	10	3	99 28 0 
99455	188	3	99 28 31 
99465	10	3	99 28 0 
99588	123	3	99 28 7f 
99598	10	3	99 28 0 
99737	139	3	99 28 2e 
99747	10	3	99 28 0 
99865	118	4	99 2a 51 
99870	5	1	99 24 7f 
99875	5	4	99 2a 0 
99880	5	1	99 24 0 
99998	118	3	99 28 2f 
100008	10	3	99 28 0 
100103	95	4	99 2a 3c 
100113	10	4	99 2a 0 
100212	99	3	99 28 3b 
100222	10	3	99 28 0 
100332	110	4	99 2a 51 
100342	10	4	99 2a 0 
100388	46	1	99 24 7f 
100398	10	1	99 24 0 
100577	179	4	99 2a 3f 
100587	10	4	99 2a 0 
100669	82	3	99 28 3f 
100679	10	3	99 28 0 
100808	129	4	99 2a 57 
100818	10	4	99 2a 0 
100844	26	1	99 24 7f 
100854	10	1	99 24 0 
101066	212	4	99 2a 3c 
101076	10	4	99 2a 0 
101169	93	3	99 28 52 
101178	9	2	99 26 27 
101179	1	3	99 28 0 
101188	9	2	99 26 0 
101347	159	4	99 2a 3e 
101357	10	4	99 2a 0 
101554	197	4	99 2a 41 
101564	10	4	99 2a 0 
101797	233	4	99 2a 48 
101807	10	4	99 2a 0 
101922	115	3	99 28 33 
101932	10	3	99 28 0 
102021	89	4	99 2a 3e 
102031	10	4	99 2a 0 
102138	107	3	99 28 2e 
102148	10	3	99 28 0 
102248	100	4	99 2a 68 
102258	10	4	99 2a 0 
102480	222	4	99 2a 40 
102490	10	4	99 2a 0 
102587	97	3	99 28 3d 
102597	10	3	99 28 0 
102710	113	3	99 28 7f 
102720	10	3	99 28 0 
102841	121	3	99 28 34 
102851	10	3	99 28 0 
102950	99	3	99 28 39 
102960	10	3	99 28 0 
103063	103	3	99 28 3b 
103073	10	3	99 28 0 
103187	114	3	99 28 7f 
103192	5	2	99 26 26 
103197	5	3	99 28 0 
103202	5	2	99 26 0 
103315	113	3	99 28 32 
103325	10	3	99 28 0 
103436	111	3	99 28 3f 
103446	10	3	99 28 0 
103543	97	3	99 28 38 
103553	10	3	99 28 0 
105600	2047	1	99 24 7f 
105602	2	4	99 2a 76 
105610	8	1	99 24 0 
105612	2	4	99 2a 0 
105731	119	3	99 28 29 
105741	10	3	99 28 0 
105836	95	4	99 2a 3d 
105846	10	4	99 2a 0 
105947	101	3	99 28 2c 
105957	10	3	99 28 0 
106066	109	4	99 2a 5c 
106070	4	1	99 24 7f 
106076	6	4	99 2a 0 
106080	4	1	99 24 0 
106197	117	3	99 28 27 
106207	10	3	99 28 0 
106294	87	4	99 2a 40 
106304	10	4	99 2a 0 
106410	106	3	99 28 33 
106420	10	3	99 28 0 
106537	117	1	99 24 7f 
106541	4	4	99 2a 7f 
106547	6	1	99 24 0 
106551	4	4	99 2a 0 
106780	229	3	99 28 66 
106790	10	3	99 28 0 
106810	20	2	99 26 24 
106820	10	2	99 26 0 
107024	204	4	99 2a 43 
107034	10	4	99 2a 0 
107138	104	3	99 28 2a 
107148	10	3	99 28 0 
107264	116	4	99 2a 3f 
107274	10	4	99 2a 0 
107389	115	3	99 28 2f 
107399	10	3	99 28 0 
107517	118	4	99 2a 7f 
107527	10	4	99 2a 0 
107759	232	3	99 28 77 
107769	10	3	99 28 0 
107809	40	2	99 26 21 
107819	10	2	99 26 0 
107893	74	3	99 28 23 
107903	10	3	99 28 0 
108011	108	3	99 28 77 
108013	2	2	99 26 24 
108021	8	3	99 28 0 
108023	2	2	99 26 0 
108241	218	3	99 28 34 
108251	10	3	99 28 0 
108352	101	3	99 28 35 
108362	10	3	99 28 0 
108485	123	3	99 28 7c 
108495	10	3	99 28 0 
108722	227	3	99 28 2d 
108732	10	3	99 28 0 
108844	112	3	99 28 72 
108854	10	3	99 28 0 
109054	200	3	99 28 2a 
109064	10	3	99 28 0 
109172	108	3	99 28 7d 
109176	4	2	99 26 20 
109182	6	3	99 28 0 
109186	4	2	99 26 0 
109318	132	3	99 28 2c 
109328	10	3	99 28 0 
109453	125	1	99 24 7f 
109455	2	4	99 2a 4b 
109463	8	1	99 24 0 
109465	2	4	99 2a 0 
109697	232	4	99 2a 3a 
109707	10	4	99 2a 0 
109793	86	3	99 28 2c 
109803	10	3	99 28 0 
109918	115	1	99 24 7f 
109928	10	1	99 24 0 
109981	53	4	99 2a 61 
109991	10	4	99 2a 0 
110164	173	4	99 2a 3f 
110174	10	4	99 2a 0 
110263	89	3	99 28 31 
110273	10	3	99 28 0 
110395	122	1	99 24 7f 
110399	4	4	99 2a 7f 
110405	6	1	99 24 0 
110409	4	4	99 2a 0 
110638	229	3	99 28 79 
110643	5	2	99 26 26 
110648	5	3	99 28 0 
110653	5	2	99 26 0 
110870	217	4	99 2a 6b 
110880	10	4	99 2a 0 
110976	96	3	99 28 26 
110986	10	3	99 28 0 
111122	136	4	99 2a 3c 
111132	10	4	99 2a 0 
111219	87	3	99 28 30 
111229	10	3	99 28 0 
111360	131	4	99 2a 7f 
111370	10	4	99 2a 0 
111590	220	1	99 24 7f 
111600	10	1	99 24 0 
111630	30	4	99 2a 3f 
111640	10	4	99 2a 0 
111845	205	1	99 24 7f 
111848	3	4	99 2a 7f 
111855	7	1	99 24 0 
111858	3	4	99 2a 0 
112084	226	4	99 2a 40 
112094	10	4	99 2a 0 
112191	97	3	99 28 33 
112201	10	3	99 28 0 
112319	118	3	99 28 7e 
112323	4	2	99 26 21 
112329	6	3	99 28 0 
112333	4	2	99 26 0 
112550	217	3	99 28 2a 
112560	10	3	99 28 0 
112677	117	3	99 28 7b 
112683	6	2	99 26 22 
112687	4	3	99 28 0 
112693	6	2	99 26 0 
112874	181	3	99 28 2c 
112884	10	3	99 28 0 
113004	120	3	99 28 72 
113014	10	3	99 28 0 
115200	2186	2	99 26 7d 
115210	10	2	99 26 0 
115269	59	1	99 24 7f 
115279	10	1	99 24 0 
115446	167	4	99 2a 40 
115456	10	4	99 2a 0 
115564	108	4	99 2a 3f 
115574	10	4	99 2a 0 
115677	103	4	99 2a 5d 
115685	8	1	99 24 7f 
115687	2	4	99 2a 0 
115695	8	1	99 24 0 
115938	243	4	99 2a 3c 
115948	10	4	99 2a 0 
116037	89	4	99 2a 3c 
116047	10	4	99 2a 0 
116157	110	1	99 24 7f 
116167	10	1	99 24 0 
116188	21	4	99 2a 7f 
116198	10	4	99 2a 0 
116423	225	4	99 2a 3d 
116433	10	4	99 2a 0 
116522	89	4	99 2a 3c 
116532	10	4	99 2a 0 
116649	117	1	99 24 7f 
116653	4	4	99 2a 78 
116659	6	1	99 24 0 
116663	4	4	99 2a 0 
116896	233	4	99 2a 3c 
116906	10	4	99 2a 0 
116996	90	4	99 2a 3f 
117006	10	4	99 2a 0 
117124	118	1	99 24 7f 
117128	4	4	99 2a 7f 
117134	6	1	99 24 0 
117138	4	4	99 2a 0 
117368	230	4	99 2a 43 
117378	10	4	99 2a 0 
117485	107	4	99 2a 3e 
117495	10	4	99 2a 0 
117601	106	4	99 2a 54 
117606	5	1	99 24 7f 
117611	5	4	99 2a 0 
117616	5	1	99 24 0 
117837	221	4	99 2a 40 
117847	10	4	99 2a 0 
117947	100	4	99 2a 3e 
117957	10	4	99 2a 0 
118070	113	4	99 2a 7f 
118080	10	4	99 2a 0 
118096	16	1	99 24 7f 
118106	10	1	99 24 0 
118314	208	4	99 2a 40 
118324	10	4	99 2a 0 
118431	107	4	99 2a 3e 
118441	10	4	99 2a 0 
118554	113	4	99 2a 7f 
118564	10	4	99 2a 0 
118578	14	1	99 24 7f 
118588	10	1	99 24 0 
118684	96	4	99 2a 3d 
118694	10	4	99 2a 0 
118798	104	4	99 2a 40 
118808	10	4	99 2a 0 
118918	110	4	99 2a 3d 
118928	10	4	99 2a 0 
119045	117	1	99 24 7f 
119048	3	4	99 2a 4c 
119055	7	1	99 24 0 
119058	3	4	99 2a 0 
119279	221	1	99 24 7d 
119286	7	4	99 2a 3d 
119289	3	1	99 24 0 
119296	7	4	99 2a 0 
119507	211	1	99 24 7d 
119517	10	1	99 24 0 
119524	7	4	99 2a 41 
119534	10	4	99 2a 0 
119733	199	1	99 24 74 
119743	10	1	99 24 0 
119766	23	4	99 2a 3e 
119776	10	4	99 2a 0 
119972	196	1	99 24 7f 
119982	10	1	99 24 0 
120008	26	4	99 2a 55 
120018	10	4	99 2a 0 
120211	193	1	99 24 7f 
120221	10	1	99 24 0 
120240	19	4	99 2a 41 
120250	10	4	99 2a 0 
120451	201	1	99 24 7f 
120461	10	1	99 24 0 
120493	32	4	99 2a 42 
120503	10	4	99 2a 0 
120694	191	1	99 24 7f 
120700	6	4	99 2a 3f 
120704	4	1	99 24 0 
120710	6	4	99 2a 0 
120932	222	1	99 24 7f 
120936	4	4	99 2a 3f 
120942	6	1	99 24 0 
120946	4	4	99 2a 0 
121176	230	1	99 24 7f 
121178	2	4	99 2a 41 
121186	8	1	99 24 0 
121188	2	4	99 2a 0 
121416	228	4	99 2a 4f 
121420	4	1	99 24 7f 
121426	6	4	99 2a 0 
121430	4	1	99 24 0 
121653	223	4	99 2a 4f 
121656	3	1	99 24 7f 
121663	7	4	99 2a 0 
121666	3	1	99 24 0 
121889	223	4	99 2a 40 
121897	8	1	99 24 7f 
121899	2	4	99 2a 0 
121907	8	1	99 24 0 
122151	244	1	99 24 7f 
122159	8	4	99 2a 56 
122161	2	1	99 24 0 
122169	8	4	99 2a 0 
122169	0	4	ff 2f 0 
124800	2631	3	99 28 59 
124810	10	3	99 28 0 
125052	242	3	99 28 52 
125062	10	3	99 28 0 
125300	238	3	99 28 4f 
125310	10	3	99 28 0 
125542	232	3	99 28 4f 
125552	10	3	99 28 0 
125774	222	3	99 28 54 
125784	10	3	99 28 0 
126016	232	3	99 28 57 
126026	10	3	99 28 0 
126251	225	3	99 28 52 
126261	10	3	99 28 0 
126493	232	3	99 28 57 
126503	10	3	99 28 0 
126739	236	3	99 28 76 
126749	10	3	99 28 0 
126787	38	3	99 28 2c 
126797	10	3	99 28 0 
126999	202	3	99 28 4c 
127009	10	3	99 28 0 
127235	226	3	99 28 50 
127245	10	3	99 28 0 
127468	223	3	99 28 57 
127478	10	3	99 28 0 
127716	238	3	99 28 57 
127726	10	3	99 28 0 
127962	236	3	99 28 61 
127972	10	3	99 28 0 
128197	225	3	99 28 56 
128207	10	3	99 28 0 
128424	217	3	99 28 5e 
128434	10	3	99 28 0 
128667	233	3	99 28 54 
128677	10	3	99 28 0 
128892	215	3	99 28 5c 
128902	10	3	99 28 0 
129117	215	3	99 28 5d 
129127	10	3	99 28 0 
129344	217	3	99 28 55 
129354	10	3	99 28 0 
129488	134	3	99 28 51 
129498	10	3	99 28 0 
129587	89	3	99 28 7d 
129595	8	2	99 26 1f 
129597	2	3	99 28 0 
129605	8	2	99 26 0 
129829	224	3	99 28 7f 
129839	10	3	99 28 0 
129839	0	2	99 26 24 
129849	10	2	99 26 0 
130072	223	3	99 28 6c 
130082	10	3	99 28 0 
130184	102	3	99 28 7f 
130191	7	2	99 26 23 
130194	3	3	99 28 0 
130194	0	3	ff 2f 0 
130201	7	2	99 26 0 
130293	92	2	99 26 69 
130303	10	2	99 26 0 
130303	0	2	ff 2f 0 
132480	2177	9	99 33 53 
132483	3	1	99 24 7f 
132490	7	9	99 33 0 
132493	3	1	99 24 0 
132709	216	9	99 33 40 
132719	10	9	99 33 0 
132947	228	7	99 30 7f 
132957	10	7	99 30 0 
133176	219	9	99 33 36 
133186	10	9	99 33 0 
133217	31	1	99 24 7f 
133227	10	1	99 24 0 
133414	187	11	99 35 65 
133424	10	11	99 35 0 
133663	239	7	99 30 7f 
133673	10	7	99 30 0 
133905	232	9	99 33 45 
133908	3	1	99 24 7f 
133915	7	9	99 33 0 
133918	3	1	99 24 0 
134141	223	9	99 33 37 
134151	10	9	99 33 0 
134386	235	11	99 35 68 
134396	10	11	99 35 0 
134418	22	1	99 24 7f 
134428	10	1	99 24 0 
134631	203	9	99 33 32 
134641	10	9	99 33 0 
134858	217	7	99 30 7f 
134866	8	5	99 2c 7f 
134868	2	7	99 30 0 
134876	8	5	99 2c 0 
135079	203	9	99 33 32 
135089	10	9	99 33 0 
135128	39	1	99 24 50 
135138	10	1	99 24 0 
135318	180	9	99 33 4f 
135328	10	9	99 33 0 
135581	253	7	99 30 7f 
135591	10	7	99 30 0 
136320	729	9	99 33 53 
136323	3	1	99 24 7f 
136330	7	9	99 33 0 
136333	3	1	99 24 0 
136549	216	9	99 33 40 
136559	10	9	99 33 0 
136787	228	7	99 30 7f 
136797	10	7	99 30 0 
137016	219	9	99 33 36 
137026	10	9	99 33 0 
137057	31	1	99 24 7f 
137067	10	1	99 24 0 
137254	187	11	99 35 65 
137264	10	11	99 35 0 
137503	239	7	99 30 7f 
137513	10	7	99 30 0 
137745	232	9	99 33 45 
137748	3	1	99 24 7f 
137755	7	9	99 33 0 
137758	3	1	99 24 0 
137981	223	9	99 33 37 
137991	10	9	99 33 0 
138226	235	11	99 35 68 
138236	10	11	99 35 0 
138236	0	11	ff 2f 0 
138258	22	1	99 24 7f 
138268	10	1	99 24 0 
138471	203	9	99 33 32 
138481	10	9	99 33 0 
138698	217	7	99 30 7f 
138706	8	5	99 2c 7f 
138708	2	7	99 30 0 
138716	8	5	99 2c 0 
138716	0	5	ff 2f 0 
138919	203	9	99 33 32 
138929	10	9	99 33 0 
138968	39	1	99 24 50 
138978	10	1	99 24 0 
138978	0	1	ff 2f 0 
139158	180	9	99 33 4f 
139168	10	9	99 33 0 
139168	0	9	ff 2f 0 
139421	253	7	99 30 7f 
139431	10	7	99 30 0 
139431	0	7	ff 2f 0 
