TPQ: 96
TRACKS: 10
0	0	0	ff 3 7 43 6f 6e 64 75 63 74 
0	0	0	ff 51 3 4 93 e0 
0	0	1	ff 3 8 43 6c 61 72 69 6e 65 74 
0	0	2	ff 3 a 50 69 61 6e 6f 20 2d 20 52 48 
0	0	3	ff 3 a 50 69 61 6e 6f 20 2d 20 4c 48 
0	0	4	ff 3 16 22 46 6c 69 67 68 74 20 6f 66 20 74 68 65 20 42 75 6d 62 6c 65 2d 
0	0	5	ff 3 10 42 65 65 22 20 62 79 20 52 69 6d 73 6b 79 20 2d 
0	0	6	ff 3 b 4b 6f 72 73 61 6b 6f 66 66 22 20 
0	0	7	ff 3 16 53 65 71 75 65 6e 63 65 64 20 66 6f 72 20 43 6c 61 72 69 6e 65 74 
0	0	8	ff 3 11 20 20 20 20 20 20 20 61 6e 64 20 50 69 61 6e 6f 20 
0	0	9	ff 3 12 62 79 20 4c 61 72 72 79 20 4d 2e 20 43 6f 6e 6c 65 79 
0	0	1	b0 7 64 
0	0	1	c0 47 
0	0	2	c1 0 
0	0	2	b1 7 50 
0	0	3	c2 0 
0	0	3	b2 7 50 
0	0	9	ff 2f 0 
0	0	8	ff 2f 0 
0	0	7	ff 2f 0 
0	0	6	ff 2f 0 
0	0	5	ff 2f 0 
0	0	4	ff 2f 0 
0	0	0	ff 2f 0 
192	192	3	b2 7 50 
192	0	3	c2 0 
192	0	3	92 3e 6e 
192	0	3	92 42 6e 
192	0	3	92 45 6e 
192	0	3	92 4a 6e 
192	0	2	91 56 7f 
216	24	2	91 56 0 
216	0	2	91 55 7f 
240	24	2	91 55 0 
240	0	2	91 54 7f 
264	24	2	91 54 0 
264	0	2	91 53 7f 
288	24	2	91 53 0 
288	0	2	91 54 7f 
312	24	2	91 54 0 
312	0	2	91 53 7f 
336	24	2	91 53 0 
336	0	2	91 52 7f 
360	24	2	91 52 0 
360	0	2	91 51 7f 
384	24	2	91 51 0 
384	0	2	91 52 7f 
408	24	2	91 52 0 
408	0	2	91 51 7f 
432	24	2	91 51 0 
432	0	2	91 50 7f 
456	24	2	91 50 0 
456	0	2	91 4f 7f 
480	24	2	91 4f 0 
480	0	2	91 4e 7f 
504	24	2	91 4e 0 
504	0	2	91 4d 7f 
528	24	2	91 4d 0 
528	0	2	91 4c 7f 
552	24	2	91 4c 0 
552	0	2	91 4b 7f 
576	24	3	92 4a 0 
576	0	3	92 45 0 
576	0	3	92 42 0 
576	0	3	92 3e 0 
576	0	2	91 4b 0 
576	0	3	92 32 6e 
576	0	3	92 36 6e 
576	0	3	92 39 6e 
576	0	3	92 3c 6e 
576	0	2	91 4a 7f 
600	24	2	91 4a 0 
600	0	2	91 49 7f 
624	24	2	91 49 0 
624	0	2	91 48 7f 
648	24	2	91 48 0 
648	0	2	91 47 7f 
672	24	2	91 47 0 
672	0	2	91 48 7f 
696	24	2	91 48 0 
696	0	2	91 47 7f 
720	24	2	91 47 0 
720	0	2	91 46 7f 
744	24	2	91 46 0 
744	0	2	91 45 7f 
768	24	2	91 45 0 
768	0	2	91 46 7f 
792	24	2	91 46 0 
792	0	2	91 45 7f 
816	24	2	91 45 0 
816	0	2	91 44 7f 
840	24	2	91 44 0 
840	0	2	91 43 7f 
864	24	2	91 43 0 
864	0	2	91 42 7f 
888	24	2	91 42 0 
888	0	2	91 41 7f 
912	24	2	91 41 0 
912	0	2	91 40 7f 
936	24	2	91 40 0 
936	0	2	91 3f 7f 
960	24	3	92 3c 0 
960	0	3	92 39 0 
960	0	3	92 36 0 
960	0	3	92 32 0 
960	0	2	91 3f 0 
960	0	3	92 2b 64 
960	0	3	92 37 64 
960	0	2	91 3a 6e 
960	0	2	91 3e 6e 
960	0	1	90 4a 46 
968	8	3	92 2b 0 
984	16	2	91 3e 0 
984	0	2	91 3a 0 
984	0	1	90 4a 0 
984	0	1	90 49 46 
1008	24	3	92 37 0 
1008	0	1	90 49 0 
1008	0	1	90 48 46 
1032	24	1	90 48 0 
1032	0	1	90 47 46 
1056	24	1	90 47 0 
1056	0	1	90 46 46 
1080	24	1	90 46 0 
1080	0	1	90 4b 46 
1104	24	1	90 4b 0 
1104	0	1	90 4a 46 
1128	24	1	90 4a 0 
1128	0	1	90 49 46 
1152	24	1	90 49 0 
1152	0	3	92 2b 64 
1152	0	3	92 37 64 
1152	0	2	91 3a 6e 
1152	0	2	91 3e 6e 
1152	0	1	90 4a 46 
1160	8	3	92 2b 0 
1176	16	2	91 3e 0 
1176	0	2	91 3a 0 
1176	0	1	90 4a 0 
1176	0	1	90 49 46 
1200	24	3	92 37 0 
1200	0	1	90 49 0 
1200	0	1	90 48 46 
1224	24	1	90 48 0 
1224	0	1	90 47 46 
1248	24	1	90 47 0 
1248	0	3	92 33 64 
1248	0	3	92 37 64 
1248	0	2	91 3a 6e 
1248	0	2	91 3f 6e 
1248	0	1	90 46 46 
1256	8	3	92 33 0 
1272	16	2	91 3f 0 
1272	0	2	91 3a 0 
1272	0	1	90 46 0 
1272	0	1	90 47 46 
1296	24	3	92 37 0 
1296	0	1	90 47 0 
1296	0	1	90 48 46 
1320	24	1	90 48 0 
1320	0	1	90 49 46 
1344	24	1	90 49 0 
1344	0	3	92 2b 64 
1344	0	3	92 37 64 
1344	0	2	91 3a 6e 
1344	0	2	91 3e 6e 
1344	0	1	90 4a 46 
1368	24	2	91 3e 0 
1368	0	2	91 3a 0 
1368	0	1	90 4a 0 
1368	0	1	90 49 46 
1392	24	3	92 37 0 
1392	0	3	92 2b 0 
1392	0	1	90 49 0 
1392	0	1	90 48 46 
1416	24	1	90 48 0 
1416	0	1	90 47 46 
1440	24	1	90 47 0 
1440	0	1	90 46 46 
1464	24	1	90 46 0 
1464	0	1	90 4b 46 
1488	24	1	90 4b 0 
1488	0	1	90 4a 46 
1512	24	1	90 4a 0 
1512	0	1	90 49 46 
1536	24	1	90 49 0 
1536	0	3	92 2b 64 
1536	0	3	92 37 64 
1536	0	2	91 3e 6e 
1536	0	2	91 3a 6e 
1536	0	1	90 4a 46 
1560	24	2	91 3a 0 
1560	0	2	91 3e 0 
1560	0	1	90 4a 0 
1560	0	1	90 49 46 
1584	24	1	90 49 0 
1584	0	1	90 48 46 
1608	24	1	90 48 0 
1608	0	1	90 47 46 
1632	24	3	92 37 0 
1632	0	3	92 2b 0 
1632	0	1	90 47 0 
1632	0	3	92 33 64 
1632	0	3	92 37 64 
1632	0	2	91 3a 6e 
1632	0	2	91 3f 6e 
1632	0	1	90 46 46 
1656	24	2	91 3f 0 
1656	0	2	91 3a 0 
1656	0	1	90 46 0 
1656	0	1	90 47 46 
1680	24	1	90 47 0 
1680	0	1	90 48 46 
1704	24	1	90 48 0 
1704	0	1	90 49 46 
1728	24	3	92 37 0 
1728	0	3	92 33 0 
1728	0	1	90 49 0 
1728	0	3	92 2b 64 
1728	0	3	92 37 64 
1728	0	2	91 3a 6e 
1728	0	2	91 3e 6e 
1728	0	1	90 4a 46 
1752	24	2	91 3e 0 
1752	0	2	91 3a 0 
1752	0	1	90 4a 0 
1752	0	1	90 49 46 
1776	24	1	90 49 0 
1776	0	1	90 48 46 
1800	24	1	90 48 0 
1800	0	1	90 47 46 
1824	24	3	92 37 0 
1824	0	3	92 2b 0 
1824	0	1	90 47 0 
1824	0	3	92 33 64 
1824	0	3	92 37 64 
1824	0	2	91 3c 6e 
1824	0	2	91 3f 6e 
1824	0	1	90 48 46 
1848	24	2	91 3f 0 
1848	0	2	91 3c 0 
1848	0	1	90 48 0 
1848	0	1	90 47 46 
1872	24	1	90 47 0 
1872	0	1	90 46 46 
1896	24	1	90 46 0 
1896	0	1	90 45 46 
1920	24	3	92 37 0 
1920	0	3	92 33 0 
1920	0	1	90 45 0 
1920	0	3	92 2b 64 
1920	0	3	92 37 64 
1920	0	2	91 3a 6e 
1920	0	2	91 3e 6e 
1920	0	1	90 46 46 
1944	24	2	91 3e 0 
1944	0	2	91 3a 0 
1944	0	1	90 46 0 
1944	0	1	90 47 46 
1968	24	1	90 47 0 
1968	0	1	90 48 46 
1992	24	1	90 48 0 
1992	0	1	90 49 46 
2016	24	3	92 37 0 
2016	0	3	92 2b 0 
2016	0	1	90 49 0 
2016	0	3	92 36 64 
2016	0	3	92 32 64 
2016	0	2	91 39 6e 
2016	0	2	91 3c 6e 
2016	0	1	90 4a 46 
2040	24	2	91 3c 0 
2040	0	2	91 39 0 
2040	0	1	90 4a 0 
2040	0	1	90 4b 46 
2064	24	1	90 4b 0 
2064	0	1	90 4a 46 
2088	24	1	90 4a 0 
2112	24	3	92 32 0 
2112	0	3	92 36 0 
2112	0	3	92 2b 64 
2112	0	3	92 37 64 
2112	0	2	91 3a 6e 
2112	0	2	91 3e 6e 
2112	0	1	90 4a 46 
2136	24	2	91 3e 0 
2136	0	2	91 3a 0 
2136	0	1	90 4a 0 
2136	0	1	90 49 46 
2160	24	1	90 49 0 
2160	0	1	90 48 46 
2184	24	1	90 48 0 
2184	0	1	90 47 46 
2208	24	3	92 37 0 
2208	0	3	92 2b 0 
2208	0	1	90 47 0 
2208	0	3	92 33 64 
2208	0	3	92 37 64 
2208	0	2	91 3c 6e 
2208	0	2	91 3f 6e 
2208	0	1	90 48 46 
2232	24	2	91 3f 0 
2232	0	2	91 3c 0 
2232	0	1	90 48 0 
2232	0	1	90 47 46 
2256	24	1	90 47 0 
2256	0	1	90 46 46 
2280	24	1	90 46 0 
2280	0	1	90 45 46 
2304	24	3	92 37 0 
2304	0	3	92 33 0 
2304	0	1	90 45 0 
2304	0	3	92 2b 64 
2304	0	3	92 37 64 
2304	0	2	91 3a 6e 
2304	0	2	91 3e 6e 
2304	0	1	90 46 46 
2328	24	2	91 3e 0 
2328	0	2	91 3a 0 
2328	0	1	90 46 0 
2328	0	1	90 47 46 
2352	24	1	90 47 0 
2352	0	1	90 48 46 
2376	24	1	90 48 0 
2376	0	1	90 49 46 
2400	24	3	92 37 0 
2400	0	3	92 2b 0 
2400	0	1	90 49 0 
2400	0	3	92 2b 64 
2400	0	3	92 37 64 
2400	0	2	91 3b 6e 
2400	0	2	91 41 6e 
2400	0	1	90 4a 46 
2424	24	2	91 41 0 
2424	0	2	91 3b 0 
2424	0	1	90 4a 0 
2424	0	1	90 4c 46 
2448	24	1	90 4c 0 
2448	0	1	90 4d 46 
2472	24	1	90 4d 0 
2496	24	3	92 37 0 
2496	0	3	92 2b 0 
2496	0	3	92 30 64 
2496	0	3	92 3c 64 
2496	0	2	91 3f 6e 
2496	0	2	91 43 6e 
2496	0	1	90 4f 64 
2520	24	2	91 43 0 
2520	0	2	91 3f 0 
2520	0	1	90 4f 0 
2520	0	1	90 4e 64 
2544	24	1	90 4e 0 
2544	0	1	90 4d 64 
2568	24	1	90 4d 0 
2568	0	1	90 4c 64 
2592	24	3	92 3c 0 
2592	0	3	92 30 0 
2592	0	1	90 4c 0 
2592	0	1	90 4b 64 
2616	24	1	90 4b 0 
2616	0	1	90 50 64 
2640	24	1	90 50 0 
2640	0	1	90 4f 64 
2664	24	1	90 4f 0 
2664	0	1	90 4e 64 
2688	24	1	90 4e 0 
2688	0	3	92 30 64 
2688	0	3	92 3c 64 
2688	0	2	91 3f 6e 
2688	0	2	91 43 6e 
2688	0	1	90 4f 64 
2712	24	2	91 43 0 
2712	0	2	91 3f 0 
2712	0	1	90 4f 0 
2712	0	1	90 4e 64 
2736	24	1	90 4e 0 
2736	0	1	90 4d 64 
2760	24	1	90 4d 0 
2760	0	1	90 4c 64 
2784	24	3	92 3c 0 
2784	0	3	92 30 0 
2784	0	1	90 4c 0 
2784	0	3	92 38 64 
2784	0	3	92 3c 64 
2784	0	2	91 3f 6e 
2784	0	2	91 44 6e 
2784	0	1	90 4b 64 
2808	24	2	91 44 0 
2808	0	2	91 3f 0 
2808	0	1	90 4b 0 
2808	0	1	90 4c 64 
2832	24	1	90 4c 0 
2832	0	1	90 4d 64 
2856	24	1	90 4d 0 
2856	0	1	90 4e 64 
2880	24	3	92 3c 0 
2880	0	3	92 38 0 
2880	0	1	90 4e 0 
2880	0	3	92 30 64 
2880	0	3	92 3c 64 
2880	0	2	91 3f 6e 
2880	0	2	91 43 6e 
2880	0	1	90 4f 64 
2904	24	2	91 43 0 
2904	0	2	91 3f 0 
2904	0	1	90 4f 0 
2904	0	1	90 4e 64 
2928	24	1	90 4e 0 
2928	0	1	90 4d 64 
2952	24	1	90 4d 0 
2952	0	1	90 4c 64 
2976	24	3	92 3c 0 
2976	0	3	92 30 0 
2976	0	1	90 4c 0 
2976	0	1	90 4b 64 
3000	24	1	90 4b 0 
3000	0	1	90 50 64 
3024	24	1	90 50 0 
3024	0	1	90 4f 64 
3048	24	1	90 4f 0 
3048	0	1	90 4e 64 
3072	24	1	90 4e 0 
3072	0	3	92 30 64 
3072	0	3	92 3c 64 
3072	0	2	91 3f 6e 
3072	0	2	91 43 6e 
3072	0	1	90 4f 64 
3096	24	2	91 43 0 
3096	0	2	91 3f 0 
3096	0	1	90 4f 0 
3096	0	1	90 4e 64 
3120	24	1	90 4e 0 
3120	0	1	90 4d 64 
3144	24	1	90 4d 0 
3144	0	1	90 4c 64 
3168	24	3	92 3c 0 
3168	0	3	92 30 0 
3168	0	1	90 4c 0 
3168	0	3	92 38 64 
3168	0	3	92 3c 64 
3168	0	2	91 3f 6e 
3168	0	2	91 44 6e 
3168	0	1	90 4b 64 
3192	24	2	91 44 0 
3192	0	2	91 3f 0 
3192	0	1	90 4b 0 
3192	0	1	90 4c 64 
3216	24	1	90 4c 0 
3216	0	1	90 4d 64 
3240	24	1	90 4d 0 
3240	0	1	90 4e 64 
3264	24	3	92 3c 0 
3264	0	3	92 38 0 
3264	0	1	90 4e 0 
3264	0	3	92 30 64 
3264	0	3	92 3c 64 
3264	0	2	91 3f 6e 
3264	0	2	91 43 6e 
3264	0	1	90 4f 64 
3288	24	2	91 43 0 
3288	0	2	91 3f 0 
3288	0	1	90 4f 0 
3288	0	1	90 4e 64 
3312	24	1	90 4e 0 
3312	0	1	90 4d 64 
3336	24	1	90 4d 0 
3336	0	1	90 4c 64 
3360	24	3	92 3c 0 
3360	0	3	92 30 0 
3360	0	1	90 4c 0 
3360	0	3	92 38 64 
3360	0	3	92 3c 64 
3360	0	2	91 3f 6e 
3360	0	2	91 44 6e 
3360	0	1	90 4d 64 
3384	24	2	91 44 0 
3384	0	2	91 3f 0 
3384	0	1	90 4d 0 
3384	0	1	90 4c 64 
3408	24	1	90 4c 0 
3408	0	1	90 4b 64 
3432	24	1	90 4b 0 
3432	0	1	90 4a 64 
3456	24	3	92 3c 0 
3456	0	3	92 38 0 
3456	0	1	90 4a 0 
3456	0	3	92 30 64 
3456	0	3	92 3c 64 
3456	0	2	91 3f 6e 
3456	0	2	91 43 6e 
3456	0	1	90 4b 64 
3480	24	2	91 43 0 
3480	0	2	91 3f 0 
3480	0	1	90 4b 0 
3480	0	1	90 4c 64 
3480	0	1	90 4c 64 
3504	24	1	90 4c 0 
3504	0	1	90 4c 0 
3504	0	1	90 4d 64 
3504	0	1	90 4d 64 
3528	24	1	90 4d 0 
3528	0	1	90 4d 0 
3528	0	1	90 4e 64 
3552	24	3	92 3c 0 
3552	0	3	92 30 0 
3552	0	1	90 4e 0 
3552	0	3	92 37 64 
3552	0	3	92 3b 64 
3552	0	2	91 3e 6e 
3552	0	2	91 41 6e 
3552	0	1	90 4f 64 
3576	24	2	91 41 0 
3576	0	2	91 3e 0 
3576	0	1	90 4f 0 
3576	0	1	90 50 64 
3600	24	1	90 50 0 
3600	0	1	90 4f 64 
3624	24	1	90 4f 0 
3648	24	3	92 3b 0 
3648	0	3	92 37 0 
3648	0	3	92 30 64 
3648	0	3	92 3c 64 
3648	0	2	91 3f 6e 
3648	0	2	91 43 6e 
3648	0	1	90 4f 64 
3672	24	2	91 43 0 
3672	0	2	91 3f 0 
3672	0	1	90 4f 0 
3672	0	1	90 4e 64 
3696	24	1	90 4e 0 
3696	0	1	90 4d 64 
3720	24	1	90 4d 0 
3720	0	1	90 4c 64 
3744	24	3	92 3c 0 
3744	0	3	92 30 0 
3744	0	1	90 4c 0 
3744	0	3	92 38 64 
3744	0	3	92 3c 64 
3744	0	2	91 3f 6e 
3744	0	2	91 44 6e 
3744	0	1	90 4d 64 
3768	24	2	91 44 0 
3768	0	2	91 3f 0 
3768	0	1	90 4d 0 
3768	0	1	90 4c 64 
3792	24	1	90 4c 0 
3792	0	1	90 4b 64 
3816	24	1	90 4b 0 
3816	0	1	90 4a 64 
3840	24	3	92 3c 0 
3840	0	3	92 38 0 
3840	0	1	90 4a 0 
3840	0	3	92 30 64 
3840	0	3	92 3c 64 
3840	0	2	91 3f 6e 
3840	0	2	91 43 6e 
3840	0	1	90 4b 64 
3864	24	2	91 43 0 
3864	0	2	91 3f 0 
3864	0	1	90 4b 0 
3864	0	1	90 4b 64 
3888	24	1	90 4b 0 
3888	0	1	90 4c 64 
3912	24	1	90 4c 0 
3912	0	1	90 4d 64 
3936	24	3	92 3c 0 
3936	0	3	92 30 0 
3936	0	1	90 4d 0 
3936	0	3	92 37 64 
3936	0	3	92 3b 64 
3936	0	2	91 3e 6e 
3936	0	2	91 41 6e 
3936	0	1	90 4f 64 
3960	24	2	91 41 0 
3960	0	2	91 3e 0 
3960	0	1	90 4f 0 
3960	0	1	90 50 64 
3984	24	1	90 50 0 
3984	0	1	90 4f 64 
4008	24	1	90 4f 0 
4032	24	3	92 3b 0 
4032	0	3	92 37 0 
4032	0	3	92 24 64 
4032	0	3	92 2b 64 
4032	0	3	92 33 64 
4032	0	2	91 43 78 
4056	24	2	91 43 0 
4056	0	2	91 4f 78 
4080	24	2	91 4f 0 
4080	0	2	91 43 78 
4104	24	2	91 43 0 
4104	0	2	91 4f 78 
4128	24	3	92 33 0 
4128	0	3	92 2b 0 
4128	0	3	92 24 0 
4128	0	2	91 4f 0 
4128	0	2	91 43 78 
4152	24	2	91 43 0 
4152	0	2	91 4f 78 
4176	24	2	91 4f 0 
4176	0	2	91 43 78 
4200	24	2	91 43 0 
4200	0	2	91 4f 78 
4224	24	2	91 4f 0 
4224	0	3	92 26 64 
4224	0	3	92 30 64 
4224	0	3	92 36 64 
4224	0	2	91 44 78 
4248	24	2	91 44 0 
4248	0	2	91 4e 78 
4272	24	2	91 4e 0 
4272	0	2	91 44 78 
4296	24	2	91 44 0 
4296	0	2	91 4e 78 
4320	24	2	91 4e 0 
4320	0	2	91 44 78 
4344	24	2	91 44 0 
4344	0	2	91 4e 78 
4368	24	2	91 4e 0 
4368	0	2	91 44 78 
4392	24	2	91 44 0 
4392	0	2	91 4e 78 
4416	24	3	92 36 0 
4416	0	3	92 30 0 
4416	0	3	92 26 0 
4416	0	2	91 4e 0 
4416	0	3	92 2b 64 
4416	0	3	92 34 64 
4416	0	3	92 24 64 
4416	0	2	91 43 78 
4440	24	2	91 43 0 
4440	0	2	91 4f 78 
4464	24	2	91 4f 0 
4464	0	2	91 43 78 
4488	24	2	91 43 0 
4488	0	2	91 4f 78 
4512	24	3	92 24 0 
4512	0	3	92 34 0 
4512	0	3	92 2b 0 
4512	0	2	91 4f 0 
4512	0	2	91 43 78 
4536	24	2	91 43 0 
4536	0	2	91 4f 78 
4560	24	2	91 4f 0 
4560	0	2	91 43 78 
4584	24	2	91 43 0 
4584	0	2	91 4f 78 
4608	24	2	91 4f 0 
4608	0	3	92 38 64 
4608	0	3	92 30 64 
4608	0	3	92 34 64 
4608	0	2	91 44 78 
4632	24	2	91 44 0 
4632	0	2	91 4e 78 
4656	24	2	91 4e 0 
4656	0	2	91 44 78 
4680	24	2	91 44 0 
4680	0	2	91 4e 78 
4704	24	2	91 4e 0 
4704	0	2	91 44 78 
4728	24	2	91 44 0 
4728	0	2	91 4e 78 
4752	24	2	91 4e 0 
4752	0	2	91 44 78 
4776	24	2	91 44 0 
4776	0	2	91 4e 78 
4800	24	3	92 34 0 
4800	0	3	92 30 0 
4800	0	3	92 38 0 
4800	0	2	91 4e 0 
4800	0	3	92 2b 64 
4800	0	3	92 2f 64 
4800	0	3	92 35 64 
4800	0	2	91 4f 6e 
4800	0	1	90 37 64 
4824	24	2	91 4f 0 
4824	0	1	90 37 0 
4824	0	1	90 38 64 
4848	24	3	92 35 0 
4848	0	3	92 2f 0 
4848	0	3	92 2b 0 
4848	0	1	90 38 0 
4848	0	1	90 37 64 
4872	24	1	90 37 0 
4872	0	1	90 36 64 
4896	24	1	90 36 0 
4896	0	3	92 2b 64 
4896	0	3	92 34 64 
4896	0	2	91 37 6e 
4896	0	2	91 3a 6e 
4896	0	2	91 3d 6e 
4896	0	1	90 37 64 
4920	24	2	91 3d 0 
4920	0	2	91 3a 0 
4920	0	2	91 37 0 
4920	0	1	90 37 0 
4920	0	1	90 38 64 
4944	24	1	90 38 0 
4944	0	1	90 37 64 
4968	24	1	90 37 0 
4968	0	1	90 36 64 
4992	24	3	92 34 0 
4992	0	3	92 2b 0 
4992	0	1	90 36 0 
4992	0	3	92 2b 64 
4992	0	3	92 35 64 
4992	0	2	91 37 6e 
4992	0	2	91 3b 6e 
4992	0	2	91 3e 6e 
4992	0	1	90 37 64 
5016	24	2	91 3e 0 
5016	0	2	91 3b 0 
5016	0	2	91 37 0 
5016	0	1	90 37 0 
5016	0	1	90 38 64 
5040	24	1	90 38 0 
5040	0	1	90 37 64 
5064	24	1	90 37 0 
5064	0	1	90 36 64 
5088	24	3	92 35 0 
5088	0	3	92 2b 0 
5088	0	1	90 36 0 
5088	0	3	92 34 64 
5088	0	3	92 2b 64 
5088	0	2	91 37 6e 
5088	0	2	91 3b 6e 
5088	0	1	90 37 64 
5112	24	2	91 3b 0 
5112	0	2	91 37 0 
5112	0	1	90 37 0 
5112	0	1	90 38 64 
5136	24	1	90 38 0 
5136	0	1	90 37 64 
5160	24	1	90 37 0 
5160	0	1	90 36 64 
5184	24	3	92 2b 0 
5184	0	3	92 34 0 
5184	0	1	90 36 0 
5184	0	3	92 2b 64 
5184	0	3	92 35 64 
5184	0	2	91 38 6e 
5184	0	2	91 3e 6e 
5184	0	1	90 37 64 
5208	24	2	91 3e 0 
5208	0	2	91 38 0 
5208	0	1	90 37 0 
5208	0	1	90 38 64 
5232	24	1	90 38 0 
5232	0	1	90 39 64 
5256	24	1	90 39 0 
5256	0	1	90 3a 64 
5280	24	3	92 35 0 
5280	0	3	92 2b 0 
5280	0	1	90 3a 0 
5280	0	3	92 34 64 
5280	0	3	92 2b 64 
5280	0	2	91 37 6e 
5280	0	2	91 3d 6e 
5280	0	1	90 3b 64 
5304	24	2	91 3d 0 
5304	0	2	91 37 0 
5304	0	1	90 3b 0 
5304	0	1	90 3a 64 
5328	24	1	90 3a 0 
5328	0	1	90 39 64 
5352	24	1	90 39 0 
5352	0	1	90 38 64 
5376	24	3	92 2b 0 
5376	0	3	92 34 0 
5376	0	1	90 38 0 
5376	0	3	92 2b 64 
5376	0	3	92 32 64 
5376	0	2	91 3b 6e 
5376	0	2	91 3e 6e 
5376	0	2	91 41 6e 
5376	0	1	90 37 64 
5400	24	2	91 41 0 
5400	0	2	91 3e 0 
5400	0	2	91 3b 0 
5400	0	1	90 37 0 
5400	0	1	90 38 64 
5424	24	1	90 38 0 
5424	0	1	90 39 64 
5448	24	1	90 39 0 
5448	0	1	90 3a 64 
5472	24	1	90 3a 0 
5472	0	1	90 3b 64 
5496	24	1	90 3b 0 
5496	0	1	90 3c 64 
5520	24	1	90 3c 0 
5520	0	1	90 3d 64 
5544	24	1	90 3d 0 
5544	0	1	90 3e 64 
5568	24	3	92 32 0 
5568	0	3	92 2b 0 
5568	0	1	90 3e 0 
5568	0	3	92 29 64 
5568	0	3	92 30 64 
5568	0	3	92 38 64 
5568	0	2	91 48 78 
5568	0	1	90 3f 64 
5592	24	2	91 48 0 
5592	0	1	90 3f 0 
5592	0	2	91 54 78 
5616	24	2	91 54 0 
5616	0	2	91 48 78 
5640	24	2	91 48 0 
5640	0	2	91 54 78 
5664	24	3	92 38 0 
5664	0	3	92 30 0 
5664	0	3	92 29 0 
5664	0	2	91 54 0 
5664	0	2	91 48 78 
5688	24	2	91 48 0 
5688	0	2	91 54 78 
5712	24	2	91 54 0 
5712	0	2	91 48 78 
5736	24	2	91 48 0 
5736	0	2	91 54 78 
5760	24	2	91 54 0 
5760	0	3	92 2b 64 
5760	0	3	92 35 64 
5760	0	3	92 3b 64 
5760	0	2	91 49 78 
5784	24	2	91 49 0 
5784	0	2	91 53 78 
5808	24	2	91 53 0 
5808	0	2	91 49 78 
5832	24	2	91 49 0 
5832	0	2	91 53 78 
5856	24	2	91 53 0 
5856	0	2	91 49 78 
5880	24	2	91 49 0 
5880	0	2	91 53 78 
5904	24	2	91 53 0 
5904	0	2	91 49 78 
5928	24	2	91 49 0 
5928	0	2	91 53 78 
5952	24	3	92 3b 0 
5952	0	3	92 35 0 
5952	0	3	92 2b 0 
5952	0	2	91 53 0 
5952	0	3	92 29 64 
5952	0	3	92 30 64 
5952	0	3	92 38 64 
5952	0	2	91 48 78 
5976	24	2	91 48 0 
5976	0	2	91 54 78 
6000	24	3	92 38 0 
6000	0	3	92 30 0 
6000	0	3	92 29 0 
6000	0	2	91 54 0 
6000	0	2	91 48 78 
6024	24	2	91 48 0 
6024	0	2	91 54 78 
6048	24	2	91 54 0 
6048	0	2	91 48 78 
6072	24	2	91 48 0 
6072	0	2	91 54 78 
6096	24	2	91 54 0 
6096	0	2	91 48 78 
6120	24	2	91 48 0 
6120	0	2	91 54 78 
6144	24	2	91 54 0 
6144	0	3	92 35 64 
6144	0	3	92 39 64 
6144	0	3	92 3d 64 
6144	0	2	91 49 78 
6168	24	2	91 49 0 
6168	0	2	91 53 78 
6192	24	2	91 53 0 
6192	0	2	91 49 78 
6216	24	2	91 49 0 
6216	0	2	91 53 78 
6240	24	2	91 53 0 
6240	0	2	91 49 78 
6264	24	2	91 49 0 
6264	0	2	91 53 78 
6288	24	2	91 53 0 
6288	0	2	91 49 78 
6312	24	2	91 49 0 
6312	0	2	91 53 78 
6336	24	3	92 3d 0 
6336	0	3	92 39 0 
6336	0	3	92 35 0 
6336	0	2	91 53 0 
6336	0	3	92 30 64 
6336	0	3	92 3a 64 
6336	0	3	92 34 64 
6336	0	2	91 54 6e 
6336	0	1	90 3c 64 
6360	24	2	91 54 0 
6360	0	1	90 3c 0 
6360	0	1	90 3d 64 
6384	24	1	90 3d 0 
6384	0	1	90 3c 64 
6408	24	1	90 3c 0 
6408	0	1	90 3b 64 
6432	24	3	92 34 0 
6432	0	3	92 3a 0 
6432	0	3	92 30 0 
6432	0	1	90 3b 0 
6432	0	3	92 30 64 
6432	0	3	92 39 64 
6432	0	2	91 3c 6e 
6432	0	2	91 3f 6e 
6432	0	2	91 42 6e 
6432	0	1	90 3c 64 
6456	24	2	91 42 0 
6456	0	2	91 3f 0 
6456	0	2	91 3c 0 
6456	0	1	90 3c 0 
6456	0	1	90 3d 64 
6480	24	1	90 3d 0 
6480	0	1	90 3c 64 
6504	24	1	90 3c 0 
6504	0	1	90 3b 64 
6528	24	3	92 39 0 
6528	0	3	92 30 0 
6528	0	1	90 3b 0 
6528	0	3	92 30 64 
6528	0	3	92 3a 64 
6528	0	2	91 3c 6e 
6528	0	2	91 40 6e 
6528	0	2	91 43 6e 
6528	0	1	90 3c 64 
6552	24	2	91 43 0 
6552	0	2	91 40 0 
6552	0	2	91 3c 0 
6552	0	1	90 3c 0 
6552	0	1	90 3d 64 
6576	24	1	90 3d 0 
6576	0	1	90 3c 64 
6600	24	1	90 3c 0 
6600	0	1	90 3b 64 
6624	24	3	92 3a 0 
6624	0	3	92 30 0 
6624	0	1	90 3b 0 
6624	0	3	92 30 64 
6624	0	3	92 39 64 
6624	0	2	91 3c 6e 
6624	0	2	91 40 6e 
6624	0	1	90 3c 64 
6648	24	2	91 40 0 
6648	0	2	91 3c 0 
6648	0	1	90 3c 0 
6648	0	1	90 3d 64 
6672	24	1	90 3d 0 
6672	0	1	90 3c 64 
6696	24	1	90 3c 0 
6696	0	1	90 3b 64 
6720	24	3	92 39 0 
6720	0	3	92 30 0 
6720	0	1	90 3b 0 
6720	0	3	92 30 64 
6720	0	3	92 3a 64 
6720	0	2	91 3d 6e 
6720	0	2	91 43 6e 
6720	0	1	90 3c 64 
6744	24	2	91 43 0 
6744	0	2	91 3d 0 
6744	0	1	90 3c 0 
6744	0	1	90 3d 64 
6768	24	1	90 3d 0 
6768	0	1	90 3e 64 
6792	24	1	90 3e 0 
6792	0	1	90 3f 64 
6816	24	3	92 3a 0 
6816	0	3	92 30 0 
6816	0	1	90 3f 0 
6816	0	3	92 30 64 
6816	0	3	92 39 64 
6816	0	2	91 3c 6e 
6816	0	2	91 42 6e 
6816	0	1	90 40 64 
6840	24	2	91 42 0 
6840	0	2	91 3c 0 
6840	0	1	90 40 0 
6840	0	1	90 3f 64 
6864	24	1	90 3f 0 
6864	0	1	90 3e 64 
6888	24	1	90 3e 0 
6888	0	1	90 3f 64 
6912	24	3	92 39 0 
6912	0	3	92 30 0 
6912	0	1	90 3f 0 
6912	0	3	92 3a 64 
6912	0	3	92 30 64 
6912	0	2	91 3c 6e 
6912	0	2	91 40 6e 
6912	0	1	90 40 69 
6936	24	2	91 40 0 
6936	0	2	91 3c 0 
6936	0	1	90 40 0 
6936	0	1	90 41 69 
6960	24	1	90 41 0 
6960	0	1	90 42 69 
6984	24	1	90 42 0 
6984	0	1	90 43 69 
7008	24	1	90 43 0 
7008	0	1	90 44 69 
7032	24	1	90 44 0 
7032	0	1	90 45 69 
7056	24	1	90 45 0 
7056	0	1	90 46 69 
7080	24	1	90 46 0 
7080	0	1	90 47 69 
7104	24	3	92 30 0 
7104	0	3	92 3a 0 
7104	0	1	90 47 0 
7104	0	3	92 29 64 
7104	0	3	92 30 64 
7104	0	2	91 38 6e 
7104	0	2	91 41 6e 
7104	0	1	90 48 64 
7128	24	2	91 41 0 
7128	0	2	91 38 0 
7128	0	1	90 48 0 
7128	0	1	90 47 64 
7152	24	1	90 47 0 
7152	0	1	90 46 64 
7176	24	1	90 46 0 
7176	0	1	90 45 64 
7200	24	3	92 30 0 
7200	0	3	92 29 0 
7200	0	1	90 45 0 
7200	0	3	92 31 64 
7200	0	3	92 38 64 
7200	0	2	91 3b 6e 
7200	0	2	91 41 6e 
7200	0	1	90 44 64 
7224	24	2	91 41 0 
7224	0	2	91 3b 0 
7224	0	1	90 44 0 
7224	0	1	90 49 64 
7248	24	1	90 49 0 
7248	0	1	90 48 64 
7272	24	1	90 48 0 
7272	0	1	90 47 64 
7296	24	3	92 38 0 
7296	0	3	92 31 0 
7296	0	1	90 47 0 
7296	0	3	92 30 64 
7296	0	3	92 38 64 
7296	0	2	91 3c 6e 
7296	0	2	91 41 6e 
7296	0	1	90 48 64 
7320	24	2	91 41 0 
7320	0	2	91 3c 0 
7320	0	1	90 48 0 
7320	0	1	90 47 64 
7344	24	1	90 47 0 
7344	0	1	90 46 64 
7368	24	1	90 46 0 
7368	0	1	90 45 64 
7392	24	3	92 38 0 
7392	0	3	92 30 0 
7392	0	1	90 45 0 
7392	0	3	92 2f 64 
7392	0	3	92 37 64 
7392	0	2	91 3d 6e 
7392	0	2	91 41 6e 
7392	0	1	90 44 64 
7416	24	2	91 41 0 
7416	0	2	91 3d 0 
7416	0	1	90 44 0 
7416	0	1	90 45 64 
7440	24	1	90 45 0 
7440	0	1	90 46 64 
7464	24	1	90 46 0 
7464	0	1	90 47 64 
7488	24	3	92 37 0 
7488	0	3	92 2f 0 
7488	0	1	90 47 0 
7488	0	3	92 30 64 
7488	0	3	92 38 64 
7488	0	2	91 3c 6e 
7488	0	2	91 41 6e 
7488	0	1	90 48 64 
7512	24	2	91 41 0 
7512	0	2	91 3c 0 
7512	0	1	90 48 0 
7512	0	1	90 47 64 
7536	24	1	90 47 0 
7536	0	1	90 46 64 
7560	24	1	90 46 0 
7560	0	1	90 45 64 
7584	24	3	92 38 0 
7584	0	3	92 30 0 
7584	0	1	90 45 0 
7584	0	3	92 34 64 
7584	0	3	92 3a 64 
7584	0	2	91 3d 6e 
7584	0	2	91 43 6e 
7584	0	1	90 46 64 
7608	24	2	91 43 0 
7608	0	2	91 3d 0 
7608	0	1	90 46 0 
7608	0	1	90 45 64 
7632	24	1	90 45 0 
7632	0	1	90 44 64 
7656	24	1	90 44 0 
7656	0	1	90 43 64 
7680	24	3	92 3a 0 
7680	0	3	92 34 0 
7680	0	1	90 43 0 
7680	0	3	92 35 64 
7680	0	3	92 38 64 
7680	0	2	91 3c 6e 
7680	0	2	91 41 6e 
7680	0	1	90 44 64 
7704	24	2	91 41 0 
7704	0	2	91 3c 0 
7704	0	1	90 44 0 
7704	0	1	90 45 64 
7728	24	1	90 45 0 
7728	0	1	90 46 64 
7752	24	1	90 46 0 
7752	0	1	90 47 64 
7776	24	3	92 38 0 
7776	0	3	92 35 0 
7776	0	1	90 47 0 
7776	0	3	92 33 64 
7776	0	3	92 39 64 
7776	0	2	91 3c 6e 
7776	0	2	91 43 6e 
7776	0	1	90 46 64 
7800	24	2	91 43 0 
7800	0	2	91 3c 0 
7800	0	1	90 46 0 
7800	0	1	90 47 64 
7824	24	1	90 47 0 
7824	0	1	90 48 64 
7848	24	1	90 48 0 
7848	0	1	90 49 64 
7872	24	3	92 39 0 
7872	0	3	92 33 0 
7872	0	1	90 49 0 
7872	0	3	92 39 64 
7872	0	3	92 32 64 
7872	0	2	91 42 6e 
7872	0	2	91 3c 6e 
7872	0	1	90 4a 64 
7896	24	2	91 3c 0 
7896	0	2	91 42 0 
7896	0	1	90 4a 0 
7896	0	1	90 49 64 
7920	24	1	90 49 0 
7920	0	1	90 48 64 
7944	24	1	90 48 0 
7944	0	1	90 47 64 
7968	24	1	90 47 0 
7968	0	1	90 48 64 
7992	24	1	90 48 0 
7992	0	1	90 47 64 
8016	24	1	90 47 0 
8016	0	1	90 46 64 
8040	24	1	90 46 0 
8040	0	1	90 45 64 
8064	24	1	90 45 0 
8064	0	1	90 46 64 
8088	24	1	90 46 0 
8088	0	1	90 45 64 
8112	24	1	90 45 0 
8112	0	1	90 44 64 
8136	24	1	90 44 0 
8136	0	1	90 43 64 
8160	24	1	90 43 0 
8160	0	1	90 42 64 
8184	24	1	90 42 0 
8184	0	1	90 41 64 
8208	24	1	90 41 0 
8208	0	1	90 40 64 
8232	24	1	90 40 0 
8232	0	1	90 3f 64 
8256	24	3	92 32 0 
8256	0	3	92 39 0 
8256	0	1	90 3f 0 
8256	0	3	92 3a 64 
8256	0	3	92 37 64 
8256	0	2	91 43 6e 
8256	0	2	91 3e 6e 
8256	0	1	90 3e 64 
8280	24	2	91 3e 0 
8280	0	2	91 43 0 
8280	0	1	90 3e 0 
8280	0	1	90 3f 64 
8304	24	1	90 3f 0 
8304	0	1	90 3e 64 
8328	24	1	90 3e 0 
8328	0	1	90 3d 64 
8352	24	3	92 37 0 
8352	0	3	92 3a 0 
8352	0	1	90 3d 0 
8352	0	3	92 3a 64 
8352	0	3	92 37 64 
8352	0	2	91 3e 6e 
8352	0	2	91 43 6e 
8352	0	1	90 3e 64 
8376	24	2	91 43 0 
8376	0	2	91 3e 0 
8376	0	1	90 3e 0 
8376	0	1	90 3f 64 
8400	24	1	90 3f 0 
8400	0	1	90 3e 64 
8424	24	1	90 3e 0 
8424	0	1	90 3d 64 
8448	24	3	92 37 0 
8448	0	3	92 3a 0 
8448	0	1	90 3d 0 
8448	0	3	92 2b 64 
8448	0	3	92 37 64 
8448	0	2	91 3a 6e 
8448	0	2	91 3e 6e 
8448	0	2	91 43 6e 
8448	0	1	90 3e 64 
8472	24	2	91 43 0 
8472	0	2	91 3e 0 
8472	0	2	91 3a 0 
8472	0	1	90 3e 0 
8472	0	1	90 3f 64 
8496	24	1	90 3f 0 
8496	0	1	90 3e 64 
8520	24	1	90 3e 0 
8520	0	1	90 3d 64 
8544	24	3	92 37 0 
8544	0	3	92 2b 0 
8544	0	1	90 3d 0 
8544	0	3	92 2b 64 
8544	0	3	92 37 64 
8544	0	2	91 3a 6e 
8544	0	2	91 3e 6e 
8544	0	2	91 43 6e 
8544	0	1	90 3e 64 
8568	24	2	91 43 0 
8568	0	2	91 3e 0 
8568	0	2	91 3a 0 
8568	0	1	90 3e 0 
8568	0	1	90 3f 64 
8592	24	1	90 3f 0 
8592	0	1	90 3e 64 
8616	24	1	90 3e 0 
8616	0	1	90 3d 64 
8640	24	3	92 37 0 
8640	0	3	92 2b 0 
8640	0	1	90 3d 0 
8640	0	3	92 37 64 
8640	0	3	92 3a 64 
8640	0	2	91 3e 6e 
8640	0	2	91 43 6e 
8640	0	1	90 3e 64 
8664	24	2	91 43 0 
8664	0	2	91 3e 0 
8664	0	1	90 3e 0 
8664	0	1	90 3f 64 
8688	24	1	90 3f 0 
8688	0	1	90 3e 64 
8712	24	1	90 3e 0 
8712	0	1	90 3d 64 
8736	24	3	92 3a 0 
8736	0	3	92 37 0 
8736	0	1	90 3d 0 
8736	0	3	92 37 64 
8736	0	3	92 3a 64 
8736	0	2	91 3e 6e 
8736	0	2	91 43 6e 
8736	0	1	90 3e 64 
8760	24	2	91 43 0 
8760	0	2	91 3e 0 
8760	0	1	90 3e 0 
8760	0	1	90 3f 64 
8784	24	1	90 3f 0 
8784	0	1	90 3e 64 
8808	24	1	90 3e 0 
8808	0	1	90 3d 64 
8832	24	3	92 3a 0 
8832	0	3	92 37 0 
8832	0	1	90 3d 0 
8832	0	3	92 2b 64 
8832	0	3	92 37 64 
8832	0	2	91 3a 6e 
8832	0	2	91 3e 6e 
8832	0	2	91 43 6e 
8832	0	1	90 3e 64 
8856	24	2	91 43 0 
8856	0	2	91 3e 0 
8856	0	2	91 3a 0 
8856	0	1	90 3e 0 
8856	0	1	90 3f 64 
8880	24	1	90 3f 0 
8880	0	1	90 3e 64 
8904	24	1	90 3e 0 
8904	0	1	90 3d 64 
8928	24	3	92 37 0 
8928	0	3	92 2b 0 
8928	0	1	90 3d 0 
8928	0	3	92 2b 64 
8928	0	3	92 37 64 
8928	0	2	91 3a 6e 
8928	0	2	91 3e 6e 
8928	0	2	91 43 6e 
8928	0	1	90 3e 64 
8952	24	2	91 43 0 
8952	0	2	91 3e 0 
8952	0	2	91 3a 0 
8952	0	1	90 3e 0 
8952	0	1	90 3f 64 
8976	24	1	90 3f 0 
8976	0	1	90 3e 64 
9000	24	1	90 3e 0 
9000	0	1	90 3d 64 
9024	24	3	92 37 0 
9024	0	3	92 2b 0 
9024	0	1	90 3d 0 
9024	0	3	92 26 6e 
9024	0	3	92 2d 6e 
9024	0	3	92 36 6e 
9024	0	2	91 4a 78 
9024	0	1	90 3e 64 
9048	24	2	91 4a 0 
9048	0	1	90 3e 0 
9048	0	2	91 49 78 
9072	24	2	91 49 0 
9072	0	2	91 48 78 
9096	24	2	91 48 0 
9096	0	2	91 47 78 
9120	24	2	91 47 0 
9120	0	2	91 48 78 
9144	24	2	91 48 0 
9144	0	2	91 47 78 
9168	24	2	91 47 0 
9168	0	2	91 46 78 
9192	24	2	91 46 0 
9192	0	2	91 45 78 
9216	24	2	91 45 0 
9216	0	2	91 46 78 
9240	24	2	91 46 0 
9240	0	2	91 45 78 
9264	24	2	91 45 0 
9264	0	2	91 44 78 
9288	24	2	91 44 0 
9288	0	2	91 43 78 
9312	24	2	91 43 0 
9312	0	2	91 42 78 
9336	24	2	91 42 0 
9336	0	2	91 41 78 
9360	24	2	91 41 0 
9360	0	2	91 40 78 
9384	24	2	91 40 0 
9384	0	2	91 3f 78 
9408	24	3	92 36 0 
9408	0	3	92 2d 0 
9408	0	3	92 26 0 
9408	0	2	91 3f 0 
9408	0	3	92 2b 64 
9408	0	3	92 37 64 
9408	0	2	91 3a 6e 
9408	0	2	91 3e 6e 
9408	0	1	90 4a 46 
9416	8	3	92 2b 0 
9432	16	2	91 3e 0 
9432	0	2	91 3a 0 
9432	0	1	90 4a 0 
9432	0	1	90 49 46 
9456	24	3	92 37 0 
9456	0	1	90 49 0 
9456	0	1	90 48 46 
9480	24	1	90 48 0 
9480	0	1	90 47 46 
9504	24	1	90 47 0 
9504	0	1	90 46 46 
9528	24	1	90 46 0 
9528	0	1	90 4b 46 
9552	24	1	90 4b 0 
9552	0	1	90 4a 46 
9576	24	1	90 4a 0 
9576	0	1	90 49 46 
9600	24	1	90 49 0 
9600	0	3	92 2b 64 
9600	0	3	92 37 64 
9600	0	2	91 3a 6e 
9600	0	2	91 3e 6e 
9600	0	1	90 4a 46 
9608	8	3	92 2b 0 
9624	16	2	91 3e 0 
9624	0	2	91 3a 0 
9624	0	1	90 4a 0 
9624	0	1	90 49 46 
9648	24	3	92 37 0 
9648	0	1	90 49 0 
9648	0	1	90 48 46 
9672	24	1	90 48 0 
9672	0	1	90 47 46 
9696	24	1	90 47 0 
9696	0	3	92 33 64 
9696	0	3	92 37 64 
9696	0	2	91 3a 6e 
9696	0	2	91 3f 6e 
9696	0	1	90 46 46 
9704	8	3	92 33 0 
9720	16	2	91 3f 0 
9720	0	2	91 3a 0 
9720	0	1	90 46 0 
9720	0	1	90 47 46 
9744	24	3	92 37 0 
9744	0	1	90 47 0 
9744	0	1	90 48 46 
9768	24	1	90 48 0 
9768	0	1	90 49 46 
9792	24	1	90 49 0 
9792	0	3	92 2b 64 
9792	0	3	92 37 64 
9792	0	2	91 3a 6e 
9792	0	2	91 3e 6e 
9792	0	1	90 4a 46 
9816	24	2	91 3e 0 
9816	0	2	91 3a 0 
9816	0	1	90 4a 0 
9816	0	1	90 49 46 
9840	24	3	92 37 0 
9840	0	3	92 2b 0 
9840	0	1	90 49 0 
9840	0	1	90 48 46 
9864	24	1	90 48 0 
9864	0	1	90 47 46 
9888	24	1	90 47 0 
9888	0	1	90 46 46 
9912	24	1	90 46 0 
9912	0	1	90 4b 46 
9936	24	1	90 4b 0 
9936	0	1	90 4a 46 
9960	24	1	90 4a 0 
9960	0	1	90 49 46 
9984	24	1	90 49 0 
9984	0	3	92 2b 64 
9984	0	3	92 37 64 
9984	0	2	91 3e 6e 
9984	0	2	91 3a 6e 
9984	0	1	90 4a 46 
10008	24	2	91 3a 0 
10008	0	2	91 3e 0 
10008	0	1	90 4a 0 
10008	0	1	90 49 46 
10032	24	1	90 49 0 
10032	0	1	90 48 46 
10056	24	1	90 48 0 
10056	0	1	90 47 46 
10080	24	3	92 37 0 
10080	0	3	92 2b 0 
10080	0	1	90 47 0 
10080	0	3	92 33 64 
10080	0	3	92 37 64 
10080	0	2	91 3a 6e 
10080	0	2	91 3f 6e 
10080	0	1	90 46 46 
10104	24	2	91 3f 0 
10104	0	2	91 3a 0 
10104	0	1	90 46 0 
10104	0	1	90 47 46 
10128	24	1	90 47 0 
10128	0	1	90 48 46 
10152	24	1	90 48 0 
10152	0	1	90 49 46 
10176	24	3	92 37 0 
10176	0	3	92 33 0 
10176	0	1	90 49 0 
10176	0	3	92 2b 64 
10176	0	3	92 37 64 
10176	0	2	91 3a 6e 
10176	0	2	91 3e 6e 
10176	0	1	90 4a 46 
10200	24	2	91 3e 0 
10200	0	2	91 3a 0 
10200	0	1	90 4a 0 
10200	0	1	90 49 46 
10224	24	1	90 49 0 
10224	0	1	90 48 46 
10248	24	1	90 48 0 
10248	0	1	90 47 46 
10272	24	3	92 37 0 
10272	0	3	92 2b 0 
10272	0	1	90 47 0 
10272	0	3	92 33 64 
10272	0	3	92 37 64 
10272	0	2	91 3c 6e 
10272	0	2	91 3f 6e 
10272	0	1	90 48 46 
10296	24	2	91 3f 0 
10296	0	2	91 3c 0 
10296	0	1	90 48 0 
10296	0	1	90 47 46 
10320	24	1	90 47 0 
10320	0	1	90 46 46 
10344	24	1	90 46 0 
10344	0	1	90 45 46 
10368	24	3	92 37 0 
10368	0	3	92 33 0 
10368	0	1	90 45 0 
10368	0	3	92 2b 64 
10368	0	3	92 37 64 
10368	0	2	91 3a 6e 
10368	0	2	91 3e 6e 
10368	0	1	90 46 46 
10392	24	2	91 3e 0 
10392	0	2	91 3a 0 
10392	0	1	90 46 0 
10392	0	1	90 47 46 
10416	24	1	90 47 0 
10416	0	1	90 48 46 
10440	24	1	90 48 0 
10440	0	1	90 49 46 
10464	24	3	92 37 0 
10464	0	3	92 2b 0 
10464	0	1	90 49 0 
10464	0	3	92 36 64 
10464	0	3	92 32 64 
10464	0	2	91 39 6e 
10464	0	2	91 3c 6e 
10464	0	1	90 4a 46 
10488	24	2	91 3c 0 
10488	0	2	91 39 0 
10488	0	1	90 4a 0 
10488	0	1	90 4b 46 
10512	24	1	90 4b 0 
10512	0	1	90 4a 46 
10536	24	1	90 4a 0 
10560	24	3	92 32 0 
10560	0	3	92 36 0 
10560	0	3	92 2b 64 
10560	0	3	92 37 64 
10560	0	2	91 3a 6e 
10560	0	2	91 3e 6e 
10560	0	1	90 4a 46 
10584	24	2	91 3e 0 
10584	0	2	91 3a 0 
10584	0	1	90 4a 0 
10584	0	1	90 49 46 
10608	24	1	90 49 0 
10608	0	1	90 48 46 
10632	24	1	90 48 0 
10632	0	1	90 47 46 
10656	24	3	92 37 0 
10656	0	3	92 2b 0 
10656	0	1	90 47 0 
10656	0	3	92 33 64 
10656	0	3	92 37 64 
10656	0	2	91 3c 6e 
10656	0	2	91 3f 6e 
10656	0	1	90 48 46 
10680	24	2	91 3f 0 
10680	0	2	91 3c 0 
10680	0	1	90 48 0 
10680	0	1	90 47 46 
10704	24	1	90 47 0 
10704	0	1	90 46 46 
10728	24	1	90 46 0 
10728	0	1	90 45 46 
10752	24	3	92 37 0 
10752	0	3	92 33 0 
10752	0	1	90 45 0 
10752	0	3	92 2b 64 
10752	0	3	92 37 64 
10752	0	2	91 3a 6e 
10752	0	2	91 3e 6e 
10752	0	1	90 46 46 
10776	24	2	91 3e 0 
10776	0	2	91 3a 0 
10776	0	1	90 46 0 
10776	0	1	90 47 46 
10800	24	1	90 47 0 
10800	0	1	90 48 46 
10824	24	1	90 48 0 
10824	0	1	90 49 46 
10848	24	3	92 37 0 
10848	0	3	92 2b 0 
10848	0	1	90 49 0 
10848	0	3	92 2b 64 
10848	0	3	92 37 64 
10848	0	2	91 3b 6e 
10848	0	2	91 41 6e 
10848	0	1	90 4a 46 
10872	24	2	91 41 0 
10872	0	2	91 3b 0 
10872	0	1	90 4a 0 
10872	0	1	90 4c 46 
10896	24	1	90 4c 0 
10896	0	1	90 4d 46 
10920	24	1	90 4d 0 
10944	24	3	92 37 0 
10944	0	3	92 2b 0 
10944	0	3	92 30 64 
10944	0	3	92 3c 64 
10944	0	2	91 3f 6e 
10944	0	2	91 43 6e 
10944	0	1	90 4f 64 
10968	24	2	91 43 0 
10968	0	2	91 3f 0 
10968	0	1	90 4f 0 
10968	0	1	90 4e 64 
10992	24	1	90 4e 0 
10992	0	1	90 4d 64 
11016	24	1	90 4d 0 
11016	0	1	90 4c 64 
11040	24	3	92 3c 0 
11040	0	3	92 30 0 
11040	0	1	90 4c 0 
11040	0	1	90 4b 64 
11064	24	1	90 4b 0 
11064	0	1	90 50 64 
11088	24	1	90 50 0 
11088	0	1	90 4f 64 
11112	24	1	90 4f 0 
11112	0	1	90 4e 64 
11136	24	1	90 4e 0 
11136	0	3	92 30 64 
11136	0	3	92 3c 64 
11136	0	2	91 3f 6e 
11136	0	2	91 43 6e 
11136	0	1	90 4f 64 
11160	24	2	91 43 0 
11160	0	2	91 3f 0 
11160	0	1	90 4f 0 
11160	0	1	90 4e 64 
11184	24	1	90 4e 0 
11184	0	1	90 4d 64 
11208	24	1	90 4d 0 
11208	0	1	90 4c 64 
11232	24	3	92 3c 0 
11232	0	3	92 30 0 
11232	0	1	90 4c 0 
11232	0	3	92 38 64 
11232	0	3	92 3c 64 
11232	0	2	91 3f 6e 
11232	0	2	91 44 6e 
11232	0	1	90 4b 64 
11256	24	2	91 44 0 
11256	0	2	91 3f 0 
11256	0	1	90 4b 0 
11256	0	1	90 4c 64 
11280	24	1	90 4c 0 
11280	0	1	90 4d 64 
11304	24	1	90 4d 0 
11304	0	1	90 4e 64 
11328	24	3	92 3c 0 
11328	0	3	92 38 0 
11328	0	1	90 4e 0 
11328	0	3	92 30 64 
11328	0	3	92 3c 64 
11328	0	2	91 3f 6e 
11328	0	2	91 43 6e 
11328	0	1	90 4f 64 
11352	24	2	91 43 0 
11352	0	2	91 3f 0 
11352	0	1	90 4f 0 
11352	0	1	90 4e 64 
11376	24	1	90 4e 0 
11376	0	1	90 4d 64 
11400	24	1	90 4d 0 
11400	0	1	90 4c 64 
11424	24	3	92 3c 0 
11424	0	3	92 30 0 
11424	0	1	90 4c 0 
11424	0	1	90 4b 64 
11448	24	1	90 4b 0 
11448	0	1	90 50 64 
11472	24	1	90 50 0 
11472	0	1	90 4f 64 
11496	24	1	90 4f 0 
11496	0	1	90 4e 64 
11520	24	1	90 4e 0 
11520	0	3	92 30 64 
11520	0	3	92 3c 64 
11520	0	2	91 3f 6e 
11520	0	2	91 43 6e 
11520	0	1	90 4f 64 
11544	24	2	91 43 0 
11544	0	2	91 3f 0 
11544	0	1	90 4f 0 
11544	0	1	90 4e 64 
11568	24	1	90 4e 0 
11568	0	1	90 4d 64 
11592	24	1	90 4d 0 
11592	0	1	90 4c 64 
11616	24	3	92 3c 0 
11616	0	3	92 30 0 
11616	0	1	90 4c 0 
11616	0	3	92 38 64 
11616	0	3	92 3c 64 
11616	0	2	91 3f 6e 
11616	0	2	91 44 6e 
11616	0	1	90 4b 64 
11640	24	2	91 44 0 
11640	0	2	91 3f 0 
11640	0	1	90 4b 0 
11640	0	1	90 4c 64 
11664	24	1	90 4c 0 
11664	0	1	90 4d 64 
11688	24	1	90 4d 0 
11688	0	1	90 4e 64 
11712	24	3	92 3c 0 
11712	0	3	92 38 0 
11712	0	1	90 4e 0 
11712	0	3	92 30 64 
11712	0	3	92 3c 64 
11712	0	2	91 3f 6e 
11712	0	2	91 43 6e 
11712	0	1	90 4f 64 
11736	24	2	91 43 0 
11736	0	2	91 3f 0 
11736	0	1	90 4f 0 
11736	0	1	90 4e 64 
11760	24	1	90 4e 0 
11760	0	1	90 4d 64 
11784	24	1	90 4d 0 
11784	0	1	90 4c 64 
11808	24	3	92 3c 0 
11808	0	3	92 30 0 
11808	0	1	90 4c 0 
11808	0	3	92 38 64 
11808	0	3	92 3c 64 
11808	0	2	91 3f 6e 
11808	0	2	91 44 6e 
11808	0	1	90 4d 64 
11832	24	2	91 44 0 
11832	0	2	91 3f 0 
11832	0	1	90 4d 0 
11832	0	1	90 4c 64 
11856	24	1	90 4c 0 
11856	0	1	90 4b 64 
11880	24	1	90 4b 0 
11880	0	1	90 4a 64 
11904	24	3	92 3c 0 
11904	0	3	92 38 0 
11904	0	1	90 4a 0 
11904	0	3	92 30 64 
11904	0	3	92 3c 64 
11904	0	2	91 3f 6e 
11904	0	2	91 43 6e 
11904	0	1	90 4b 64 
11928	24	2	91 43 0 
11928	0	2	91 3f 0 
11928	0	1	90 4b 0 
11928	0	1	90 4c 64 
11928	0	1	90 4c 64 
11952	24	1	90 4c 0 
11952	0	1	90 4c 0 
11952	0	1	90 4d 64 
11952	0	1	90 4d 64 
11976	24	1	90 4d 0 
11976	0	1	90 4d 0 
11976	0	1	90 4e 64 
12000	24	3	92 3c 0 
12000	0	3	92 30 0 
12000	0	1	90 4e 0 
12000	0	3	92 37 64 
12000	0	3	92 3b 64 
12000	0	2	91 3e 6e 
12000	0	2	91 41 6e 
12000	0	1	90 4f 64 
12024	24	2	91 41 0 
12024	0	2	91 3e 0 
12024	0	1	90 4f 0 
12024	0	1	90 50 64 
12048	24	1	90 50 0 
12048	0	1	90 4f 64 
12072	24	1	90 4f 0 
12096	24	3	92 3b 0 
12096	0	3	92 37 0 
12096	0	3	92 30 64 
12096	0	3	92 3c 64 
12096	0	2	91 3f 6e 
12096	0	2	91 43 6e 
12096	0	1	90 4f 64 
12120	24	2	91 43 0 
12120	0	2	91 3f 0 
12120	0	1	90 4f 0 
12120	0	1	90 4e 64 
12144	24	1	90 4e 0 
12144	0	1	90 4d 64 
12168	24	1	90 4d 0 
12168	0	1	90 4c 64 
12192	24	3	92 3c 0 
12192	0	3	92 30 0 
12192	0	1	90 4c 0 
12192	0	3	92 38 64 
12192	0	3	92 3c 64 
12192	0	2	91 3f 6e 
12192	0	2	91 44 6e 
12192	0	1	90 4d 64 
12216	24	2	91 44 0 
12216	0	2	91 3f 0 
12216	0	1	90 4d 0 
12216	0	1	90 4c 64 
12240	24	1	90 4c 0 
12240	0	1	90 4b 64 
12264	24	1	90 4b 0 
12264	0	1	90 4a 64 
12288	24	3	92 3c 0 
12288	0	3	92 38 0 
12288	0	1	90 4a 0 
12288	0	3	92 30 64 
12288	0	3	92 3c 64 
12288	0	2	91 3f 6e 
12288	0	2	91 43 6e 
12288	0	1	90 4b 64 
12312	24	2	91 43 0 
12312	0	2	91 3f 0 
12312	0	1	90 4b 0 
12312	0	1	90 4b 64 
12336	24	1	90 4b 0 
12336	0	1	90 4c 64 
12360	24	1	90 4c 0 
12360	0	1	90 4d 64 
12384	24	3	92 3c 0 
12384	0	3	92 30 0 
12384	0	1	90 4d 0 
12384	0	3	92 37 64 
12384	0	3	92 3b 64 
12384	0	2	91 3e 6e 
12384	0	2	91 41 6e 
12384	0	1	90 4f 64 
12408	24	2	91 41 0 
12408	0	2	91 3e 0 
12408	0	1	90 4f 0 
12408	0	1	90 50 64 
12432	24	1	90 50 0 
12432	0	1	90 4f 64 
12456	24	1	90 4f 0 
12480	24	3	92 3b 0 
12480	0	3	92 37 0 
12480	0	3	92 24 64 
12480	0	3	92 2b 64 
12480	0	3	92 33 64 
12480	0	2	91 43 6e 
12504	24	2	91 43 0 
12504	0	2	91 4f 6e 
12528	24	2	91 4f 0 
12528	0	2	91 43 6e 
12552	24	2	91 43 0 
12552	0	2	91 4f 6e 
12576	24	3	92 33 0 
12576	0	3	92 2b 0 
12576	0	3	92 24 0 
12576	0	2	91 4f 0 
12576	0	2	91 43 6e 
12600	24	2	91 43 0 
12600	0	2	91 4f 6e 
12624	24	2	91 4f 0 
12624	0	2	91 43 6e 
12648	24	2	91 43 0 
12648	0	2	91 4f 6e 
12672	24	2	91 4f 0 
12672	0	3	92 26 64 
12672	0	3	92 30 64 
12672	0	3	92 36 64 
12672	0	2	91 44 6e 
12696	24	2	91 44 0 
12696	0	2	91 4e 6e 
12720	24	2	91 4e 0 
12720	0	2	91 44 6e 
12744	24	2	91 44 0 
12744	0	2	91 4e 6e 
12768	24	2	91 4e 0 
12768	0	2	91 44 6e 
12792	24	2	91 44 0 
12792	0	2	91 4e 6e 
12816	24	2	91 4e 0 
12816	0	2	91 44 6e 
12840	24	2	91 44 0 
12840	0	2	91 4e 6e 
12864	24	3	92 36 0 
12864	0	3	92 30 0 
12864	0	3	92 26 0 
12864	0	2	91 4e 0 
12864	0	3	92 2b 64 
12864	0	3	92 34 64 
12864	0	3	92 24 64 
12864	0	2	91 43 6e 
12888	24	2	91 43 0 
12888	0	2	91 4f 6e 
12912	24	2	91 4f 0 
12912	0	2	91 43 6e 
12936	24	2	91 43 0 
12936	0	2	91 4f 6e 
12960	24	3	92 24 0 
12960	0	3	92 34 0 
12960	0	3	92 2b 0 
12960	0	2	91 4f 0 
12960	0	2	91 43 6e 
12984	24	2	91 43 0 
12984	0	2	91 4f 6e 
13008	24	2	91 4f 0 
13008	0	2	91 43 6e 
13032	24	2	91 43 0 
13032	0	2	91 4f 6e 
13056	24	2	91 4f 0 
13056	0	3	92 38 64 
13056	0	3	92 30 64 
13056	0	3	92 34 64 
13056	0	2	91 44 6e 
13080	24	2	91 44 0 
13080	0	2	91 4e 6e 
13104	24	2	91 4e 0 
13104	0	2	91 44 6e 
13128	24	2	91 44 0 
13128	0	2	91 4e 6e 
13152	24	2	91 4e 0 
13152	0	2	91 44 6e 
13176	24	2	91 44 0 
13176	0	2	91 4e 6e 
13200	24	2	91 4e 0 
13200	0	2	91 44 6e 
13224	24	2	91 44 0 
13224	0	2	91 4e 6e 
13248	24	3	92 34 0 
13248	0	3	92 30 0 
13248	0	3	92 38 0 
13248	0	2	91 4e 0 
13248	0	3	92 2b 64 
13248	0	3	92 2f 64 
13248	0	3	92 35 64 
13248	0	2	91 4f 6e 
13248	0	1	90 37 64 
13272	24	2	91 4f 0 
13272	0	1	90 37 0 
13272	0	1	90 38 64 
13296	24	3	92 35 0 
13296	0	3	92 2f 0 
13296	0	3	92 2b 0 
13296	0	1	90 38 0 
13296	0	1	90 37 64 
13320	24	1	90 37 0 
13320	0	1	90 36 64 
13344	24	1	90 36 0 
13344	0	3	92 2b 64 
13344	0	3	92 34 64 
13344	0	2	91 37 6e 
13344	0	2	91 3a 6e 
13344	0	2	91 3d 6e 
13344	0	1	90 37 64 
13368	24	2	91 3d 0 
13368	0	2	91 3a 0 
13368	0	2	91 37 0 
13368	0	1	90 37 0 
13368	0	1	90 38 64 
13392	24	1	90 38 0 
13392	0	1	90 37 64 
13416	24	1	90 37 0 
13416	0	1	90 36 64 
13440	24	3	92 34 0 
13440	0	3	92 2b 0 
13440	0	1	90 36 0 
13440	0	3	92 2b 64 
13440	0	3	92 35 64 
13440	0	2	91 37 6e 
13440	0	2	91 3b 6e 
13440	0	2	91 3e 6e 
13440	0	1	90 37 64 
13464	24	2	91 3e 0 
13464	0	2	91 3b 0 
13464	0	2	91 37 0 
13464	0	1	90 37 0 
13464	0	1	90 38 64 
13488	24	1	90 38 0 
13488	0	1	90 37 64 
13512	24	1	90 37 0 
13512	0	1	90 36 64 
13536	24	3	92 35 0 
13536	0	3	92 2b 0 
13536	0	1	90 36 0 
13536	0	3	92 34 64 
13536	0	3	92 2b 64 
13536	0	2	91 37 6e 
13536	0	2	91 3b 6e 
13536	0	1	90 37 64 
13560	24	2	91 3b 0 
13560	0	2	91 37 0 
13560	0	1	90 37 0 
13560	0	1	90 38 64 
13584	24	1	90 38 0 
13584	0	1	90 37 64 
13608	24	1	90 37 0 
13608	0	1	90 36 64 
13632	24	3	92 2b 0 
13632	0	3	92 34 0 
13632	0	1	90 36 0 
13632	0	3	92 2b 64 
13632	0	3	92 35 64 
13632	0	2	91 38 6e 
13632	0	2	91 3e 6e 
13632	0	1	90 37 64 
13656	24	2	91 3e 0 
13656	0	2	91 38 0 
13656	0	1	90 37 0 
13656	0	1	90 38 64 
13680	24	1	90 38 0 
13680	0	1	90 39 64 
13704	24	1	90 39 0 
13704	0	1	90 3a 64 
13728	24	3	92 35 0 
13728	0	3	92 2b 0 
13728	0	1	90 3a 0 
13728	0	3	92 34 64 
13728	0	3	92 2b 64 
13728	0	2	91 37 6e 
13728	0	2	91 3d 6e 
13728	0	1	90 3b 64 
13752	24	2	91 3d 0 
13752	0	2	91 37 0 
13752	0	1	90 3b 0 
13752	0	1	90 3a 64 
13776	24	1	90 3a 0 
13776	0	1	90 39 64 
13800	24	1	90 39 0 
13800	0	1	90 38 64 
13824	24	3	92 2b 0 
13824	0	3	92 34 0 
13824	0	1	90 38 0 
13824	0	3	92 2b 64 
13824	0	3	92 32 64 
13824	0	2	91 3b 6e 
13824	0	2	91 3e 6e 
13824	0	2	91 41 6e 
13824	0	1	90 37 64 
13848	24	2	91 41 0 
13848	0	2	91 3e 0 
13848	0	2	91 3b 0 
13848	0	1	90 37 0 
13848	0	1	90 38 64 
13872	24	1	90 38 0 
13872	0	1	90 39 64 
13896	24	1	90 39 0 
13896	0	1	90 3a 64 
13920	24	1	90 3a 0 
13920	0	1	90 3b 64 
13944	24	1	90 3b 0 
13944	0	1	90 3c 64 
13968	24	1	90 3c 0 
13968	0	1	90 3d 64 
13992	24	1	90 3d 0 
13992	0	1	90 3e 64 
14016	24	3	92 32 0 
14016	0	3	92 2b 0 
14016	0	1	90 3e 0 
14016	0	3	92 29 64 
14016	0	3	92 30 64 
14016	0	3	92 38 64 
14016	0	2	91 48 6e 
14016	0	1	90 3f 64 
14040	24	2	91 48 0 
14040	0	1	90 3f 0 
14040	0	2	91 54 6e 
14064	24	2	91 54 0 
14064	0	2	91 48 6e 
14088	24	2	91 48 0 
14088	0	2	91 54 6e 
14112	24	3	92 38 0 
14112	0	3	92 30 0 
14112	0	3	92 29 0 
14112	0	2	91 54 0 
14112	0	2	91 48 6e 
14136	24	2	91 48 0 
14136	0	2	91 54 6e 
14160	24	2	91 54 0 
14160	0	2	91 48 6e 
14184	24	2	91 48 0 
14184	0	2	91 54 6e 
14208	24	2	91 54 0 
14208	0	3	92 2b 64 
14208	0	3	92 35 64 
14208	0	3	92 3b 64 
14208	0	2	91 49 6e 
14232	24	2	91 49 0 
14232	0	2	91 53 6e 
14256	24	2	91 53 0 
14256	0	2	91 49 6e 
14280	24	2	91 49 0 
14280	0	2	91 53 6e 
14304	24	2	91 53 0 
14304	0	2	91 49 6e 
14328	24	2	91 49 0 
14328	0	2	91 53 6e 
14352	24	2	91 53 0 
14352	0	2	91 49 6e 
14376	24	2	91 49 0 
14376	0	2	91 53 6e 
14400	24	3	92 3b 0 
14400	0	3	92 35 0 
14400	0	3	92 2b 0 
14400	0	2	91 53 0 
14400	0	3	92 29 64 
14400	0	3	92 30 64 
14400	0	3	92 38 64 
14400	0	2	91 48 6e 
14424	24	2	91 48 0 
14424	0	2	91 54 6e 
14448	24	3	92 38 0 
14448	0	3	92 30 0 
14448	0	3	92 29 0 
14448	0	2	91 54 0 
14448	0	2	91 48 6e 
14472	24	2	91 48 0 
14472	0	2	91 54 6e 
14496	24	2	91 54 0 
14496	0	2	91 48 6e 
14520	24	2	91 48 0 
14520	0	2	91 54 6e 
14544	24	2	91 54 0 
14544	0	2	91 48 6e 
14568	24	2	91 48 0 
14568	0	2	91 54 6e 
14592	24	2	91 54 0 
14592	0	3	92 35 64 
14592	0	3	92 39 64 
14592	0	3	92 3d 64 
14592	0	2	91 49 6e 
14616	24	2	91 49 0 
14616	0	2	91 53 6e 
14640	24	2	91 53 0 
14640	0	2	91 49 6e 
14664	24	2	91 49 0 
14664	0	2	91 53 6e 
14688	24	2	91 53 0 
14688	0	2	91 49 6e 
14712	24	2	91 49 0 
14712	0	2	91 53 6e 
14736	24	2	91 53 0 
14736	0	2	91 49 6e 
14760	24	2	91 49 0 
14760	0	2	91 53 6e 
14784	24	3	92 3d 0 
14784	0	3	92 39 0 
14784	0	3	92 35 0 
14784	0	2	91 53 0 
14784	0	3	92 30 64 
14784	0	3	92 3a 64 
14784	0	3	92 34 64 
14784	0	2	91 54 6e 
14784	0	1	90 3c 64 
14808	24	2	91 54 0 
14808	0	1	90 3c 0 
14808	0	1	90 3d 64 
14832	24	1	90 3d 0 
14832	0	1	90 3c 64 
14856	24	1	90 3c 0 
14856	0	1	90 3b 64 
14880	24	3	92 34 0 
14880	0	3	92 3a 0 
14880	0	3	92 30 0 
14880	0	1	90 3b 0 
14880	0	3	92 30 64 
14880	0	3	92 39 64 
14880	0	2	91 3c 6e 
14880	0	2	91 3f 6e 
14880	0	2	91 42 6e 
14880	0	1	90 3c 64 
14904	24	2	91 42 0 
14904	0	2	91 3f 0 
14904	0	2	91 3c 0 
14904	0	1	90 3c 0 
14904	0	1	90 3d 64 
14928	24	1	90 3d 0 
14928	0	1	90 3c 64 
14952	24	1	90 3c 0 
14952	0	1	90 3b 64 
14976	24	3	92 39 0 
14976	0	3	92 30 0 
14976	0	1	90 3b 0 
14976	0	3	92 30 64 
14976	0	3	92 3a 64 
14976	0	2	91 3c 6e 
14976	0	2	91 40 6e 
14976	0	2	91 43 6e 
14976	0	1	90 3c 64 
15000	24	2	91 43 0 
15000	0	2	91 40 0 
15000	0	2	91 3c 0 
15000	0	1	90 3c 0 
15000	0	1	90 3d 64 
15024	24	1	90 3d 0 
15024	0	1	90 3c 64 
15048	24	1	90 3c 0 
15048	0	1	90 3b 64 
15072	24	3	92 3a 0 
15072	0	3	92 30 0 
15072	0	1	90 3b 0 
15072	0	3	92 30 64 
15072	0	3	92 39 64 
15072	0	2	91 3c 6e 
15072	0	2	91 40 6e 
15072	0	1	90 3c 64 
15096	24	2	91 40 0 
15096	0	2	91 3c 0 
15096	0	1	90 3c 0 
15096	0	1	90 3d 64 
15120	24	1	90 3d 0 
15120	0	1	90 3c 64 
15144	24	1	90 3c 0 
15144	0	1	90 3b 64 
15168	24	3	92 39 0 
15168	0	3	92 30 0 
15168	0	1	90 3b 0 
15168	0	3	92 30 64 
15168	0	3	92 3a 64 
15168	0	2	91 3d 6e 
15168	0	2	91 43 6e 
15168	0	1	90 3c 64 
15192	24	2	91 43 0 
15192	0	2	91 3d 0 
15192	0	1	90 3c 0 
15192	0	1	90 3d 64 
15216	24	1	90 3d 0 
15216	0	1	90 3e 64 
15240	24	1	90 3e 0 
15240	0	1	90 3f 64 
15264	24	3	92 3a 0 
15264	0	3	92 30 0 
15264	0	1	90 3f 0 
15264	0	3	92 30 64 
15264	0	3	92 39 64 
15264	0	2	91 3c 6e 
15264	0	2	91 42 6e 
15264	0	1	90 40 64 
15288	24	2	91 42 0 
15288	0	2	91 3c 0 
15288	0	1	90 40 0 
15288	0	1	90 3f 64 
15312	24	1	90 3f 0 
15312	0	1	90 3e 64 
15336	24	1	90 3e 0 
15336	0	1	90 3f 64 
15360	24	3	92 39 0 
15360	0	3	92 30 0 
15360	0	1	90 3f 0 
15360	0	3	92 3a 64 
15360	0	3	92 30 64 
15360	0	2	91 3c 6e 
15360	0	2	91 40 6e 
15360	0	1	90 40 69 
15384	24	2	91 40 0 
15384	0	2	91 3c 0 
15384	0	1	90 40 0 
15384	0	1	90 41 69 
15408	24	1	90 41 0 
15408	0	1	90 42 69 
15432	24	1	90 42 0 
15432	0	1	90 43 69 
15456	24	1	90 43 0 
15456	0	1	90 44 69 
15480	24	1	90 44 0 
15480	0	1	90 45 69 
15504	24	1	90 45 0 
15504	0	1	90 46 69 
15528	24	1	90 46 0 
15528	0	1	90 47 69 
15552	24	3	92 30 0 
15552	0	3	92 3a 0 
15552	0	1	90 47 0 
15552	0	3	92 29 64 
15552	0	3	92 30 64 
15552	0	2	91 38 6e 
15552	0	2	91 41 6e 
15552	0	1	90 48 64 
15576	24	2	91 41 0 
15576	0	2	91 38 0 
15576	0	1	90 48 0 
15576	0	1	90 47 64 
15600	24	1	90 47 0 
15600	0	1	90 46 64 
15624	24	1	90 46 0 
15624	0	1	90 45 64 
15648	24	3	92 30 0 
15648	0	3	92 29 0 
15648	0	1	90 45 0 
15648	0	3	92 31 64 
15648	0	3	92 38 64 
15648	0	2	91 3b 6e 
15648	0	2	91 41 6e 
15648	0	1	90 44 64 
15672	24	2	91 41 0 
15672	0	2	91 3b 0 
15672	0	1	90 44 0 
15672	0	1	90 49 64 
15696	24	1	90 49 0 
15696	0	1	90 48 64 
15720	24	1	90 48 0 
15720	0	1	90 47 64 
15744	24	3	92 38 0 
15744	0	3	92 31 0 
15744	0	1	90 47 0 
15744	0	3	92 30 64 
15744	0	3	92 38 64 
15744	0	2	91 3c 6e 
15744	0	2	91 41 6e 
15744	0	1	90 48 64 
15768	24	2	91 41 0 
15768	0	2	91 3c 0 
15768	0	1	90 48 0 
15768	0	1	90 47 64 
15792	24	1	90 47 0 
15792	0	1	90 46 64 
15816	24	1	90 46 0 
15816	0	1	90 45 64 
15840	24	3	92 38 0 
15840	0	3	92 30 0 
15840	0	1	90 45 0 
15840	0	3	92 2f 64 
15840	0	3	92 37 64 
15840	0	2	91 3d 6e 
15840	0	2	91 41 6e 
15840	0	1	90 44 64 
15864	24	2	91 41 0 
15864	0	2	91 3d 0 
15864	0	1	90 44 0 
15864	0	1	90 45 64 
15888	24	1	90 45 0 
15888	0	1	90 46 64 
15912	24	1	90 46 0 
15912	0	1	90 47 64 
15936	24	3	92 37 0 
15936	0	3	92 2f 0 
15936	0	1	90 47 0 
15936	0	3	92 30 64 
15936	0	3	92 38 64 
15936	0	2	91 3c 6e 
15936	0	2	91 41 6e 
15936	0	1	90 48 64 
15960	24	2	91 41 0 
15960	0	2	91 3c 0 
15960	0	1	90 48 0 
15960	0	1	90 47 64 
15984	24	1	90 47 0 
15984	0	1	90 46 64 
16008	24	1	90 46 0 
16008	0	1	90 45 64 
16032	24	3	92 38 0 
16032	0	3	92 30 0 
16032	0	1	90 45 0 
16032	0	3	92 34 64 
16032	0	3	92 3a 64 
16032	0	2	91 3d 6e 
16032	0	2	91 43 6e 
16032	0	1	90 46 64 
16056	24	2	91 43 0 
16056	0	2	91 3d 0 
16056	0	1	90 46 0 
16056	0	1	90 45 64 
16080	24	1	90 45 0 
16080	0	1	90 44 64 
16104	24	1	90 44 0 
16104	0	1	90 43 64 
16128	24	3	92 3a 0 
16128	0	3	92 34 0 
16128	0	1	90 43 0 
16128	0	3	92 35 64 
16128	0	3	92 38 64 
16128	0	2	91 3c 6e 
16128	0	2	91 41 6e 
16128	0	1	90 44 64 
16152	24	2	91 41 0 
16152	0	2	91 3c 0 
16152	0	1	90 44 0 
16152	0	1	90 45 64 
16176	24	1	90 45 0 
16176	0	1	90 46 64 
16200	24	1	90 46 0 
16200	0	1	90 47 64 
16224	24	3	92 38 0 
16224	0	3	92 35 0 
16224	0	1	90 47 0 
16224	0	3	92 33 64 
16224	0	3	92 39 64 
16224	0	2	91 3c 6e 
16224	0	2	91 43 6e 
16224	0	1	90 46 64 
16248	24	2	91 43 0 
16248	0	2	91 3c 0 
16248	0	1	90 46 0 
16248	0	1	90 47 64 
16272	24	1	90 47 0 
16272	0	1	90 48 64 
16296	24	1	90 48 0 
16296	0	1	90 49 64 
16320	24	3	92 39 0 
16320	0	3	92 33 0 
16320	0	1	90 49 0 
16320	0	3	92 39 64 
16320	0	3	92 32 64 
16320	0	2	91 42 6e 
16320	0	2	91 3c 6e 
16320	0	1	90 4a 64 
16344	24	2	91 3c 0 
16344	0	2	91 42 0 
16344	0	1	90 4a 0 
16344	0	1	90 49 64 
16368	24	1	90 49 0 
16368	0	1	90 48 64 
16392	24	1	90 48 0 
16392	0	1	90 47 64 
16416	24	1	90 47 0 
16416	0	1	90 48 64 
16440	24	1	90 48 0 
16440	0	1	90 47 64 
16464	24	1	90 47 0 
16464	0	1	90 46 64 
16488	24	1	90 46 0 
16488	0	1	90 45 64 
16512	24	1	90 45 0 
16512	0	1	90 46 64 
16536	24	1	90 46 0 
16536	0	1	90 45 64 
16560	24	1	90 45 0 
16560	0	1	90 44 64 
16584	24	1	90 44 0 
16584	0	1	90 43 64 
16608	24	1	90 43 0 
16608	0	1	90 42 64 
16632	24	1	90 42 0 
16632	0	1	90 41 64 
16656	24	1	90 41 0 
16656	0	1	90 40 64 
16680	24	1	90 40 0 
16680	0	1	90 3f 64 
16704	24	3	92 32 0 
16704	0	3	92 39 0 
16704	0	1	90 3f 0 
16704	0	3	92 3a 64 
16704	0	3	92 37 64 
16704	0	2	91 43 6e 
16704	0	2	91 3e 6e 
16704	0	1	90 3e 64 
16728	24	2	91 3e 0 
16728	0	2	91 43 0 
16728	0	1	90 3e 0 
16728	0	1	90 3f 64 
16752	24	1	90 3f 0 
16752	0	1	90 3e 64 
16776	24	1	90 3e 0 
16776	0	1	90 3d 64 
16800	24	3	92 37 0 
16800	0	3	92 3a 0 
16800	0	1	90 3d 0 
16800	0	3	92 3a 64 
16800	0	3	92 37 64 
16800	0	2	91 3e 6e 
16800	0	2	91 43 6e 
16800	0	1	90 3e 64 
16824	24	2	91 43 0 
16824	0	2	91 3e 0 
16824	0	1	90 3e 0 
16824	0	1	90 3f 64 
16848	24	1	90 3f 0 
16848	0	1	90 3e 64 
16872	24	1	90 3e 0 
16872	0	1	90 3d 64 
16896	24	3	92 37 0 
16896	0	3	92 3a 0 
16896	0	1	90 3d 0 
16896	0	3	92 2b 64 
16896	0	3	92 37 64 
16896	0	2	91 3a 6e 
16896	0	2	91 3e 6e 
16896	0	2	91 43 6e 
16896	0	1	90 3e 64 
16920	24	2	91 43 0 
16920	0	2	91 3e 0 
16920	0	2	91 3a 0 
16920	0	1	90 3e 0 
16920	0	1	90 3f 64 
16944	24	1	90 3f 0 
16944	0	1	90 3e 64 
16968	24	1	90 3e 0 
16968	0	1	90 3d 64 
16992	24	3	92 37 0 
16992	0	3	92 2b 0 
16992	0	1	90 3d 0 
16992	0	3	92 2b 64 
16992	0	3	92 37 64 
16992	0	2	91 3a 6e 
16992	0	2	91 3e 6e 
16992	0	2	91 43 6e 
16992	0	1	90 3e 64 
17016	24	2	91 43 0 
17016	0	2	91 3e 0 
17016	0	2	91 3a 0 
17016	0	1	90 3e 0 
17016	0	1	90 3f 64 
17040	24	1	90 3f 0 
17040	0	1	90 3e 64 
17064	24	1	90 3e 0 
17064	0	1	90 3d 64 
17088	24	3	92 37 0 
17088	0	3	92 2b 0 
17088	0	1	90 3d 0 
17088	0	3	92 37 64 
17088	0	3	92 3a 64 
17088	0	2	91 3e 6e 
17088	0	2	91 43 6e 
17088	0	1	90 3e 64 
17112	24	2	91 43 0 
17112	0	2	91 3e 0 
17112	0	1	90 3e 0 
17112	0	1	90 3f 64 
17136	24	1	90 3f 0 
17136	0	1	90 3e 64 
17160	24	1	90 3e 0 
17160	0	1	90 3d 64 
17184	24	3	92 3a 0 
17184	0	3	92 37 0 
17184	0	1	90 3d 0 
17184	0	3	92 37 64 
17184	0	3	92 3a 64 
17184	0	2	91 3e 6e 
17184	0	2	91 43 6e 
17184	0	1	90 3e 64 
17208	24	2	91 43 0 
17208	0	2	91 3e 0 
17208	0	1	90 3e 0 
17208	0	1	90 3f 64 
17232	24	1	90 3f 0 
17232	0	1	90 3e 64 
17256	24	1	90 3e 0 
17256	0	1	90 3d 64 
17280	24	3	92 3a 0 
17280	0	3	92 37 0 
17280	0	1	90 3d 0 
17280	0	3	92 2b 64 
17280	0	3	92 37 64 
17280	0	2	91 3a 6e 
17280	0	2	91 3e 6e 
17280	0	2	91 43 6e 
17280	0	1	90 3e 64 
17304	24	2	91 43 0 
17304	0	2	91 3e 0 
17304	0	2	91 3a 0 
17304	0	1	90 3e 0 
17304	0	1	90 3f 64 
17328	24	1	90 3f 0 
17328	0	1	90 3e 64 
17352	24	1	90 3e 0 
17352	0	1	90 3d 64 
17376	24	3	92 37 0 
17376	0	3	92 2b 0 
17376	0	1	90 3d 0 
17376	0	3	92 2b 64 
17376	0	3	92 37 64 
17376	0	2	91 3a 6e 
17376	0	2	91 3e 6e 
17376	0	2	91 43 6e 
17376	0	1	90 3e 64 
17400	24	2	91 43 0 
17400	0	2	91 3e 0 
17400	0	2	91 3a 0 
17400	0	1	90 3e 0 
17400	0	1	90 3f 64 
17424	24	1	90 3f 0 
17424	0	1	90 3e 64 
17448	24	1	90 3e 0 
17448	0	1	90 3d 64 
17472	24	3	92 37 0 
17472	0	3	92 2b 0 
17472	0	1	90 3d 0 
17472	0	3	92 26 6e 
17472	0	3	92 2d 6e 
17472	0	3	92 36 6e 
17472	0	2	91 4a 78 
17472	0	1	90 3e 64 
17496	24	2	91 4a 0 
17496	0	1	90 3e 0 
17496	0	2	91 49 78 
17520	24	2	91 49 0 
17520	0	2	91 48 78 
17544	24	2	91 48 0 
17544	0	2	91 47 78 
17568	24	2	91 47 0 
17568	0	2	91 48 78 
17592	24	2	91 48 0 
17592	0	2	91 47 78 
17616	24	2	91 47 0 
17616	0	2	91 46 78 
17640	24	2	91 46 0 
17640	0	2	91 45 78 
17664	24	2	91 45 0 
17664	0	2	91 46 78 
17688	24	2	91 46 0 
17688	0	2	91 45 78 
17712	24	2	91 45 0 
17712	0	2	91 44 78 
17736	24	2	91 44 0 
17736	0	2	91 43 78 
17760	24	2	91 43 0 
17760	0	2	91 42 78 
17784	24	2	91 42 0 
17784	0	2	91 41 78 
17808	24	2	91 41 0 
17808	0	2	91 40 78 
17832	24	2	91 40 0 
17832	0	2	91 3f 78 
17856	24	3	92 36 0 
17856	0	3	92 2d 0 
17856	0	3	92 26 0 
17856	0	2	91 3f 0 
17856	0	3	92 2b 64 
17856	0	3	92 37 64 
17856	0	2	91 3e 6e 
17856	0	2	91 43 6e 
17856	0	2	91 46 6e 
17856	0	1	90 4a 78 
17880	24	2	91 46 0 
17880	0	2	91 43 0 
17880	0	2	91 3e 0 
17880	0	1	90 4a 0 
17880	0	1	90 49 78 
17904	24	1	90 49 0 
17904	0	1	90 48 78 
17928	24	1	90 48 0 
17928	0	1	90 47 78 
17952	24	3	92 37 0 
17952	0	3	92 2b 0 
17952	0	1	90 47 0 
17952	0	3	92 2b 64 
17952	0	3	92 37 64 
17952	0	2	91 46 6e 
17952	0	2	91 3e 6e 
17952	0	2	91 43 6e 
17952	0	1	90 46 78 
17976	24	2	91 43 0 
17976	0	2	91 3e 0 
17976	0	2	91 46 0 
17976	0	1	90 46 0 
17976	0	1	90 4b 78 
18000	24	1	90 4b 0 
18000	0	1	90 4a 78 
18024	24	1	90 4a 0 
18024	0	1	90 49 78 
18048	24	3	92 37 0 
18048	0	3	92 2b 0 
18048	0	1	90 49 0 
18048	0	3	92 2b 64 
18048	0	3	92 37 64 
18048	0	2	91 46 6e 
18048	0	2	91 3e 6e 
18048	0	2	91 43 6e 
18048	0	1	90 4a 78 
18072	24	2	91 43 0 
18072	0	2	91 3e 0 
18072	0	2	91 46 0 
18072	0	1	90 4a 0 
18072	0	1	90 49 78 
18096	24	1	90 49 0 
18096	0	1	90 48 78 
18120	24	1	90 48 0 
18120	0	1	90 47 78 
18144	24	3	92 37 0 
18144	0	3	92 2b 0 
18144	0	1	90 47 0 
18144	0	3	92 3a 64 
18144	0	3	92 33 64 
18144	0	2	91 3f 6e 
18144	0	2	91 43 6e 
18144	0	2	91 46 6e 
18144	0	1	90 46 78 
18168	24	2	91 46 0 
18168	0	2	91 43 0 
18168	0	2	91 3f 0 
18168	0	1	90 46 0 
18168	0	1	90 47 78 
18192	24	1	90 47 0 
18192	0	1	90 48 78 
18216	24	1	90 48 0 
18216	0	1	90 49 78 
18240	24	3	92 33 0 
18240	0	3	92 3a 0 
18240	0	1	90 49 0 
18240	0	3	92 37 64 
18240	0	3	92 2b 64 
18240	0	2	91 3e 6e 
18240	0	2	91 43 6e 
18240	0	2	91 46 6e 
18240	0	1	90 4a 78 
18264	24	2	91 46 0 
18264	0	2	91 43 0 
18264	0	2	91 3e 0 
18264	0	1	90 4a 0 
18264	0	1	90 49 78 
18288	24	1	90 49 0 
18288	0	1	90 48 78 
18312	24	1	90 48 0 
18312	0	1	90 47 78 
18336	24	3	92 2b 0 
18336	0	3	92 37 0 
18336	0	1	90 47 0 
18336	0	3	92 2b 64 
18336	0	3	92 37 64 
18336	0	2	91 3e 6e 
18336	0	2	91 43 6e 
18336	0	2	91 46 6e 
18336	0	1	90 46 78 
18360	24	2	91 46 0 
18360	0	2	91 43 0 
18360	0	2	91 3e 0 
18360	0	1	90 46 0 
18360	0	1	90 4b 78 
18384	24	1	90 4b 0 
18384	0	1	90 4a 78 
18408	24	1	90 4a 0 
18408	0	1	90 49 78 
18432	24	3	92 37 0 
18432	0	3	92 2b 0 
18432	0	1	90 49 0 
18432	0	3	92 2b 64 
18432	0	3	92 37 64 
18432	0	2	91 3e 6e 
18432	0	2	91 43 6e 
18432	0	2	91 46 6e 
18432	0	1	90 4a 78 
18456	24	2	91 46 0 
18456	0	2	91 43 0 
18456	0	2	91 3e 0 
18456	0	1	90 4a 0 
18456	0	1	90 49 78 
18480	24	1	90 49 0 
18480	0	1	90 48 78 
18504	24	1	90 48 0 
18504	0	1	90 47 78 
18528	24	3	92 37 0 
18528	0	3	92 2b 0 
18528	0	1	90 47 0 
18528	0	3	92 33 64 
18528	0	3	92 3a 64 
18528	0	2	91 3f 6e 
18528	0	2	91 43 6e 
18528	0	2	91 46 6e 
18528	0	1	90 46 78 
18552	24	2	91 46 0 
18552	0	2	91 43 0 
18552	0	2	91 3f 0 
18552	0	1	90 46 0 
18552	0	1	90 47 78 
18576	24	1	90 47 0 
18576	0	1	90 48 78 
18600	24	1	90 48 0 
18600	0	1	90 49 78 
18624	24	3	92 3a 0 
18624	0	3	92 33 0 
18624	0	1	90 49 0 
18624	0	3	92 2b 64 
18624	0	3	92 37 64 
18624	0	2	91 3e 6e 
18624	0	2	91 43 6e 
18624	0	2	91 46 6e 
18624	0	1	90 4a 78 
18648	24	2	91 46 0 
18648	0	2	91 43 0 
18648	0	2	91 3e 0 
18648	0	1	90 4a 0 
18672	24	1	90 42 50 
18696	24	1	90 42 0 
18696	0	1	90 43 50 
18720	24	3	92 37 0 
18720	0	3	92 2b 0 
18720	0	1	90 43 0 
18720	0	1	90 44 50 
18744	24	1	90 44 0 
18744	0	1	90 45 50 
18768	24	1	90 45 0 
18768	0	1	90 46 50 
18792	24	1	90 46 0 
18792	0	1	90 47 50 
18816	24	1	90 47 0 
18816	0	3	92 2c 64 
18816	0	3	92 30 64 
18816	0	2	91 3f 6e 
18816	0	2	91 38 6e 
18816	0	1	90 48 55 
18840	24	2	91 38 0 
18840	0	2	91 3f 0 
18840	0	1	90 48 0 
18840	0	1	90 47 55 
18864	24	1	90 47 0 
18864	0	1	90 46 55 
18888	24	1	90 46 0 
18888	0	1	90 45 55 
18912	24	3	92 30 0 
18912	0	3	92 2c 0 
18912	0	1	90 45 0 
18912	0	1	90 46 55 
18936	24	1	90 46 0 
18936	0	1	90 45 55 
18960	24	1	90 45 0 
18960	0	1	90 44 55 
18984	24	1	90 44 0 
18984	0	1	90 43 55 
19008	24	1	90 43 0 
19008	0	3	92 2b 64 
19008	0	3	92 37 64 
19008	0	2	91 3a 6e 
19008	0	2	91 3e 6e 
19008	0	1	90 42 5a 
19032	24	2	91 3e 0 
19032	0	2	91 3a 0 
19032	0	1	90 42 0 
19032	0	1	90 43 5a 
19056	24	1	90 43 0 
19056	0	1	90 44 5a 
19080	24	1	90 44 0 
19080	0	1	90 45 5a 
19104	24	3	92 37 0 
19104	0	3	92 2b 0 
19104	0	1	90 45 0 
19104	0	1	90 46 5a 
19128	24	1	90 46 0 
19128	0	1	90 47 5a 
19152	24	1	90 47 0 
19152	0	1	90 48 5a 
19176	24	1	90 48 0 
19176	0	1	90 49 5a 
19200	24	1	90 49 0 
19200	0	3	92 36 64 
19200	0	3	92 32 64 
19200	0	2	91 3c 6e 
19200	0	2	91 3e 6e 
19200	0	1	90 4a 6e 
19224	24	2	91 3e 0 
19224	0	2	91 3c 0 
19224	0	1	90 4a 0 
19224	0	1	90 4b 6e 
19248	24	1	90 4b 0 
19248	0	1	90 4a 6e 
19272	24	1	90 4a 0 
19272	0	1	90 49 6e 
19296	24	3	92 32 0 
19296	0	3	92 36 0 
19296	0	1	90 49 0 
19296	0	1	90 4a 6e 
19320	24	1	90 4a 0 
19320	0	1	90 4c 6e 
19344	24	1	90 4c 0 
19344	0	1	90 4d 6e 
19368	24	1	90 4d 0 
19368	0	1	90 4e 64 
19392	24	1	90 4e 0 
19392	0	3	92 33 64 
19392	0	3	92 3a 64 
19392	0	2	91 3f 6e 
19392	0	2	91 43 6e 
19392	0	2	91 46 6e 
19392	0	1	90 4f 64 
19416	24	2	91 46 0 
19416	0	2	91 43 0 
19416	0	2	91 3f 0 
19416	0	1	90 4f 0 
19416	0	1	90 4e 64 
19440	24	1	90 4e 0 
19440	0	1	90 4d 64 
19464	24	1	90 4d 0 
19464	0	1	90 4c 64 
19488	24	3	92 3a 0 
19488	0	3	92 33 0 
19488	0	1	90 4c 0 
19488	0	3	92 37 64 
19488	0	3	92 3b 64 
19488	0	2	91 3e 6e 
19488	0	2	91 41 6e 
19488	0	2	91 44 6e 
19488	0	1	90 4d 64 
19512	24	2	91 44 0 
19512	0	2	91 41 0 
19512	0	2	91 3e 0 
19512	0	1	90 4d 0 
19512	0	1	90 4c 64 
19536	24	1	90 4c 0 
19536	0	1	90 4b 64 
19560	24	1	90 4b 0 
19560	0	1	90 4a 64 
19584	24	3	92 3b 0 
19584	0	3	92 37 0 
19584	0	1	90 4a 0 
19584	0	3	92 33 64 
19584	0	3	92 37 64 
19584	0	2	91 3a 6e 
19584	0	2	91 3f 6e 
19584	0	2	91 43 6e 
19584	0	1	90 4b 64 
19608	24	2	91 43 0 
19608	0	2	91 3f 0 
19608	0	2	91 3a 0 
19608	0	1	90 4b 0 
19608	0	1	90 4a 64 
19632	24	1	90 4a 0 
19632	0	1	90 49 64 
19632	0	1	90 49 64 
19656	24	1	90 49 0 
19656	0	1	90 49 0 
19656	0	1	90 48 64 
19680	24	3	92 37 0 
19680	0	3	92 33 0 
19680	0	1	90 48 0 
19680	0	1	90 47 64 
19704	24	1	90 47 0 
19704	0	1	90 46 64 
19728	24	1	90 46 0 
19728	0	1	90 45 64 
19752	24	1	90 45 0 
19752	0	1	90 45 64 
19776	24	1	90 45 0 
19776	0	3	92 2e 64 
19776	0	3	92 37 64 
19776	0	2	91 3a 6e 
19776	0	2	91 3f 6e 
19776	0	2	91 43 6e 
19776	0	1	90 43 64 
19800	24	2	91 43 0 
19800	0	2	91 3f 0 
19800	0	2	91 3a 0 
19800	0	1	90 43 0 
19800	0	1	90 42 64 
19824	24	1	90 42 0 
19824	0	1	90 41 64 
19848	24	1	90 41 0 
19848	0	1	90 40 64 
19872	24	3	92 37 0 
19872	0	3	92 2e 0 
19872	0	1	90 40 0 
19872	0	3	92 32 64 
19872	0	3	92 2b 64 
19872	0	2	91 3b 6e 
19872	0	2	91 3e 6e 
19872	0	2	91 41 6e 
19872	0	1	90 41 64 
19896	24	2	91 41 0 
19896	0	2	91 3e 0 
19896	0	2	91 3b 0 
19896	0	1	90 41 0 
19896	0	1	90 40 64 
19920	24	1	90 40 0 
19920	0	1	90 3f 64 
19944	24	1	90 3f 0 
19944	0	1	90 3e 64 
19968	24	3	92 2b 0 
19968	0	3	92 32 0 
19968	0	1	90 3e 0 
19968	0	3	92 2b 64 
19968	0	3	92 30 64 
19968	0	2	91 3c 6e 
19968	0	2	91 3f 6e 
19968	0	2	91 37 6e 
19968	0	1	90 3f 64 
19992	24	2	91 37 0 
19992	0	2	91 3f 0 
19992	0	2	91 3c 0 
19992	0	1	90 3f 0 
19992	0	1	90 3e 64 
20016	24	1	90 3e 0 
20016	0	1	90 3d 64 
20040	24	1	90 3d 0 
20040	0	1	90 3c 64 
20064	24	3	92 30 0 
20064	0	3	92 2b 0 
20064	0	1	90 3c 0 
20064	0	1	90 3b 64 
20088	24	1	90 3b 0 
20088	0	1	90 3a 64 
20112	24	1	90 3a 0 
20112	0	1	90 39 64 
20136	24	1	90 39 0 
20136	0	1	90 38 64 
20160	24	1	90 38 0 
20160	0	3	92 2b 64 
20160	0	3	92 32 64 
20160	0	2	91 37 6e 
20160	0	2	91 3a 6e 
20160	0	2	91 3e 6e 
20160	0	1	90 37 64 
20184	24	2	91 3e 0 
20184	0	2	91 3a 0 
20184	0	2	91 37 0 
20184	0	1	90 37 0 
20184	0	1	90 38 64 
20208	24	1	90 38 0 
20208	0	1	90 37 64 
20232	24	1	90 37 0 
20232	0	1	90 36 64 
20256	24	3	92 32 0 
20256	0	3	92 2b 0 
20256	0	1	90 36 0 
20256	0	1	90 37 64 
20280	24	1	90 37 0 
20280	0	1	90 38 64 
20304	24	1	90 38 0 
20304	0	1	90 37 64 
20328	24	1	90 37 0 
20328	0	1	90 36 64 
20352	24	1	90 36 0 
20352	0	1	90 37 64 
20376	24	1	90 37 0 
20376	0	1	90 38 64 
20400	24	1	90 38 0 
20400	0	3	92 32 78 
20400	0	2	91 37 78 
20400	0	2	91 3a 78 
20400	0	2	91 3e 78 
20400	0	1	90 37 64 
20412	12	3	92 32 0 
20412	0	2	91 3e 0 
20412	0	2	91 3a 0 
20412	0	2	91 37 0 
20424	12	1	90 37 0 
20424	0	1	90 36 64 
20448	24	1	90 36 0 
20448	0	3	92 2e 78 
20448	0	2	91 37 78 
20448	0	2	91 3a 78 
20448	0	2	91 3e 78 
20448	0	1	90 37 64 
20460	12	3	92 2e 0 
20460	0	2	91 3e 0 
20460	0	2	91 3a 0 
20460	0	2	91 37 0 
20472	12	1	90 37 0 
20472	0	1	90 39 64 
20496	24	1	90 39 0 
20496	0	3	92 2b 78 
20496	0	2	91 37 78 
20496	0	2	91 3a 78 
20496	0	2	91 3e 78 
20496	0	1	90 3a 64 
20508	12	3	92 2b 0 
20508	0	2	91 3e 0 
20508	0	2	91 3a 0 
20508	0	2	91 37 0 
20520	12	1	90 3a 0 
20520	0	1	90 3c 64 
20544	24	1	90 3c 0 
20544	0	3	92 26 78 
20544	0	3	92 32 78 
20544	0	2	91 36 78 
20544	0	2	91 3c 78 
20544	0	2	91 3e 78 
20544	0	1	90 3e 64 
20556	12	3	92 32 0 
20556	0	3	92 26 0 
20556	0	2	91 3e 0 
20556	0	2	91 3c 0 
20556	0	2	91 36 0 
20568	12	1	90 3e 0 
20568	0	1	90 3f 64 
20592	24	1	90 3f 0 
20592	0	1	90 3e 64 
20616	24	1	90 3e 0 
20616	0	1	90 3d 64 
20640	24	1	90 3d 0 
20640	0	1	90 3e 64 
20664	24	1	90 3e 0 
20664	0	1	90 3f 64 
20688	24	1	90 3f 0 
20688	0	1	90 3e 64 
20712	24	1	90 3e 0 
20712	0	1	90 3d 64 
20736	24	1	90 3d 0 
20736	0	1	90 3e 64 
20760	24	1	90 3e 0 
20760	0	1	90 3f 64 
20784	24	1	90 3f 0 
20784	0	3	92 30 78 
20784	0	2	91 36 6e 
20784	0	2	91 3c 6e 
20784	0	2	91 3e 6e 
20784	0	1	90 3e 64 
20796	12	3	92 30 0 
20796	0	2	91 3e 0 
20796	0	2	91 3c 0 
20796	0	2	91 36 0 
20808	12	1	90 3e 0 
20808	0	1	90 3d 64 
20832	24	1	90 3d 0 
20832	0	3	92 2d 78 
20832	0	2	91 36 6e 
20832	0	2	91 3c 6e 
20832	0	2	91 3e 6e 
20832	0	1	90 3e 64 
20844	12	3	92 2d 0 
20844	0	2	91 3e 0 
20844	0	2	91 3c 0 
20844	0	2	91 36 0 
20856	12	1	90 3e 0 
20856	0	1	90 40 64 
20880	24	1	90 40 0 
20880	0	3	92 2a 78 
20880	0	2	91 36 6e 
20880	0	2	91 3c 6e 
20880	0	2	91 3e 6e 
20880	0	1	90 41 64 
20892	12	3	92 2a 0 
20892	0	2	91 3e 0 
20892	0	2	91 3c 0 
20892	0	2	91 36 0 
20904	12	1	90 41 0 
20904	0	1	90 42 64 
20928	24	1	90 42 0 
20928	0	3	92 2b 64 
20928	0	2	91 37 6c 
20928	0	2	91 3a 6e 
20928	0	2	91 3e 6e 
20928	0	1	90 43 64 
20944	16	1	90 43 0 
20952	8	2	91 3e 0 
20952	0	2	91 3a 0 
20952	0	2	91 37 0 
20976	24	3	92 2b 0 
21120	144	3	92 32 64 
21120	0	2	91 3e 6e 
21120	0	1	90 3e 64 
21136	16	1	90 3e 0 
21144	8	2	91 3e 0 
21168	24	3	92 32 0 
21312	144	3	92 2b 64 
21312	0	2	91 37 6e 
21312	0	1	90 37 64 
21328	16	1	90 37 0 
21328	0	1	ff 2f 0 
21336	8	2	91 37 0 
21336	0	2	ff 2f 0 
21360	24	3	92 2b 0 
21360	0	3	ff 2f 0 
