TPQ: 96
TRACKS: 4
0	0	0	ff 51 3 7 a1 20 
0	0	0	ff 58 4 4 2 18 8 
0	0	1	c1 20 
0	0	2	c2 0 
0	0	3	e0 0 40 
0	0	0	ff 2f 0 
1	1	3	b0 2 0 
2	1	3	b0 40 0 
3	1	3	b0 7b 0 
4	1	3	d0 0 
5	1	3	b0 7 7f 
6	1	3	b0 b 7f 
7	1	3	b0 1 0 
8	1	3	b0 a 41 
9	1	3	b0 5b 1e 
10	1	3	b0 5d 1e 
11	1	3	b0 64 0 
12	1	3	b0 65 0 
13	1	3	b0 6 2 
14	1	3	b0 26 0 
15	1	3	e1 0 40 
16	1	3	b1 2 0 
17	1	3	b1 40 0 
18	1	3	b1 7b 0 
19	1	3	d1 0 
20	1	3	b1 7 7f 
21	1	3	b1 b 7f 
22	1	3	b1 1 0 
23	1	3	b1 a 41 
24	1	3	b1 5b 1e 
25	1	3	b1 5d 1e 
26	1	3	b1 64 0 
27	1	3	b1 65 0 
28	1	3	b1 6 2 
29	1	3	b1 26 0 
30	1	3	e2 0 40 
31	1	3	b2 2 0 
32	1	3	b2 40 0 
33	1	3	b2 7b 0 
34	1	3	d2 0 
35	1	3	b2 7 7f 
36	1	3	b2 b 7f 
37	1	3	b2 1 0 
38	1	3	b2 a 41 
39	1	3	b2 5b 1e 
40	1	3	b2 5d 1e 
41	1	3	b2 64 0 
42	1	3	b2 65 0 
43	1	3	b2 6 2 
44	1	3	b2 26 0 
45	1	3	e3 0 40 
46	1	3	b3 2 0 
47	1	3	b3 40 0 
48	1	3	b3 7b 0 
49	1	3	d3 0 
50	1	3	b3 7 7f 
51	1	3	b3 b 7f 
52	1	3	b3 1 0 
53	1	3	b3 a 41 
54	1	3	b3 5b 1e 
55	1	3	b3 5d 1e 
56	1	3	b3 64 0 
57	1	3	b3 65 0 
58	1	3	b3 6 2 
59	1	3	b3 26 0 
60	1	3	e4 0 40 
61	1	3	b4 2 0 
62	1	3	b4 40 0 
63	1	3	b4 7b 0 
64	1	3	d4 0 
65	1	3	b4 7 7f 
66	1	3	b4 b 7f 
67	1	3	b4 1 0 
68	1	3	b4 a 41 
69	1	3	b4 5b 1e 
70	1	3	b4 5d 1e 
71	1	3	b4 64 0 
72	1	3	b4 65 0 
73	1	3	b4 6 2 
74	1	3	b4 26 0 
75	1	3	e5 0 40 
76	1	3	b5 2 0 
77	1	3	b5 40 0 
78	1	3	b5 7b 0 
79	1	3	d5 0 
80	1	3	b5 7 7f 
81	1	3	b5 b 7f 
82	1	3	b5 1 0 
83	1	3	b5 a 41 
84	1	3	b5 5b 1e 
85	1	3	b5 5d 1e 
86	1	3	b5 64 0 
87	1	3	b5 65 0 
88	1	3	b5 6 2 
89	1	3	b5 26 0 
90	1	3	e6 0 40 
91	1	3	b6 2 0 
92	1	3	b6 40 0 
93	1	3	b6 7b 0 
94	1	3	d6 0 
95	1	3	b6 7 7f 
96	1	3	b6 b 7f 
97	1	3	b6 1 0 
98	1	3	b6 a 41 
99	1	3	b6 5b 1e 
100	1	3	b6 5d 1e 
101	1	3	b6 64 0 
102	1	3	b6 65 0 
103	1	3	b6 6 2 
104	1	3	b6 26 0 
105	1	3	e7 0 40 
106	1	3	b7 2 0 
107	1	3	b7 40 0 
108	1	3	b7 7b 0 
109	1	3	d7 0 
110	1	3	b7 7 7f 
111	1	3	b7 b 7f 
112	1	3	b7 1 0 
113	1	3	b7 a 41 
114	1	3	b7 5b 1e 
115	1	3	b7 5d 1e 
116	1	3	b7 64 0 
117	1	3	b7 65 0 
118	1	3	b7 6 2 
119	1	3	b7 26 0 
120	1	3	e8 0 40 
121	1	3	b8 2 0 
122	1	3	b8 40 0 
123	1	3	b8 7b 0 
124	1	3	d8 0 
125	1	3	b8 7 7f 
126	1	3	b8 b 7f 
127	1	3	b8 1 0 
128	1	3	b8 a 41 
129	1	3	b8 5b 1e 
130	1	3	b8 5d 1e 
131	1	3	b8 64 0 
132	1	3	b8 65 0 
133	1	3	b8 6 2 
134	1	3	b8 26 0 
135	1	3	e9 0 40 
136	1	3	b9 2 0 
137	1	3	b9 40 0 
138	1	3	b9 7b 0 
139	1	3	d9 0 
140	1	3	b9 7 7f 
141	1	3	b9 b 7f 
142	1	3	b9 1 0 
143	1	3	b9 a 41 
144	1	3	b9 5b 1e 
145	1	3	b9 5d 1e 
146	1	3	b9 64 0 
147	1	3	b9 65 0 
148	1	3	b9 6 2 
149	1	3	b9 26 0 
150	1	3	ea 0 40 
151	1	3	ba 2 0 
152	1	3	ba 40 0 
153	1	3	ba 7b 0 
154	1	3	da 0 
155	1	3	ba 7 7f 
156	1	3	ba b 7f 
157	1	3	ba 1 0 
158	1	3	ba a 41 
159	1	3	ba 5b 1e 
160	1	3	ba 5d 1e 
161	1	3	ba 64 0 
162	1	3	ba 65 0 
163	1	3	ba 6 2 
164	1	3	ba 26 0 
165	1	3	eb 0 40 
166	1	3	bb 2 0 
167	1	3	bb 40 0 
168	1	3	bb 7b 0 
169	1	3	db 0 
170	1	3	bb 7 7f 
171	1	3	bb b 7f 
172	1	3	bb 1 0 
173	1	3	bb a 41 
174	1	3	bb 5b 1e 
175	1	3	bb 5d 1e 
176	1	3	bb 64 0 
177	1	3	bb 65 0 
178	1	3	bb 6 2 
179	1	3	bb 26 0 
180	1	3	ec 0 40 
181	1	3	bc 2 0 
182	1	3	bc 40 0 
183	1	3	bc 7b 0 
184	1	3	dc 0 
185	1	3	bc 7 7f 
186	1	3	bc b 7f 
187	1	3	bc 1 0 
188	1	3	bc a 41 
189	1	3	bc 5b 1e 
190	1	3	bc 5d 1e 
191	1	3	bc 64 0 
192	1	3	bc 65 0 
193	1	3	bc 6 2 
194	1	3	bc 26 0 
195	1	3	ed 0 40 
196	1	3	bd 2 0 
197	1	3	bd 40 0 
198	1	3	bd 7b 0 
199	1	3	dd 0 
200	1	3	bd 7 7f 
201	1	3	bd b 7f 
202	1	3	bd 1 0 
203	1	3	bd a 41 
204	1	3	bd 5b 1e 
205	1	3	bd 5d 1e 
206	1	3	bd 64 0 
207	1	3	bd 65 0 
208	1	3	bd 6 2 
209	1	3	bd 26 0 
210	1	3	ee 0 40 
211	1	3	be 2 0 
212	1	3	be 40 0 
213	1	3	be 7b 0 
214	1	3	de 0 
215	1	3	be 7 7f 
216	1	3	be b 7f 
217	1	3	be 1 0 
218	1	3	be a 41 
219	1	3	be 5b 1e 
220	1	3	be 5d 1e 
221	1	3	be 64 0 
222	1	3	be 65 0 
223	1	3	be 6 2 
224	1	3	be 26 0 
225	1	3	ef 0 40 
226	1	3	bf 2 0 
227	1	3	bf 40 0 
228	1	3	bf 7b 0 
229	1	3	df 0 
230	1	3	bf 7 7f 
231	1	3	bf b 7f 
232	1	3	bf 1 0 
233	1	3	bf a 41 
234	1	3	bf 5b 1e 
235	1	3	bf 5d 1e 
236	1	3	bf 64 0 
237	1	3	bf 65 0 
238	1	3	bf 6 2 
239	1	3	bf 26 0 
240	1	3	ff 2f 0 
328	88	1	b1 7 6a 
331	3	1	b1 5b 2e 
352	21	1	b1 a 57 
359	7	1	b1 7 64 
384	25	1	91 24 4c 
431	47	1	91 24 0 
432	1	1	91 28 47 
454	22	1	91 28 0 
480	26	1	91 2b 3d 
527	47	1	91 2b 0 
528	1	1	91 2d 44 
550	22	1	91 2d 0 
576	26	1	91 2e 40 
623	47	1	91 2e 0 
624	1	1	91 2d 3b 
646	22	1	91 2d 0 
672	26	1	91 2b 3b 
719	47	1	91 2b 0 
720	1	1	91 28 44 
742	22	1	91 28 0 
768	26	1	91 24 48 
815	47	1	91 24 0 
816	1	1	91 28 3e 
838	22	1	91 28 0 
864	26	1	91 2b 3b 
911	47	1	91 2b 0 
912	1	1	91 2d 3e 
934	22	1	91 2d 0 
960	26	1	91 2e 3b 
1007	47	1	91 2e 0 
1008	1	1	91 2d 2f 
1030	22	1	91 2d 0 
1056	26	1	91 2b 3f 
1103	47	1	91 2b 0 
1104	1	1	91 28 40 
1126	22	1	91 28 0 
1152	26	1	91 24 48 
1199	47	1	91 24 0 
1200	1	1	91 28 3e 
1222	22	1	91 28 0 
1248	26	1	91 2b 3e 
1295	47	1	91 2b 0 
1296	1	1	91 2d 39 
1318	22	1	91 2d 0 
1344	26	1	91 2e 3e 
1391	47	1	91 2e 0 
1392	1	1	91 2d 3a 
1414	22	1	91 2d 0 
1440	26	1	91 2b 3e 
1487	47	1	91 2b 0 
1488	1	1	91 28 44 
1510	22	1	91 28 0 
1536	26	1	91 24 48 
1583	47	1	91 24 0 
1584	1	1	91 28 3f 
1606	22	1	91 28 0 
1632	26	1	91 2b 3e 
1679	47	1	91 2b 0 
1680	1	1	91 2d 34 
1702	22	1	91 2d 0 
1718	16	2	b2 5b 52 
1728	10	1	91 2e 40 
1775	47	1	91 2e 0 
1776	1	1	91 2d 40 
1798	22	1	91 2d 0 
1800	2	2	b2 a 2e 
1824	24	1	91 2b 3b 
1871	47	1	91 2b 0 
1872	1	1	91 28 50 
1894	22	1	91 28 0 
1920	26	1	91 24 4c 
1958	38	2	92 33 4c 
1967	9	1	91 24 0 
1968	1	1	91 28 47 
1974	6	2	92 34 48 
1977	3	2	92 33 0 
1990	13	1	91 28 0 
1995	5	2	92 34 0 
2016	21	1	91 2b 3d 
2019	3	2	92 3a 48 
2019	0	2	92 34 44 
2063	44	1	91 2b 0 
2064	1	1	91 2d 44 
2086	22	1	91 2d 0 
2112	26	1	91 2e 40 
2159	47	1	91 2e 0 
2160	1	1	91 2d 3b 
2182	22	1	91 2d 0 
2208	26	1	91 2b 3b 
2255	47	1	91 2b 0 
2256	1	1	91 28 44 
2278	22	1	91 28 0 
2304	26	1	91 24 48 
2351	47	1	91 24 0 
2352	1	1	91 28 3e 
2374	22	1	91 28 0 
2400	26	1	91 2b 3b 
2447	47	1	91 2b 0 
2448	1	1	91 2d 3e 
2470	22	1	91 2d 0 
2496	26	1	91 2e 3b 
2543	47	1	91 2e 0 
2544	1	1	91 2d 2f 
2566	22	1	91 2d 0 
2592	26	1	91 2b 3f 
2609	17	2	92 3a 0 
2610	1	2	92 34 0 
2639	29	1	91 2b 0 
2640	1	1	91 28 40 
2662	22	1	91 28 0 
2688	26	1	91 24 48 
2721	33	2	92 33 40 
2735	14	1	91 24 0 
2736	1	1	91 28 3e 
2740	4	2	92 33 0 
2740	0	2	92 34 3b 
2754	14	2	92 34 0 
2758	4	1	91 28 0 
2784	26	1	91 2b 3e 
2785	1	2	92 3a 4e 
2785	0	2	92 34 4e 
2831	46	1	91 2b 0 
2832	1	1	91 2d 39 
2854	22	1	91 2d 0 
2880	26	1	91 2e 3e 
2927	47	1	91 2e 0 
2928	1	1	91 2d 3a 
2950	22	1	91 2d 0 
2976	26	1	91 2b 3e 
3023	47	1	91 2b 0 
3024	1	1	91 28 44 
3046	22	1	91 28 0 
3072	26	1	91 24 48 
3119	47	1	91 24 0 
3120	1	1	91 28 3f 
3142	22	1	91 28 0 
3168	26	1	91 2b 3e 
3215	47	1	91 2b 0 
3216	1	1	91 2d 34 
3238	22	1	91 2d 0 
3264	26	1	91 2e 40 
3276	12	2	92 3a 0 
3279	3	2	92 34 0 
3311	32	1	91 2e 0 
3311	0	2	92 33 4c 
3312	1	1	91 2d 40 
3333	21	2	92 33 0 
3334	1	1	91 2d 0 
3339	5	2	92 34 3b 
3356	17	2	92 34 0 
3360	4	1	91 2b 3b 
3388	28	2	92 3a 4c 
3389	1	2	92 34 48 
3407	18	2	92 34 0 
3407	0	1	91 2b 0 
3408	1	1	91 28 50 
3410	2	2	92 3a 0 
3430	20	1	91 28 0 
3456	26	1	91 29 4c 
3491	35	2	92 38 47 
3503	12	1	91 29 0 
3504	1	1	91 2d 3d 
3509	5	2	92 38 0 
3509	0	2	92 39 3d 
3523	14	2	92 39 0 
3526	3	1	91 2d 0 
3551	25	2	92 3f 47 
3552	1	2	92 39 3f 
3552	0	1	91 30 40 
3599	47	1	91 30 0 
3600	1	1	91 32 44 
3622	22	1	91 32 0 
3648	26	1	91 33 40 
3695	47	1	91 33 0 
3696	1	1	91 32 40 
3718	22	1	91 32 0 
3744	26	1	91 30 3d 
3791	47	1	91 30 0 
3792	1	1	91 2d 40 
3814	22	1	91 2d 0 
3840	26	1	91 29 47 
3887	47	1	91 29 0 
3888	1	1	91 2d 36 
3910	22	1	91 2d 0 
3936	26	1	91 30 44 
3983	47	1	91 30 0 
3984	1	1	91 32 40 
4006	22	1	91 32 0 
4008	2	2	92 3f 0 
4009	1	2	92 39 0 
4032	23	1	91 33 48 
4079	47	1	91 33 0 
4080	1	1	91 32 40 
4084	4	2	92 38 46 
4102	18	1	91 32 0 
4104	2	2	92 38 0 
4110	6	2	92 39 30 
4128	18	2	92 39 0 
4128	0	1	91 30 3b 
4156	28	2	92 3f 48 
4157	1	2	92 39 48 
4174	17	2	92 3f 0 
4175	1	1	91 30 0 
4176	1	1	91 2d 4c 
4180	4	2	92 39 0 
4198	18	1	91 2d 0 
4224	26	1	91 24 58 
4253	29	2	92 33 50 
4271	18	1	91 24 0 
4272	1	1	91 28 4c 
4273	1	2	92 34 47 
4274	1	2	92 33 0 
4288	14	2	92 34 0 
4294	6	1	91 28 0 
4320	26	1	91 2b 44 
4322	2	2	92 3a 48 
4323	1	2	92 34 48 
4367	44	1	91 2b 0 
4368	1	1	91 2d 44 
4390	22	1	91 2d 0 
4416	26	1	91 2e 3d 
4463	47	1	91 2e 0 
4464	1	1	91 2d 40 
4486	22	1	91 2d 0 
4512	26	1	91 2b 44 
4559	47	1	91 2b 0 
4560	1	1	91 28 44 
4582	22	1	91 28 0 
4608	26	1	91 24 4c 
4655	47	1	91 24 0 
4656	1	1	91 28 3b 
4678	22	1	91 28 0 
4704	26	1	91 2b 3c 
4751	47	1	91 2b 0 
4752	1	1	91 2d 3c 
4762	10	2	92 3a 0 
4765	3	2	92 34 0 
4774	9	1	91 2d 0 
4800	26	1	91 2e 40 
4847	47	1	91 2e 0 
4848	1	2	92 33 4d 
4848	0	1	91 2d 40 
4868	20	2	92 33 0 
4870	2	1	91 2d 0 
4872	2	2	92 34 40 
4892	20	2	92 34 0 
4896	4	1	91 2b 3d 
4925	29	2	92 3a 48 
4926	1	2	92 34 48 
4943	17	1	91 2b 0 
4944	1	1	91 28 50 
4945	1	2	92 34 0 
4946	1	2	92 3a 0 
4966	20	1	91 28 0 
4992	26	1	91 2b 50 
5023	31	2	92 3a 4f 
5039	16	1	91 2b 0 
5040	1	1	91 2f 47 
5043	3	2	92 3a 0 
5043	0	2	92 3b 3d 
5062	19	1	91 2f 0 
5068	6	2	92 3b 0 
5088	20	1	91 32 40 
5093	5	2	92 3b 4f 
5094	1	2	92 41 4d 
5135	41	1	91 32 0 
5136	1	1	91 34 48 
5158	22	1	91 34 0 
5184	26	1	91 35 44 
5220	36	2	92 41 0 
5221	1	2	92 3b 0 
5231	10	1	91 35 0 
5232	1	1	91 34 3b 
5236	4	2	92 3a 4c 
5254	18	1	91 34 0 
5260	6	2	92 3a 0 
5264	4	2	92 3b 3a 
5280	16	1	91 32 44 
5290	10	2	92 3b 0 
5312	22	2	92 41 58 
5312	0	2	92 3b 50 
5327	15	1	91 32 0 
5328	1	1	91 2f 40 
5331	3	2	92 41 0 
5334	3	2	92 3b 0 
5350	16	1	91 2f 0 
5376	26	1	91 29 48 
5407	31	2	92 38 47 
5423	16	1	91 29 0 
5424	1	1	91 2d 36 
5426	2	2	92 39 48 
5428	2	2	92 38 0 
5446	18	2	92 39 0 
5446	0	1	91 2d 0 
5472	26	1	91 30 44 
5477	5	2	92 3f 48 
5477	0	2	92 39 48 
5519	42	1	91 30 0 
5520	1	1	91 32 40 
5542	22	1	91 32 0 
5568	26	1	91 33 3e 
5597	29	2	92 3f 0 
5598	1	2	92 39 0 
5615	17	1	91 33 0 
5616	1	1	91 32 44 
5617	1	2	92 38 48 
5637	20	2	92 38 0 
5638	1	1	91 32 0 
5641	3	2	92 39 44 
5664	23	1	91 30 40 
5667	3	2	92 39 0 
5695	28	2	92 39 50 
5696	1	2	92 3f 58 
5711	15	1	91 30 0 
5712	1	1	91 2d 48 
5715	3	2	92 3f 0 
5719	4	2	92 39 0 
5734	15	1	91 2d 0 
5760	26	1	91 24 58 
5787	27	2	92 33 48 
5804	17	2	92 33 0 
5807	3	1	91 24 0 
5808	1	2	92 34 50 
5808	0	1	91 28 44 
5825	17	2	92 34 0 
5830	5	1	91 28 0 
5856	26	1	91 2b 44 
5858	2	2	92 3a 4f 
5858	0	2	92 34 50 
5903	45	1	91 2b 0 
5904	1	1	91 2d 40 
5926	22	1	91 2d 0 
5952	26	1	91 2e 40 
5999	47	1	91 2e 0 
6000	1	1	91 2d 3b 
6022	22	1	91 2d 0 
6048	26	1	91 2b 3e 
6095	47	1	91 2b 0 
6096	1	1	91 28 40 
6118	22	1	91 28 0 
6144	26	1	91 24 4c 
6191	47	1	91 24 0 
6192	1	1	91 28 40 
6214	22	1	91 28 0 
6240	26	1	91 2b 3b 
6287	47	1	91 2b 0 
6288	1	1	91 2d 3b 
6310	22	1	91 2d 0 
6336	26	1	91 2e 40 
6342	6	2	92 3a 0 
6346	4	2	92 34 0 
6383	37	1	91 2e 0 
6384	1	1	91 2d 40 
6406	22	1	91 2d 0 
6432	26	1	91 2b 3b 
6479	47	1	91 2b 0 
6480	1	1	91 28 3c 
6502	22	1	91 28 0 
6528	26	1	91 24 4c 
6574	46	2	92 33 47 
6575	1	1	91 24 0 
6576	1	1	91 28 47 
6598	22	1	91 28 0 
6604	6	2	92 33 0 
6605	1	2	92 34 47 
6624	19	1	91 2b 3d 
6631	7	2	92 34 0 
6645	14	2	92 3a 48 
6669	24	2	92 3a 0 
6671	2	1	91 2b 0 
6672	1	1	91 2d 44 
6694	22	1	91 2d 0 
6720	26	1	91 2e 40 
6722	2	2	92 3a 47 
6749	27	2	92 3a 0 
6767	18	1	91 2e 0 
6768	1	1	91 2d 3b 
6769	1	2	92 3a 40 
6790	21	1	91 2d 0 
6795	5	2	92 3c 50 
6796	1	2	92 3a 0 
6816	20	2	92 3c 0 
6816	0	1	91 2b 3b 
6839	23	2	92 36 4b 
6859	20	2	92 36 0 
6861	2	2	92 37 36 
6863	2	1	91 2b 0 
6864	1	1	91 28 44 
6880	16	2	92 37 0 
6886	6	1	91 28 0 
6889	3	2	92 30 42 
6912	23	1	91 24 48 
6921	9	2	92 30 0 
6944	23	2	92 33 3d 
6959	15	1	91 24 0 
6960	1	1	91 28 3e 
6962	2	2	92 33 0 
6962	0	2	92 34 47 
6982	20	1	91 28 0 
6997	15	2	92 34 0 
7008	11	1	91 2b 3b 
7009	1	2	92 3a 48 
7035	26	2	92 3a 0 
7055	20	1	91 2b 0 
7056	1	1	91 2d 3e 
7058	2	2	92 39 47 
7078	20	1	91 2d 0 
7082	4	2	92 39 0 
7104	22	1	91 2e 3b 
7105	1	2	92 37 40 
7132	27	2	92 34 3c 
7138	6	2	92 37 0 
7148	10	2	92 34 0 
7151	3	1	91 2e 0 
7152	1	2	92 33 4c 
7152	0	1	91 2d 2f 
7171	19	2	92 33 0 
7174	3	1	91 2d 0 
7178	4	2	92 34 4f 
7200	22	1	91 2b 3f 
7204	4	2	92 34 0 
7226	22	2	92 2e 48 
7247	21	1	91 2b 0 
7248	1	1	91 28 40 
7270	22	1	91 28 0 
7281	11	2	92 2e 0 
7296	15	1	91 24 48 
7298	2	2	92 30 50 
7327	29	2	92 30 0 
7327	0	2	92 33 44 
7343	16	1	91 24 0 
7344	1	1	91 28 3e 
7346	2	2	92 33 0 
7350	4	2	92 34 47 
7366	16	1	91 28 0 
7374	8	2	92 34 0 
7392	18	1	91 2b 3e 
7398	6	2	92 3a 4f 
7419	21	2	92 3a 0 
7439	20	1	91 2b 0 
7440	1	1	91 2d 39 
7462	22	1	91 2d 0 
7488	26	1	91 2e 3e 
7492	4	2	92 3a 4f 
7517	25	2	92 3a 0 
7520	3	2	92 34 4b 
7535	15	1	91 2e 0 
7536	1	1	91 2d 3a 
7538	2	2	92 34 0 
7539	1	2	92 3a 3b 
7558	19	1	91 2d 0 
7564	6	2	92 3a 0 
7568	4	2	92 3c 4c 
7584	16	1	91 2b 3e 
7590	6	2	92 3c 0 
7611	21	2	92 36 48 
7626	15	2	92 36 0 
7631	5	1	91 2b 0 
7631	0	2	92 37 3b 
7632	1	1	91 28 44 
7654	22	1	91 28 0 
7656	2	2	92 37 0 
7656	0	2	92 30 40 
7680	24	1	91 24 48 
7702	22	2	92 30 0 
7714	12	2	92 33 38 
7727	13	1	91 24 0 
7728	1	2	92 33 0 
7728	0	1	91 28 3f 
7731	3	2	92 34 48 
7750	19	1	91 28 0 
7768	18	2	92 34 0 
7776	8	1	91 2b 3e 
7779	3	2	92 3a 4c 
7803	24	2	92 3a 0 
7817	14	2	92 34 f 
7820	3	2	92 34 0 
7823	3	1	91 2b 0 
7824	1	1	91 2d 34 
7827	3	2	92 39 4c 
7846	19	1	91 2d 0 
7851	5	2	92 39 0 
7851	0	2	92 34 32 
7865	14	2	92 34 0 
7872	7	1	91 2e 40 
7875	3	2	92 37 3d 
7905	30	2	92 34 39 
7906	1	2	92 37 0 
7919	13	2	92 34 0 
7919	0	1	91 2e 0 
7920	1	1	91 2d 40 
7923	3	2	92 33 50 
7942	19	2	92 33 0 
7942	0	1	91 2d 0 
7952	10	2	92 34 48 
7968	16	1	91 2b 3b 
7980	12	2	92 34 0 
7996	16	2	92 30 48 
8015	19	1	91 2b 0 
8016	1	1	91 28 50 
8038	22	1	91 28 0 
8045	7	2	92 30 0 
8064	19	1	91 29 4c 
8098	34	2	92 38 44 
8111	13	1	91 29 0 
8112	1	1	91 2d 3d 
8116	4	2	92 39 47 
8118	2	2	92 38 0 
8134	16	1	91 2d 0 
8141	7	2	92 39 0 
8160	19	1	91 30 40 
8165	5	2	92 3f 50 
8185	20	2	92 3f 0 
8207	22	1	91 30 0 
8208	1	1	91 32 44 
8230	22	1	91 32 0 
8256	26	1	91 33 40 
8260	4	2	92 3f 50 
8285	25	2	92 3f 0 
8287	2	2	92 39 38 
8303	16	1	91 33 0 
8304	1	1	91 32 40 
8305	1	2	92 3f 3e 
8315	10	2	92 39 0 
8326	11	1	91 32 0 
8329	3	2	92 3f 0 
8331	2	2	92 3c 50 
8332	1	2	92 41 48 
8352	20	1	91 30 3d 
8355	3	2	92 41 0 
8359	4	2	92 3c 0 
8382	23	2	92 3e 44 
8382	0	2	92 3a 4c 
8399	17	1	91 30 0 
8400	1	1	91 2d 40 
8422	22	1	91 2d 0 
8447	25	2	92 3a 0 
8448	1	1	91 29 47 
8452	4	2	92 3e 0 
8452	0	2	92 3c 50 
8452	0	2	92 39 47 
8471	19	2	92 3c 0 
8473	2	2	92 39 0 
8480	7	2	92 38 48 
8495	15	1	91 29 0 
8496	1	1	91 2d 36 
8500	4	2	92 38 0 
8500	0	2	92 39 46 
8518	18	1	91 2d 0 
8523	5	2	92 39 0 
8544	21	1	91 30 44 
8545	1	2	92 3f 50 
8567	22	2	92 3f 0 
8590	23	2	92 3e 40 
8591	1	1	91 30 0 
8592	1	1	91 32 40 
8614	22	1	91 32 0 
8615	1	2	92 3e 0 
8640	25	1	91 33 48 
8643	3	2	92 3c 47 
8673	30	2	92 39 31 
8674	1	2	92 3c 0 
8687	13	1	91 33 0 
8688	1	2	92 39 0 
8688	0	1	91 32 40 
8691	3	2	92 38 4f 
8710	19	1	91 32 0 
8719	9	2	92 39 40 
8720	1	2	92 38 0 
8736	16	1	91 30 3b 
8749	13	2	92 39 0 
8768	19	2	92 35 38 
8783	15	1	91 30 0 
8784	1	1	91 2d 4c 
8806	22	1	91 2d 0 
8832	26	1	91 24 58 
8839	7	2	92 35 0 
8861	22	2	92 33 53 
8879	18	1	91 24 0 
8880	1	1	91 28 4c 
8881	1	2	92 33 0 
8881	0	2	92 34 47 
8902	21	1	91 28 0 
8907	5	2	92 34 0 
8928	21	1	91 2b 44 
8932	4	2	92 3a 4f 
8952	20	2	92 3a 0 
8975	23	1	91 2b 0 
8976	1	1	91 2d 44 
8998	22	1	91 2d 0 
9024	26	1	91 2e 3d 
9029	5	2	92 3a 48 
9056	27	2	92 3a 0 
9058	2	2	92 34 41 
9071	13	2	92 34 0 
9071	0	1	91 2e 0 
9072	1	1	91 2d 40 
9079	7	2	92 3a 47 
9094	15	1	91 2d 0 
9106	12	2	92 3a 0 
9106	0	2	92 3c 48 
9120	14	1	91 2b 44 
9126	6	2	92 3c 0 
9148	22	2	92 36 50 
9164	16	2	92 36 0 
9167	3	1	91 2b 0 
9167	0	2	92 37 3d 
9168	1	1	91 28 44 
9189	21	2	92 37 0 
9190	1	1	91 28 0 
9197	7	2	92 30 44 
9216	19	1	91 24 4c 
9238	22	2	92 30 0 
9246	8	2	92 33 4c 
9263	17	1	91 24 0 
9264	1	2	92 33 0 
9264	0	1	91 28 3b 
9268	4	2	92 34 44 
9286	18	1	91 28 0 
9297	11	2	92 34 0 
9312	15	2	92 3a 4f 
9312	0	1	91 2b 3c 
9338	26	2	92 3a 0 
9359	21	1	91 2b 0 
9360	1	1	91 2d 3c 
9361	1	2	92 39 47 
9382	21	1	91 2d 0 
9389	7	2	92 39 0 
9397	8	2	92 34 1f 
9405	8	2	92 34 0 
9408	3	1	91 2e 40 
9409	1	2	92 37 4f 
9436	27	2	92 37 0 
9440	4	2	92 34 36 
9455	15	1	91 2e 0 
9456	1	1	91 2d 40 
9458	2	2	92 34 0 
9460	2	2	92 36 3b 
9478	18	1	91 2d 0 
9485	7	2	92 36 0 
9486	1	2	92 37 40 
9504	18	1	91 2b 3d 
9511	7	2	92 37 0 
9531	20	2	92 2e 48 
9551	20	1	91 2b 0 
9552	1	1	91 28 50 
9574	22	1	91 28 0 
9598	24	2	92 2e 0 
9600	2	1	91 2b 50 
9604	4	2	92 2f 48 
9634	30	2	92 2f 0 
9639	5	2	92 37 40 
9647	8	1	91 2b 0 
9648	1	1	91 2f 47 
9654	6	2	92 37 0 
9658	4	2	92 3b 50 
9670	12	1	91 2f 0 
9674	4	2	92 3b 0 
9685	11	2	92 3e 6e 
9696	11	1	91 32 40 
9723	27	2	92 3e 0 
9730	7	2	92 3c 48 
9743	13	1	91 32 0 
9744	1	1	91 34 48 
9749	5	2	92 3b 48 
9751	2	2	92 3c 0 
9766	15	1	91 34 0 
9767	1	2	92 3b 0 
9773	6	2	92 37 4f 
9792	19	1	91 35 44 
9816	24	2	92 37 0 
9822	6	2	92 37 40 
9839	17	1	91 35 0 
9840	1	1	91 34 3b 
9842	2	2	92 37 0 
9843	1	2	92 3b 4f 
9862	19	1	91 34 0 
9864	2	2	92 3b 0 
9888	24	1	91 32 44 
9893	5	2	92 3c 48 
9917	24	2	92 3c 0 
9935	18	1	91 32 0 
9936	1	1	91 2f 40 
9938	2	2	92 3e 54 
9958	20	1	91 2f 0 
9961	3	2	92 3e 0 
9984	23	1	91 29 48 
9988	4	2	92 3c 4e 
10002	14	2	92 3c 0 
10031	29	1	91 29 0 
10032	1	1	91 2d 36 
10054	22	1	91 2d 0 
10056	2	2	b2 40 7f 
10068	12	2	92 3c 50 
10075	7	2	b2 40 0 
10080	5	1	91 30 44 
10112	32	2	92 39 40 
10114	2	2	b2 40 7f 
10115	1	2	92 3c 0 
10125	10	2	92 39 0 
10127	2	1	91 30 0 
10128	1	1	91 32 40 
10129	1	2	92 3e 58 
10135	6	2	b2 40 0 
10149	14	2	92 3e 0 
10150	1	1	91 32 0 
10176	26	1	91 33 3e 
10178	2	2	92 3f 50 
10201	23	2	92 3f 0 
10223	22	1	91 33 0 
10224	1	1	91 32 44 
10226	2	2	92 3e 4f 
10246	20	1	91 32 0 
10248	2	2	92 3e 0 
10272	24	2	92 3c 58 
10272	0	1	91 30 40 
10291	19	2	92 3c 0 
10294	3	2	92 39 40 
10301	7	2	b2 40 7f 
10319	18	1	91 30 0 
10320	1	1	91 2d 48 
10342	22	1	91 2d 0 
10365	23	2	92 39 0 
10368	3	1	91 24 58 
10372	4	2	b2 40 0 
10375	3	2	92 37 50 
10376	1	2	92 40 50 
10409	33	2	92 37 0 
10412	3	2	92 40 0 
10414	2	2	b2 40 7f 
10415	1	1	91 24 0 
10416	1	1	91 28 44 
10438	22	1	91 28 0 
10439	1	2	b2 40 0 
10445	6	2	92 3f 58 
10445	0	2	92 36 58 
10464	19	1	91 2b 44 
10467	3	2	b2 40 7f 
10492	25	2	92 36 0 
10493	1	2	92 3f 0 
10509	16	2	b2 40 0 
10511	2	1	91 2b 0 
10512	1	1	91 2d 40 
10515	3	2	92 3e 50 
10517	2	2	92 35 50 
10534	17	1	91 2d 0 
10539	5	2	b2 40 7f 
10542	3	2	92 3e 0 
10544	2	2	92 35 0 
10560	16	1	91 2e 40 
10571	11	2	b2 40 0 
10595	24	2	92 3c 5f 
10595	0	2	92 34 5c 
10603	8	2	b2 40 7f 
10607	4	1	91 2e 0 
10608	1	1	91 2d 3b 
10630	22	1	91 2d 0 
10634	4	2	92 34 0 
10639	5	2	92 3c 0 
10649	10	2	b2 40 0 
10656	7	1	91 2b 3e 
10660	4	2	92 35 58 
10661	1	2	92 3c 54 
10685	24	2	92 3c 0 
10687	2	2	92 35 0 
10703	16	1	91 2b 0 
10704	1	1	91 28 40 
10707	3	2	92 36 50 
10708	1	2	92 3c 4e 
10726	18	1	91 28 0 
10733	7	2	92 36 0 
10734	1	2	92 3c 0 
10752	18	1	91 24 4c 
10759	7	2	92 37 5c 
10760	1	2	92 3c 58 
10780	20	2	92 3c 0 
10782	2	2	92 37 0 
10799	17	1	91 24 0 
10800	1	1	91 28 40 
10805	5	2	92 39 4c 
10805	0	2	92 35 58 
10822	17	1	91 28 0 
10825	3	2	92 39 0 
10829	4	2	92 35 0 
10848	19	1	91 2b 3b 
10850	2	2	92 37 48 
10851	1	2	92 33 4d 
10874	23	2	92 33 0 
10874	0	2	92 34 47 
10883	9	2	92 37 0 
10895	12	1	91 2b 0 
10896	1	1	91 2d 3b 
10900	4	2	92 34 0 
10901	1	2	92 30 36 
10915	14	2	92 30 0 
10918	3	1	91 2d 0 
10925	7	2	92 37 4f 
10927	2	2	92 33 45 
10944	17	1	91 2e 40 
10948	4	2	92 33 0 
10949	1	2	92 34 40 
10973	24	2	92 37 0 
10975	2	2	92 34 0 
10975	0	2	92 30 44 
10991	16	2	92 30 0 
10991	0	1	91 2e 0 
10992	1	1	91 2d 40 
10994	2	2	92 35 50 
10996	2	2	92 39 4d 
11014	18	1	91 2d 0 
11019	5	2	92 35 0 
11020	1	2	92 39 0 
11040	20	1	91 2b 3b 
11043	3	2	92 37 50 
11044	1	2	92 3c 58 
11063	19	2	92 37 0 
11068	5	2	92 3c 0 
11087	19	1	91 2b 0 
11088	1	1	91 28 3c 
11090	2	2	92 3f 68 
11091	1	2	92 3a 68 
11110	19	1	91 28 0 
11115	5	2	92 3a 0 
11117	2	2	92 3f 0 
11136	19	1	91 24 4c 
11141	5	2	92 41 5f 
11141	0	2	92 3e 68 
11142	1	2	92 39 5f 
11183	41	1	91 24 0 
11184	1	1	91 28 47 
11206	22	1	91 28 0 
11232	26	1	91 2b 3d 
11279	47	1	91 2b 0 
11280	1	1	91 2d 44 
11302	22	1	91 2d 0 
11328	26	1	91 2e 40 
11363	35	2	b2 40 7f 
11375	12	1	91 2e 0 
11376	1	1	91 2d 3b 
11398	22	1	91 2d 0 
11410	12	2	92 3e 0 
11412	2	2	92 39 0 
11420	8	2	92 41 0 
11424	4	1	91 2b 3b 
11471	47	1	91 2b 0 
11472	1	1	91 28 44 
11477	5	2	92 3f 4e 
11479	2	2	92 37 40 
11480	1	2	92 3c 4d 
11492	12	2	92 37 0 
11494	2	2	92 3c 0 
11494	0	1	91 28 0 
11498	4	2	b2 40 0 
11500	2	2	92 3f 0 
11520	20	1	91 24 48 
11525	5	2	92 3f 58 
11526	1	2	92 43 50 
11527	1	2	92 3a 50 
11557	30	2	b2 40 7f 
11567	10	1	91 24 0 
11568	1	1	91 28 3e 
11569	1	2	92 3a 0 
11580	11	2	92 43 0 
11580	0	2	92 3f 0 
11587	7	2	b2 40 0 
11590	3	1	91 28 0 
11597	7	2	92 41 5e 
11598	1	2	92 45 68 
11598	0	2	92 3c 5c 
11613	15	2	92 3c 0 
11615	2	2	92 41 0 
11616	1	1	91 2b 3b 
11618	2	2	92 45 0 
11663	45	1	91 2b 0 
11664	1	1	91 2d 3e 
11666	2	2	92 43 5a 
11666	0	2	92 42 54 
11667	1	2	92 3e 50 
11668	1	2	92 46 5b 
11681	13	2	92 42 0 
11686	5	1	91 2d 0 
11712	26	1	91 2e 3b 
11714	2	2	b2 40 7f 
11721	7	2	92 3e 0 
11722	1	2	92 46 0 
11728	6	2	92 43 0 
11736	8	2	b2 40 0 
11743	7	2	92 43 58 
11744	1	2	92 46 58 
11745	1	2	92 3e 5a 
11759	14	1	91 2e 0 
11760	1	1	91 2d 2f 
11766	6	2	b2 40 7f 
11782	16	1	91 2d 0 
11785	3	2	92 3e 0 
11789	4	2	92 43 0 
11791	2	2	92 46 0 
11808	17	1	91 2b 3f 
11811	3	2	92 45 50 
11811	0	2	92 41 50 
11812	1	2	92 3c 50 
11826	14	2	92 45 0 
11829	3	2	b2 40 0 
11831	2	2	92 41 0 
11833	2	2	92 3c 0 
11855	22	1	91 2b 0 
11856	1	1	91 28 40 
11858	2	2	92 43 5f 
11858	0	2	92 3a 5c 
11860	2	2	92 3f 50 
11873	13	2	92 3a 0 
11876	3	2	92 3f 0 
11878	2	1	91 28 0 
11880	2	2	92 43 0 
11904	24	1	91 24 48 
11951	47	1	91 24 0 
11952	1	1	91 28 3e 
11954	2	2	92 41 50 
11974	20	1	91 28 0 
11977	3	2	92 41 0 
11978	1	2	92 42 3e 
12000	22	2	92 42 0 
12000	0	1	91 2b 3e 
12007	7	2	92 43 3b 
12025	18	2	92 46 4c 
12027	2	2	92 43 0 
12047	20	1	91 2b 0 
12047	0	2	92 48 44 
12048	1	1	91 2d 39 
12053	5	2	92 46 0 
12057	4	2	92 48 0 
12070	13	1	91 2d 0 
12073	3	2	92 4a 6e 
12073	0	2	92 45 5e 
12074	1	2	92 4d 5f 
12096	22	1	91 2e 3e 
12124	28	2	92 4a 0 
12126	2	2	92 45 0 
12134	8	2	92 4d 0 
12140	6	2	92 4b 58 
12142	2	2	92 48 50 
12142	0	2	92 43 4c 
12143	1	1	91 2e 0 
12144	1	1	91 2d 3a 
12155	11	2	92 43 0 
12161	6	2	92 48 0 
12165	4	2	92 4b 0 
12166	1	1	91 2d 0 
12191	25	2	92 4d 54 
12191	0	2	92 45 50 
12192	1	2	92 4a 58 
12192	0	1	91 2b 3e 
12207	15	2	92 4a 0 
12208	1	2	92 45 0 
12213	5	2	92 4d 0 
12239	26	1	91 2b 0 
12240	1	1	91 28 44 
12241	1	2	92 4f 58 
12242	1	2	92 4b 5f 
12242	0	2	92 46 54 
12254	12	2	92 46 0 
12256	2	2	92 4b 0 
12260	4	2	92 4f 0 
12262	2	1	91 28 0 
12288	26	1	91 24 48 
12322	34	2	92 4f 5c 
12335	13	1	91 24 0 
12336	1	1	91 28 3f 
12343	7	2	92 4e 4f 
12345	2	2	92 4f 0 
12358	13	1	91 28 0 
12363	5	2	92 4e 0 
12366	3	2	92 4d 34 
12384	18	1	91 2b 3e 
12392	8	2	92 4b 40 
12399	7	2	92 4d 0 
12412	13	2	92 4b 0 
12415	3	2	92 48 37 
12428	13	2	92 48 0 
12431	3	1	91 2b 0 
12432	1	1	91 2d 34 
12440	8	2	92 46 3a 
12454	14	1	91 2d 0 
12458	4	2	92 46 0 
12465	7	2	92 43 33 
12477	12	2	92 43 0 
12478	1	2	92 46 58 
12479	1	2	92 48 54 
12480	1	1	91 2e 40 
12501	21	2	92 46 0 
12503	2	2	92 48 0 
12527	24	1	91 2e 0 
12527	0	2	92 48 58 
12527	0	2	92 45 5c 
12528	1	1	91 2d 40 
12547	19	2	92 45 0 
12550	3	2	92 48 0 
12550	0	1	91 2d 0 
12572	22	2	92 48 58 
12572	0	2	92 43 54 
12576	4	1	91 2b 3b 
12592	16	2	92 48 0 
12593	1	2	92 43 0 
12621	28	2	92 48 50 
12621	0	2	92 42 5c 
12623	2	1	91 2b 0 
12624	1	1	91 28 50 
12646	22	2	92 48 0 
12646	0	1	91 28 0 
12647	1	2	92 42 0 
12649	2	2	92 41 48 
12668	19	2	92 41 0 
12672	4	1	91 29 4c 
12674	2	2	92 3f 46 
12701	27	2	92 3f 0 
12704	3	2	92 3c 34 
12717	13	2	92 3c 0 
12719	2	1	91 29 0 
12720	1	1	91 2d 3d 
12724	4	2	92 45 5b 
12725	1	2	92 41 68 
12742	17	1	91 2d 0 
12751	9	2	92 45 0 
12752	1	2	92 41 0 
12754	2	2	92 3f 3f 
12768	14	1	91 30 40 
12774	6	2	92 3c 47 
12775	1	2	92 3f 0 
12790	15	2	92 3c 0 
12800	10	2	92 3a 40 
12815	15	1	91 30 0 
12816	1	1	91 32 44 
12818	2	2	92 3a 0 
12819	1	2	92 37 4c 
12836	17	2	92 37 0 
12838	2	1	91 32 0 
12843	5	2	92 3f 5c 
12845	2	2	92 3a 50 
12864	19	1	91 33 40 
12911	47	1	91 33 0 
12912	1	1	91 32 40 
12914	2	2	92 3a 0 
12915	1	2	92 37 45 
12916	1	2	92 3f 0 
12916	0	2	92 3c 50 
12934	18	1	91 32 0 
12936	2	2	92 37 0 
12941	5	2	92 3c 0 
12960	19	1	91 30 3d 
12963	3	2	92 3f 58 
12964	1	2	92 3a 58 
13005	41	2	92 3f 0 
13007	2	1	91 30 0 
13008	1	1	91 2d 40 
13011	3	2	92 3c 50 
13014	3	2	92 37 4c 
13015	1	2	92 3a 0 
13030	15	1	91 2d 0 
13037	7	2	92 37 0 
13043	6	2	92 3c 0 
13056	13	1	91 29 47 
13062	6	2	92 37 58 
13089	27	2	92 37 0 
13089	0	2	92 3c 3e 
13103	14	1	91 29 0 
13104	1	1	91 2d 36 
13108	4	2	92 3c 0 
13109	1	2	92 3f 44 
13124	15	2	92 3f 0 
13126	2	1	91 2d 0 
13133	7	2	92 41 58 
13133	0	2	92 39 4d 
13134	1	2	92 3e 50 
13152	18	1	91 30 44 
13188	36	2	92 39 0 
13190	2	2	b2 40 7f 
13190	0	2	92 3e 0 
13191	1	2	92 41 0 
13199	8	1	91 30 0 
13200	1	1	91 32 40 
13204	4	2	92 3f 50 
13206	2	2	92 37 48 
13209	3	2	92 3c 46 
13214	5	2	b2 40 0 
13220	6	2	92 3c 0 
13220	0	2	92 37 0 
13222	2	1	91 32 0 
13227	5	2	92 3f 0 
13248	21	1	91 33 48 
13251	3	2	92 41 58 
13252	1	2	92 3e 58 
13256	4	2	92 39 34 
13268	12	2	92 39 0 
13269	1	2	92 3e 0 
13270	1	2	92 41 0 
13295	25	1	91 33 0 
13296	1	1	91 32 40 
13301	5	2	92 3f 5e 
13302	1	2	92 43 58 
13302	0	2	92 3a 68 
13318	16	1	91 32 0 
13344	26	1	91 30 3b 
13345	1	2	b2 40 7f 
13356	11	2	92 3a 0 
13358	2	2	92 3f 0 
13359	1	2	92 43 0 
13379	20	2	92 43 5c 
13391	12	2	b2 40 0 
13391	0	1	91 30 0 
13392	1	1	91 2d 4c 
13403	11	2	92 43 0 
13403	0	2	92 42 4e 
13414	11	1	91 2d 0 
13425	11	2	92 42 0 
13426	1	2	92 41 44 
13440	14	1	91 24 58 
13448	8	2	92 3f 47 
13453	5	2	92 41 0 
13466	13	2	92 3c 47 
13467	1	2	92 3f 0 
13482	15	2	92 3c 0 
13487	5	1	91 24 0 
13488	1	1	91 28 4c 
13491	3	2	92 3a 40 
13510	19	1	91 28 0 
13513	3	2	92 3a 0 
13518	5	2	92 37 32 
13530	12	2	92 37 0 
13536	6	1	91 2b 44 
13538	2	2	92 3f 5b 
13538	0	2	92 3a 5b 
13557	19	2	92 3a 0 
13561	4	2	92 3f 0 
13583	22	1	91 2b 0 
13584	1	1	91 2d 44 
13588	4	2	92 3a 50 
13589	1	2	92 35 46 
13603	14	2	92 35 0 
13604	1	2	92 3a 0 
13606	2	1	91 2d 0 
13632	26	1	91 2e 3d 
13636	4	2	92 3c 58 
13636	0	2	92 37 5e 
13652	16	2	92 37 0 
13657	5	2	92 3c 0 
13668	11	2	b2 40 7f 
13679	11	1	91 2e 0 
13680	1	1	91 2d 40 
13702	22	1	91 2d 0 
13728	26	1	91 2b 44 
13750	22	2	b2 40 0 
13764	14	2	92 41 70 
13765	1	2	92 48 58 
13767	2	2	92 42 5e 
13773	6	2	92 48 0 
13775	2	1	91 2b 0 
13776	1	1	91 28 44 
13778	2	2	92 41 0 
13782	4	2	92 42 0 
13786	4	2	92 41 40 
13798	12	1	91 28 0 
13812	14	2	92 3f 50 
13814	2	2	92 41 0 
13824	10	1	91 24 4c 
13828	4	2	92 3f 0 
13830	2	2	92 3c 4f 
13846	16	2	92 3c 0 
13853	7	2	92 3a 3a 
13871	18	2	92 3a 0 
13871	0	1	91 24 0 
13872	1	1	91 28 3b 
13876	4	2	92 37 44 
13889	13	2	92 37 0 
13894	5	1	91 28 0 
13900	6	2	92 3f 5f 
13900	0	2	92 3a 5b 
13920	20	1	91 2b 3c 
13931	11	2	b2 40 7f 
13949	18	2	92 3f 0 
13954	5	2	92 3a 0 
13967	13	1	91 2b 0 
13968	1	1	91 2d 3c 
13972	4	2	92 3c 58 
13972	0	2	92 37 54 
13979	7	2	b2 40 0 
13990	11	2	92 3c 0 
13990	0	1	91 2d 0 
13994	4	2	92 37 0 
14016	22	1	91 2e 40 
14021	5	2	92 3c 54 
14021	0	2	92 36 5c 
14040	19	2	92 36 0 
14041	1	2	92 3c 0 
14043	2	2	92 35 48 
14061	18	2	92 35 0 
14063	2	1	91 2e 0 
14064	1	1	91 2d 40 
14069	5	2	92 33 3c 
14084	15	2	92 33 0 
14086	2	1	91 2d 0 
14091	5	2	92 30 4c 
14112	21	1	91 2b 3d 
14115	3	2	92 30 0 
14141	26	2	92 30 58 
14149	8	2	b2 40 7f 
14154	5	2	b2 40 0 
14159	5	1	91 2b 0 
14160	1	1	91 28 50 
14162	2	2	92 30 0 
14182	20	1	91 28 0 
14188	6	2	92 30 5e 
14204	16	2	92 30 0 
14208	4	1	91 2b 50 
14214	6	2	92 32 58 
14234	20	2	92 32 0 
14255	21	1	91 2b 0 
14256	1	1	91 2f 47 
14261	5	2	92 37 4f 
14278	17	1	91 2f 0 
14286	8	2	92 37 0 
14304	18	1	91 32 40 
14308	4	2	92 3b 58 
14329	21	2	92 3b 0 
14351	22	1	91 32 0 
14352	1	1	91 34 48 
14354	2	2	92 3e 50 
14374	20	1	91 34 0 
14380	6	2	92 3e 0 
14400	20	1	91 35 44 
14403	3	2	92 3e 5e 
14434	31	2	b2 40 7f 
14447	13	1	91 35 0 
14448	1	1	91 34 3b 
14467	19	2	92 3e 0 
14468	1	2	b2 40 0 
14470	2	1	91 34 0 
14476	6	2	92 43 5c 
14486	10	2	b2 40 7f 
14496	10	1	91 32 44 
14534	38	2	92 43 0 
14537	3	2	b2 40 0 
14543	6	1	91 32 0 
14544	1	2	92 47 50 
14544	0	1	91 2f 40 
14566	22	1	91 2f 0 
14567	1	2	92 47 0 
14592	25	1	91 29 48 
14595	3	2	92 48 5e 
14636	41	2	b2 40 7f 
14639	3	1	91 29 0 
14640	1	1	91 2d 36 
14662	22	1	91 2d 0 
14680	18	2	92 48 0 
14688	8	1	91 30 44 
14713	25	2	92 48 50 
14715	2	2	b2 40 0 
14726	11	2	92 48 0 
14731	5	2	92 4a 58 
14735	4	1	91 30 0 
14736	1	1	91 32 40 
14753	17	2	92 4a 0 
14758	5	1	91 32 0 
14761	3	2	92 4b 4c 
14779	18	2	92 4b 0 
14782	3	2	92 4c 58 
14784	2	1	91 33 3e 
14808	24	2	92 4b 4f 
14812	4	2	92 4c 0 
14831	19	1	91 33 0 
14832	1	2	92 4b 0 
14832	0	1	91 32 44 
14834	2	2	92 4a 40 
14854	20	1	91 32 0 
14865	11	2	92 48 44 
14870	5	2	92 4a 0 
14880	10	1	91 30 40 
14883	3	2	92 43 44 
14884	1	2	92 48 0 
14896	12	2	92 43 0 
14903	7	2	b2 40 7f 
14910	7	2	92 4b 68 
14913	3	2	92 42 5a 
14916	3	2	b2 40 0 
14927	11	1	91 30 0 
14928	1	1	91 2d 48 
14940	12	2	b2 40 7f 
14950	10	1	91 2d 0 
14962	12	2	92 4b 0 
14962	0	2	92 42 0 
14975	13	2	b2 40 0 
14976	1	1	91 24 58 
14977	1	2	92 4a 50 
14978	1	2	92 41 5b 
15000	22	2	92 4a 0 
15001	1	2	92 41 0 
15023	22	1	91 24 0 
15024	1	1	91 28 44 
15028	4	2	92 40 58 
15029	1	2	92 48 54 
15046	17	1	91 28 0 
15050	4	2	92 40 0 
15053	3	2	92 48 0 
15072	19	1	91 2b 44 
15078	6	2	92 48 50 
15078	0	2	92 41 48 
15099	21	2	92 48 0 
15099	0	2	92 41 0 
15119	20	1	91 2b 0 
15120	1	1	91 2d 40 
15124	4	2	92 42 50 
15125	1	2	92 48 4d 
15142	17	1	91 2d 0 
15148	6	2	92 42 0 
15149	1	2	92 48 0 
15168	19	1	91 2e 40 
15174	6	2	92 48 50 
15175	1	2	92 43 50 
15195	20	2	92 48 0 
15203	8	2	92 43 0 
15215	12	1	91 2e 0 
15216	1	1	91 2d 3b 
15220	4	2	92 41 58 
15221	1	2	92 45 50 
15238	17	1	91 2d 0 
15241	3	2	92 45 0 
15246	5	2	92 41 0 
15249	3	2	92 3c 40 
15264	15	1	91 2b 3e 
15271	7	2	92 3f 4f 
15276	5	2	92 43 34 
15285	9	2	92 3c 0 
15299	14	2	92 3f 0 
15300	1	2	92 40 3e 
15305	5	2	92 43 0 
15311	6	1	91 2b 0 
15312	1	1	91 28 40 
15319	7	2	92 3c 48 
15323	4	2	92 40 0 
15334	11	1	91 28 0 
15340	6	2	92 3c 0 
15346	6	2	92 3f 50 
15349	3	2	92 43 40 
15360	11	1	91 24 4c 
15369	9	2	92 3f 0 
15369	0	2	92 40 3d 
15394	25	2	92 43 0 
15395	1	2	92 3c 40 
15398	3	2	92 40 0 
15407	9	1	91 24 0 
15408	1	1	91 28 40 
15415	7	2	92 3c 0 
15416	1	2	92 41 50 
15417	1	2	92 45 4c 
15430	13	1	91 28 0 
15439	9	2	92 41 0 
15442	3	2	92 45 0 
15456	14	1	91 2b 3b 
15462	6	2	92 43 50 
15463	1	2	92 48 54 
15479	16	2	92 48 0 
15483	4	2	92 43 0 
15503	20	1	91 2b 0 
15504	1	1	91 2d 3b 
15509	5	2	92 45 4c 
15509	0	2	92 41 58 
15526	17	1	91 2d 0 
15531	5	2	92 45 0 
15533	2	2	92 41 0 
15552	19	1	91 2e 40 
15558	6	2	92 3f 4e 
15560	2	2	92 43 40 
15583	23	2	92 3f 0 
15583	0	2	92 40 3d 
15599	16	1	91 2e 0 
15600	1	1	91 2d 40 
15603	3	2	92 43 0 
15609	6	2	92 40 0 
15609	0	2	92 3c 3b 
15622	13	1	91 2d 0 
15623	1	2	92 3c 0 
15627	4	2	92 3f 50 
15630	3	2	92 43 3e 
15648	18	1	91 2b 3b 
15651	3	2	92 3f 0 
15653	2	2	92 40 39 
15672	19	2	92 43 0 
15675	3	2	92 3c 40 
15678	3	2	92 40 0 
15695	17	1	91 2b 0 
15696	1	1	91 28 3c 
15697	1	2	92 41 50 
15698	1	2	92 45 48 
15708	10	2	92 3c 0 
15714	6	2	92 45 0 
15717	3	2	92 41 0 
15718	1	1	91 28 0 
15744	26	1	91 24 4c 
15752	8	2	92 3a 48 
15753	1	2	92 3f 47 
15753	0	2	92 35 40 
15791	38	1	91 24 0 
15792	1	1	91 28 47 
15814	22	1	91 28 0 
15840	26	1	91 2b 3d 
15870	30	2	b2 40 7f 
15887	17	1	91 2b 0 
15888	1	1	91 2d 44 
15906	18	2	92 3a 0 
15907	1	2	92 35 0 
15910	3	2	92 3f 0 
15910	0	1	91 2d 0 
15936	26	1	91 2e 40 
15962	26	2	b2 40 0 
15983	21	1	91 2e 0 
15984	1	1	91 2d 3b 
15990	6	2	92 3a 3a 
15992	2	2	92 35 31 
15993	1	2	92 3f 34 
16003	10	2	92 3a 0 
16006	3	1	91 2d 0 
16007	1	2	92 35 0 
16009	2	2	92 3f 0 
16032	23	1	91 2b 3b 
16058	26	2	92 3f 48 
16058	0	2	92 3a 50 
16059	1	2	92 35 48 
16072	13	2	92 35 0 
16073	1	2	92 3f 0 
16076	3	2	92 3a 0 
16079	3	1	91 2b 0 
16080	1	1	91 28 44 
16102	22	1	91 28 0 
16121	19	2	92 3f 5e 
16122	1	2	92 3a 5c 
16122	0	2	92 35 5b 
16128	6	1	91 24 48 
16133	5	2	92 35 0 
16138	5	2	92 3a 0 
16140	2	2	92 3f 0 
16175	35	1	91 24 0 
16176	1	1	91 28 3e 
16198	22	1	91 28 0 
16224	26	1	91 2b 3b 
16251	27	2	92 3c 40 
16268	17	2	92 3c 0 
16271	3	1	91 2b 0 
16272	1	1	91 2d 3e 
16275	3	2	92 3f 58 
16286	11	2	92 3f 0 
16294	8	1	91 2d 0 
16296	2	2	92 42 58 
16311	15	2	92 42 0 
16318	7	2	92 43 58 
16320	2	1	91 2e 3b 
16352	32	2	92 43 0 
16367	15	1	91 2e 0 
16368	1	1	91 2d 2f 
16374	6	2	92 3c 46 
16384	10	2	92 3c 0 
16390	6	1	91 2d 0 
16416	26	1	91 2b 3f 
16418	2	2	92 37 4c 
16439	21	2	92 37 0 
16463	24	1	91 2b 0 
16464	1	1	91 28 40 
16467	3	2	92 3a 58 
16486	19	2	92 3a 0 
16486	0	1	91 28 0 
16512	26	1	91 24 48 
16514	2	2	92 3c 5e 
16535	21	2	92 3c 0 
16559	24	1	91 24 0 
16560	1	1	91 28 3e 
16582	22	1	91 28 0 
16608	26	1	91 2b 3e 
16655	47	1	91 2b 0 
16656	1	1	91 2d 39 
16678	22	1	91 2d 0 
16704	26	1	91 2e 3e 
16751	47	1	91 2e 0 
16752	1	1	91 2d 3a 
16774	22	1	91 2d 0 
16800	26	1	91 2b 3e 
16832	32	2	92 41 43 
16845	13	2	92 41 0 
16847	2	1	91 2b 0 
16848	1	1	91 28 44 
16852	4	2	92 46 43 
16870	18	1	91 28 0 
16875	5	2	92 46 0 
16884	9	2	92 41 2a 
16894	10	2	92 41 0 
16896	2	1	91 24 48 
16899	3	2	92 43 49 
16923	24	2	92 43 0 
16928	5	2	92 48 55 
16943	15	1	91 24 0 
16944	1	1	91 28 3f 
16948	4	2	92 48 0 
16966	18	1	91 28 0 
16992	26	1	91 2b 3e 
16995	3	2	92 48 49 
17014	19	2	92 48 0 
17039	25	1	91 2b 0 
17040	1	2	92 4b 68 
17040	0	1	91 2d 34 
17062	22	1	91 2d 0 
17063	1	2	92 4b 0 
17088	25	1	91 2e 40 
17090	2	2	92 4d 4c 
17112	22	2	92 4d 0 
17135	23	1	91 2e 0 
17135	0	2	92 43 33 
17136	1	1	91 2d 40 
17155	19	2	92 43 0 
17158	3	1	91 2d 0 
17162	4	2	92 46 34 
17183	21	2	92 46 0 
17184	1	1	91 2b 3b 
17207	23	2	92 48 48 
17231	24	2	92 48 0 
17231	0	1	91 2b 0 
17232	1	1	91 28 50 
17254	22	1	91 28 0 
17280	26	1	91 29 4c 
17327	47	1	91 29 0 
17328	1	1	91 2d 3d 
17350	22	1	91 2d 0 
17376	26	1	91 30 40 
17423	47	1	91 30 0 
17424	1	1	91 32 44 
17446	22	1	91 32 0 
17472	26	1	91 33 40 
17519	47	1	91 33 0 
17520	1	2	92 4e 50 
17520	0	1	91 32 40 
17540	20	2	92 4e 0 
17542	2	1	91 32 0 
17546	4	2	92 4f 44 
17561	15	2	92 4f 0 
17568	7	1	91 30 3d 
17573	5	2	92 52 40 
17592	19	2	92 52 0 
17597	5	2	92 54 38 
17615	18	1	91 30 0 
17616	1	1	91 2d 40 
17617	1	2	92 54 0 
17638	21	1	91 2d 0 
17650	12	2	92 54 68 
17664	14	1	91 29 47 
17669	5	2	92 54 0 
17697	28	2	92 50 5c 
17711	14	1	91 29 0 
17712	1	1	91 2d 36 
17714	2	2	92 50 0 
17721	7	2	92 51 38 
17734	13	1	91 2d 0 
17745	11	2	92 51 0 
17747	2	2	92 4d 34 
17760	13	1	91 30 44 
17763	3	2	92 48 46 
17764	1	2	92 4d 0 
17784	20	2	92 48 0 
17791	7	2	92 4b 40 
17807	16	1	91 30 0 
17808	1	1	91 32 40 
17821	13	2	92 4b 0 
17830	9	1	91 32 0 
17838	8	2	92 4d 48 
17856	18	1	91 33 48 
17859	3	2	92 4d 0 
17886	27	2	92 45 50 
17903	17	1	91 33 0 
17904	1	1	91 32 40 
17906	2	2	92 45 0 
17908	2	2	92 46 40 
17922	14	2	92 46 0 
17926	4	1	91 32 0 
17937	11	2	92 47 33 
17951	14	2	92 47 0 
17952	1	1	91 30 3b 
17954	2	2	92 48 44 
17974	20	2	92 48 0 
17980	6	2	92 4d 4c 
17996	16	2	92 4b 4f 
17999	3	1	91 30 0 
18000	1	1	91 2d 4c 
18001	1	2	92 4d 0 
18017	16	2	92 4b 0 
18022	5	1	91 2d 0 
18025	3	2	92 4c 3a 
18042	17	2	92 4c 0 
18047	5	2	92 48 37 
18048	1	1	91 24 58 
18073	25	2	92 48 0 
18079	6	2	92 43 43 
18095	16	2	92 43 0 
18095	0	1	91 24 0 
18096	1	1	91 28 4c 
18118	22	1	91 28 0 
18123	5	2	92 48 58 
18143	20	2	92 48 0 
18144	1	1	91 2b 44 
18174	30	2	92 44 5e 
18191	17	2	92 44 0 
18191	0	1	91 2b 0 
18192	1	1	91 2d 44 
18196	4	2	92 45 37 
18214	18	1	91 2d 0 
18220	6	2	92 45 0 
18224	4	2	92 41 47 
18235	11	2	92 41 0 
18240	5	1	91 2e 3d 
18242	2	2	92 3f 5a 
18265	23	2	92 3f 0 
18287	22	1	91 2e 0 
18288	1	1	91 2d 40 
18292	4	2	92 3c 47 
18310	18	1	91 2d 0 
18315	5	2	92 3c 0 
18336	21	1	91 2b 44 
18341	5	2	92 42 50 
18369	28	2	92 43 48 
18371	2	2	92 42 0 
18383	12	1	91 2b 0 
18384	1	1	91 28 44 
18387	3	2	92 3f 44 
18393	6	2	92 43 0 
18406	13	1	91 28 0 
18413	7	2	92 40 48 
18414	1	2	92 3f 0 
18432	18	1	91 24 4c 
18437	5	2	92 40 0 
18438	1	2	92 3c 4c 
18461	23	2	92 3c 0 
18479	18	1	91 24 0 
18480	1	1	91 28 3b 
18485	5	2	92 3c 48 
18502	17	1	91 28 0 
18509	7	2	92 3c 0 
18528	19	1	91 2b 3c 
18533	5	2	92 3a 47 
18559	26	2	92 3a 0 
18565	6	2	92 35 4c 
18575	10	1	91 2b 0 
18576	1	1	91 2d 3c 
18584	8	2	92 37 48 
18586	2	2	92 35 0 
18598	12	1	91 2d 0 
18607	9	2	92 37 0 
18613	6	2	92 3c 48 
18624	11	1	91 2e 40 
18637	13	2	92 3c 0 
18671	34	1	91 2e 0 
18672	1	1	91 2d 40 
18694	22	1	91 2d 0 
18720	26	1	91 2b 3d 
18767	47	1	91 2b 0 
18768	1	1	91 28 50 
18790	22	1	91 28 0 
18806	16	2	92 3e 44 
18816	10	1	91 2b 50 
18821	5	2	92 3e 0 
18825	4	2	92 47 50 
18852	27	2	92 47 0 
18853	1	2	92 3e 3a 
18863	10	1	91 2b 0 
18864	1	1	91 2f 47 
18868	4	2	92 3e 0 
18873	5	2	92 45 3d 
18886	13	1	91 2f 0 
18898	12	2	92 45 0 
18904	6	2	92 3e 26 
18912	8	1	91 32 40 
18916	4	2	92 3e 0 
18922	6	2	92 43 47 
18945	23	2	92 43 0 
18947	2	2	92 3e 44 
18959	12	1	91 32 0 
18960	1	1	91 34 48 
18961	1	2	92 3e 0 
18965	4	2	92 47 50 
18982	17	1	91 34 0 
18986	4	2	92 47 0 
18989	3	2	92 4a 50 
19008	19	1	91 35 44 
19012	4	2	92 4a 0 
19038	26	2	92 4f 5c 
19055	17	1	91 35 0 
19056	1	1	91 34 3b 
19064	8	2	92 4f 0 
19078	14	1	91 34 0 
19104	26	1	91 32 44 
19105	1	2	92 4d 50 
19132	27	2	92 4d 0 
19151	19	1	91 32 0 
19152	1	1	91 2f 40 
19156	4	2	92 4c 3e 
19170	14	2	92 4a f 
19172	2	2	92 4a 0 
19174	2	1	91 2f 0 
19179	5	2	92 4c 0 
19200	21	2	92 4d 47 
19200	0	1	91 29 48 
19247	47	1	91 29 0 
19248	1	1	91 2d 36 
19270	22	1	91 2d 0 
19284	14	2	92 4b 5c 
19289	5	2	92 4d 0 
19296	7	1	91 30 44 
19328	32	2	92 4b 0 
19332	4	2	92 48 46 
19342	10	2	92 48 0 
19343	1	1	91 30 0 
19344	1	1	91 32 40 
19349	5	2	92 50 50 
19366	17	1	91 32 0 
19374	8	2	92 50 0 
19378	4	2	92 51 3d 
19392	14	1	91 33 3e 
19393	1	2	92 4d 44 
19402	9	2	92 51 0 
19421	19	2	92 4d 0 
19424	3	2	92 48 36 
19437	13	2	92 48 0 
19439	2	1	91 33 0 
19440	1	1	91 32 44 
19462	22	1	91 32 0 
19469	7	2	92 45 50 
19488	19	1	91 30 40 
19493	5	2	92 45 0 
19521	28	2	92 46 50 
19535	14	1	91 30 0 
19536	1	1	91 2d 48 
19539	3	2	92 46 0 
19544	5	2	92 47 3b 
19558	14	1	91 2d 0 
19568	10	2	92 47 0 
19571	3	2	92 48 3b 
19584	13	1	91 24 58 
19586	2	2	92 48 0 
19631	45	1	91 24 0 
19632	1	1	91 28 44 
19634	2	2	92 46 47 
19654	20	1	91 28 0 
19655	1	2	92 46 0 
19680	25	1	91 2b 44 
19685	5	2	92 48 48 
19706	21	2	92 48 0 
19727	21	1	91 2b 0 
19728	1	1	91 2d 40 
19732	4	2	92 46 40 
19746	14	2	92 46 0 
19750	4	1	91 2d 0 
19776	26	1	91 2e 40 
19777	1	2	92 4b 4c 
19803	26	2	92 4b 0 
19809	6	2	92 4c 36 
19823	14	1	91 2e 0 
19824	1	1	91 2d 3b 
19833	9	2	92 4c 0 
19846	13	1	91 2d 0 
19859	13	2	92 4c 50 
19872	13	1	91 2b 3e 
19878	6	2	92 4c 0 
19883	5	2	92 35 48 
19902	19	2	92 35 0 
19908	6	2	92 3a 50 
19919	11	1	91 2b 0 
19920	1	1	91 28 40 
19922	2	2	92 3a 0 
19926	4	2	92 40 46 
19942	16	1	91 28 0 
19952	10	2	92 40 0 
19958	6	2	92 43 47 
19968	10	1	91 24 4c 
19981	13	2	92 43 0 
20015	34	1	91 24 0 
20016	1	1	91 28 40 
20021	5	2	92 46 40 
20038	17	1	91 28 0 
20045	7	2	92 46 0 
20064	19	1	91 2b 3b 
20073	9	2	92 48 40 
20093	20	2	92 48 0 
20111	18	1	91 2b 0 
20112	1	1	91 2d 3b 
20116	4	2	92 46 44 
20134	18	1	91 2d 0 
20136	2	2	92 46 0 
20160	24	1	91 2e 40 
20167	7	2	92 4b 4c 
20187	20	2	92 4b 0 
20194	7	2	92 4c 47 
20207	13	1	91 2e 0 
20208	1	1	91 2d 40 
20219	11	2	92 4c 0 
20230	11	1	91 2d 0 
20241	11	2	92 4c 50 
20256	15	1	91 2b 3b 
20261	5	2	92 4c 0 
20288	27	2	92 42 58 
20303	15	1	91 2b 0 
20304	1	2	92 42 0 
20304	0	1	91 28 3c 
20306	2	2	92 41 48 
20324	18	2	92 41 0 
20326	2	1	91 28 0 
20334	8	2	92 3f 40 
20352	18	1	91 24 4c 
20354	2	2	92 3f 0 
20354	0	2	92 3c 50 
20399	45	1	91 24 0 
20400	1	1	91 28 47 
20404	4	2	92 3c 0 
20407	3	2	92 3e 2c 
20422	15	1	91 28 0 
20428	6	2	92 3f 3a 
20431	3	2	92 3e 0 
20448	17	1	91 2b 3d 
20449	1	2	92 3f 0 
20449	0	2	92 40 47 
20477	28	2	92 40 0 
20480	3	2	92 43 38 
20495	15	1	91 2b 0 
20496	1	1	91 2d 44 
20499	3	2	92 43 0 
20501	2	2	92 45 3b 
20517	16	2	92 45 0 
20518	1	1	91 2d 0 
20528	10	2	92 48 50 
20544	16	1	91 2e 40 
20548	4	2	92 48 0 
20574	26	2	92 48 50 
20591	17	1	91 2e 0 
20592	1	1	91 2d 3b 
20597	5	2	92 45 39 
20599	2	2	92 48 0 
20614	15	1	91 2d 0 
20621	7	2	92 45 0 
20631	10	2	92 43 30 
20640	9	1	91 2b 3b 
20644	4	2	92 43 0 
20649	5	2	92 4b 48 
20671	22	2	92 4b 0 
20675	4	2	92 4c 48 
20687	12	1	91 2b 0 
20688	1	1	91 28 44 
20699	11	2	92 4c 0 
20710	11	1	91 28 0 
20721	11	2	92 4c 5c 
20736	15	1	91 24 48 
20740	4	2	92 4c 0 
20766	26	2	92 3c 58 
20783	17	1	91 24 0 
20784	1	1	91 28 3e 
20786	2	2	92 3e 3d 
20787	1	2	92 3c 0 
20806	19	1	91 28 0 
20813	7	2	92 3e 0 
20815	2	2	92 3f 3c 
20830	15	2	92 3f 0 
20832	2	1	91 2b 3b 
20834	2	2	92 40 46 
20856	22	2	92 40 0 
20864	8	2	92 43 36 
20879	15	1	91 2b 0 
20880	1	1	91 2d 3e 
20882	2	2	92 43 0 
20882	0	2	92 45 3c 
20902	20	1	91 2d 0 
20904	2	2	92 45 0 
20928	24	1	91 2e 3b 
20932	4	2	92 48 4c 
20954	22	2	92 48 0 
20975	21	1	91 2e 0 
20976	1	1	91 2d 2f 
20982	6	2	92 45 28 
20998	16	1	91 2d 0 
20999	1	2	92 45 0 
21024	25	1	91 2b 3f 
21030	6	2	92 48 4c 
21053	23	2	92 48 0 
21071	18	1	91 2b 0 
21072	1	1	91 28 40 
21079	7	2	92 45 3d 
21094	15	1	91 28 0 
21105	11	2	92 45 0 
21106	1	2	92 43 4c 
21120	14	1	91 24 48 
21126	6	2	92 43 0 
21154	28	2	92 3c 4c 
21167	13	1	91 24 0 
21168	1	1	91 28 3e 
21174	6	2	92 3e 3b 
21176	2	2	92 3c 0 
21190	14	1	91 28 0 
21204	14	2	92 3e 0 
21205	1	2	92 3f 38 
21216	11	1	91 2b 3e 
21223	7	2	92 40 4c 
21224	1	2	92 3f 0 
21246	22	2	92 40 0 
21250	4	2	92 43 35 
21263	13	1	91 2b 0 
21264	1	1	91 2d 39 
21272	8	2	92 45 40 
21274	2	2	92 43 0 
21286	12	1	91 2d 0 
21294	8	2	92 45 0 
21302	8	2	92 48 58 
21312	10	1	91 2e 3e 
21322	10	2	92 48 0 
21349	27	2	92 48 50 
21359	10	1	91 2e 0 
21360	1	1	91 2d 3a 
21368	8	2	92 45 3b 
21374	6	2	92 48 0 
21382	8	1	91 2d 0 
21395	13	2	92 45 0 
21395	0	2	92 43 3a 
21408	13	1	91 2b 3e 
21415	7	2	92 43 0 
21417	2	2	92 4b 48 
21441	24	2	92 4b 0 
21444	3	2	92 4c 3e 
21455	11	1	91 2b 0 
21456	1	1	91 28 44 
21464	8	2	92 4b 4c 
21470	6	2	92 4c 0 
21478	8	1	91 28 0 
21485	7	2	92 4b 0 
21488	3	2	92 4c 58 
21504	16	1	91 24 48 
21507	3	2	92 4c 0 
21541	34	2	92 3c 50 
21551	10	1	91 24 0 
21552	1	1	91 28 3f 
21560	8	2	92 3e 44 
21561	1	2	92 3c 0 
21574	13	1	91 28 0 
21587	13	2	92 3e 0 
21587	0	2	92 3f 37 
21600	13	1	91 2b 3e 
21601	1	2	92 3f 0 
21603	2	2	92 40 48 
21629	26	2	92 40 0 
21629	0	2	92 43 3e 
21647	18	1	91 2b 0 
21648	1	1	91 2d 34 
21652	4	2	92 45 39 
21654	2	2	92 43 0 
21670	16	1	91 2d 0 
21677	7	2	92 45 0 
21696	19	1	91 2e 40 
21702	6	2	92 48 50 
21724	22	2	92 48 0 
21743	19	1	91 2e 0 
21744	1	1	91 2d 40 
21747	3	2	92 45 40 
21766	19	1	91 2d 0 
21768	2	2	92 45 0 
21792	24	1	91 2b 3b 
21795	3	2	92 48 50 
21819	24	2	92 48 0 
21839	20	1	91 2b 0 
21840	1	1	91 28 50 
21844	4	2	92 45 40 
21862	18	2	92 45 0 
21862	0	1	91 28 0 
21870	8	2	92 43 46 
21888	18	1	91 29 4c 
21895	7	2	92 43 0 
21922	27	2	92 41 44 
21935	13	1	91 29 0 
21936	1	1	91 2d 3d 
21941	5	2	92 43 38 
21944	3	2	92 41 0 
21958	14	1	91 2d 0 
21967	9	2	92 44 40 
21970	3	2	92 43 0 
21984	14	1	91 30 40 
21987	3	2	92 44 0 
21989	2	2	92 45 3c 
22016	27	2	92 45 0 
22017	1	2	92 48 33 
22031	14	1	91 30 0 
22032	1	1	91 32 44 
22039	7	2	92 4a 44 
22040	1	2	92 48 0 
22054	14	1	91 32 0 
22059	5	2	92 4a 0 
22064	5	2	92 4d 4f 
22080	16	1	91 33 40 
22085	5	2	92 4d 0 
22111	26	2	92 4d 4f 
22127	16	1	91 33 0 
22128	1	1	91 32 40 
22134	6	2	92 4a 33 
22147	13	2	92 4d 0 
22150	3	1	91 32 0 
22158	8	2	92 4a 0 
22162	4	2	92 48 44 
22176	14	2	92 48 0 
22176	0	1	91 30 3d 
22178	2	2	92 50 50 
22208	30	2	92 50 0 
22213	5	2	92 51 38 
22223	10	1	91 30 0 
22224	1	1	91 2d 40 
22234	10	2	92 50 48 
22237	3	2	92 51 0 
22246	9	1	91 2d 0 
22252	6	2	92 50 0 
22260	8	2	92 51 5e 
22272	12	1	91 29 47 
22280	8	2	92 51 0 
22307	27	2	92 41 4f 
22319	12	1	91 29 0 
22320	1	1	91 2d 36 
22324	4	2	92 43 3b 
22328	4	2	92 41 0 
22342	14	1	91 2d 0 
22352	10	2	92 44 48 
22354	2	2	92 43 0 
22368	14	1	91 30 44 
22370	2	2	92 44 0 
22373	3	2	92 45 46 
22399	26	2	92 45 0 
22402	3	2	92 48 3e 
22415	13	1	91 30 0 
22416	1	2	92 4a 47 
22416	0	1	91 32 40 
22421	5	2	92 48 0 
22438	17	1	91 32 0 
22442	4	2	92 4a 0 
22464	22	1	91 33 48 
22465	1	2	92 4d 50 
22487	22	2	92 4d 0 
22511	24	1	91 33 0 
22512	1	1	91 32 40 
22514	2	2	92 4a 3e 
22534	20	2	92 4a 0 
22534	0	1	91 32 0 
22560	26	1	91 30 3b 
22563	3	2	92 4d 58 
22591	28	2	92 4d 0 
22607	16	1	91 30 0 
22608	1	1	91 2d 4c 
22611	3	2	92 4a 47 
22630	19	1	91 2d 0 
22642	12	2	92 48 4c 
22646	4	2	92 4a 0 
22656	10	1	91 24 58 
22657	1	2	92 48 0 
22689	32	2	92 3c 50 
22703	14	1	91 24 0 
22704	1	1	91 28 4c 
22708	4	2	92 3e 3e 
22712	4	2	92 3c 0 
22726	14	1	91 28 0 
22737	11	2	92 3f 40 
22739	2	2	92 3e 0 
22752	13	1	91 2b 44 
22756	4	2	92 40 48 
22758	2	2	92 3f 0 
22780	22	2	92 40 0 
22783	3	2	92 43 39 
22799	16	1	91 2b 0 
22800	1	1	91 2d 44 
22802	2	2	92 45 47 
22806	4	2	92 43 0 
22822	16	1	91 2d 0 
22824	2	2	92 45 0 
22833	9	2	92 48 50 
22848	15	1	91 2e 3d 
22852	4	2	92 48 0 
22879	27	2	92 48 50 
22895	16	1	91 2e 0 
22896	1	1	91 2d 40 
22901	5	2	92 45 3d 
22909	8	2	92 48 0 
22918	9	1	91 2d 0 
22924	6	2	92 45 0 
22930	6	2	92 43 35 
22943	13	2	92 43 0 
22944	1	1	91 2b 44 
22948	4	2	92 4b 50 
22966	18	2	92 4b 0 
22974	8	2	92 4c 58 
22991	17	1	91 2b 0 
22992	1	1	91 28 44 
22998	6	2	92 4c 0 
23014	16	1	91 28 0 
23022	8	2	92 4c 5c 
23040	18	2	92 4c 0 
23040	0	1	91 24 4c 
23073	33	2	92 3c 50 
23087	14	1	91 24 0 
23088	1	1	91 28 3b 
23093	5	2	92 3e 3c 
23096	3	2	92 3c 0 
23110	14	1	91 28 0 
23122	12	2	92 3f 3d 
23123	1	2	92 3e 0 
23136	13	1	91 2b 3c 
23138	2	2	92 3f 0 
23139	1	2	92 40 47 
23164	25	2	92 40 0 
23168	4	2	92 43 3d 
23183	15	1	91 2b 0 
23184	1	1	91 2d 3c 
23187	3	2	92 45 48 
23190	3	2	92 43 0 
23206	16	1	91 2d 0 
23213	7	2	92 45 0 
23232	19	1	91 2e 40 
23238	6	2	92 48 50 
23261	23	2	92 48 0 
23279	18	1	91 2e 0 
23280	1	1	91 2d 40 
23284	4	2	92 45 47 
23302	18	1	91 2d 0 
23310	8	2	92 45 0 
23328	18	1	91 2b 3d 
23332	4	2	92 43 50 
23362	30	2	92 43 0 
23375	13	1	91 2b 0 
23376	1	1	91 28 50 
23398	22	1	91 28 0 
23424	26	1	91 2b 50 
23428	4	2	92 46 4c 
23450	22	2	92 46 0 
23453	3	2	92 47 44 
23471	18	1	91 2b 0 
23472	1	1	91 2f 47 
23475	3	2	92 47 0 
23477	2	2	92 4f 58 
23494	17	1	91 2f 0 
23496	2	2	92 4f 0 
23499	3	2	92 4a 58 
23500	1	2	92 4d 4d 
23520	20	1	91 32 40 
23548	28	2	92 4d 0 
23549	1	2	92 43 48 
23552	3	2	92 4a 0 
23567	15	2	92 43 0 
23567	0	1	91 32 0 
23568	1	1	91 34 48 
23570	2	2	92 4c 58 
23571	1	2	92 48 54 
23590	19	1	91 34 0 
23594	4	2	92 4c 0 
23595	1	2	92 48 0 
23616	21	1	91 35 44 
23620	4	2	92 4a 4e 
23620	0	2	92 47 50 
23641	21	2	92 4a 0 
23642	1	2	92 47 0 
23663	21	1	91 35 0 
23664	1	1	91 34 3b 
23667	3	2	92 43 47 
23686	19	1	91 34 0 
23688	2	2	92 43 0 
23712	24	1	91 32 44 
23717	5	2	92 43 58 
23739	22	2	92 43 0 
23759	20	1	91 32 0 
23760	1	1	91 2f 40 
23782	22	1	91 2f 0 
23808	26	1	91 29 48 
23811	3	2	92 44 58 
23830	19	2	92 44 0 
23832	2	2	92 45 4f 
23854	22	2	92 45 0 
23855	1	1	91 29 0 
23856	1	1	91 2d 36 
23858	2	2	92 4d 44 
23878	20	1	91 2d 0 
23879	1	2	92 4b 4d 
23881	2	2	92 48 50 
23882	1	2	92 4d 0 
23904	22	1	91 30 44 
23935	31	2	92 4b 0 
23935	0	2	92 41 50 
23937	2	2	92 48 0 
23951	14	1	91 30 0 
23952	1	1	91 32 40 
23955	3	2	92 4a 4c 
23955	0	2	92 46 54 
23963	8	2	92 41 0 
23974	11	1	91 32 0 
23975	1	2	92 46 0 
23977	2	2	92 4a 0 
24000	23	1	91 33 3e 
24003	3	2	92 48 48 
24004	1	2	92 45 4d 
24022	18	2	92 48 0 
24024	2	2	92 45 0 
24047	23	1	91 33 0 
24048	1	1	91 32 44 
24053	5	2	92 41 40 
24070	17	1	91 32 0 
24072	2	2	92 41 0 
24096	24	1	91 30 40 
24101	5	2	92 41 5b 
24123	22	2	92 41 0 
24143	20	1	91 30 0 
24144	1	1	91 2d 48 
24166	22	1	91 2d 0 
24192	26	1	91 24 58 
24194	2	2	92 3f 50 
24214	20	2	92 3f 0 
24215	1	2	92 40 48 
24238	23	2	92 40 0 
24239	1	1	91 24 0 
24240	1	1	91 28 44 
24242	2	2	92 48 58 
24262	20	1	91 28 0 
24265	3	2	92 48 0 
24269	4	2	92 46 46 
24270	1	2	92 43 4e 
24288	18	1	91 2b 44 
24318	30	2	92 46 0 
24323	5	2	92 43 0 
24323	0	2	92 3c 35 
24335	12	1	91 2b 0 
24336	1	1	91 2d 40 
24338	2	2	92 3c 0 
24340	2	2	92 45 50 
24341	1	2	92 41 50 
24358	17	1	91 2d 0 
24363	5	2	92 45 0 
24363	0	2	92 41 0 
24384	21	1	91 2e 40 
24390	6	2	92 40 4f 
24391	1	2	92 43 45 
24406	15	2	92 43 0 
24410	4	2	92 40 0 
24431	21	1	91 2e 0 
24432	1	1	91 2d 3b 
24435	3	2	92 3c 48 
24452	17	2	92 3c 0 
24454	2	1	91 2d 0 
24480	26	1	91 2b 3e 
24482	2	2	92 3c 47 
24502	20	2	92 3c 0 
24527	25	1	91 2b 0 
24528	1	1	91 28 40 
24529	1	2	92 3c 50 
24550	21	1	91 28 0 
24554	4	2	92 3c 0 
24576	22	1	91 24 4c 
24579	3	2	92 3f 58 
24599	20	2	92 3f 0 
24605	6	2	92 40 4c 
24623	18	1	91 24 0 
24624	1	1	91 28 40 
24626	2	2	92 40 0 
24630	4	2	92 48 50 
24646	16	1	91 28 0 
24652	6	2	92 48 0 
24653	1	2	92 46 40 
24655	2	2	92 43 39 
24672	17	1	91 2b 3b 
24705	33	2	92 46 0 
24706	1	2	92 3c 48 
24711	5	2	92 43 0 
24719	8	1	91 2b 0 
24720	1	1	91 2d 3b 
24722	2	2	92 3c 0 
24726	4	2	92 45 50 
24727	1	2	92 41 50 
24742	15	1	91 2d 0 
24747	5	2	92 45 0 
24748	1	2	92 41 0 
24768	20	1	91 2e 40 
24775	7	2	92 40 5a 
24777	2	2	92 43 45 
24791	14	2	92 43 0 
24795	4	2	92 40 0 
24815	20	1	91 2e 0 
24816	1	1	91 2d 40 
24821	5	2	92 3c 44 
24835	14	2	92 3c 0 
24838	3	1	91 2d 0 
24864	26	1	91 2b 3b 
24868	4	2	92 3c 48 
24887	19	2	92 3c 0 
24911	24	1	91 2b 0 
24912	1	1	91 28 3c 
24916	4	2	92 3c 48 
24934	18	1	91 28 0 
24936	2	2	92 3c 0 
24959	23	2	92 3c 4c 
24960	1	1	91 24 4c 
25007	47	1	91 24 0 
25008	1	1	91 28 47 
25009	1	2	92 40 4f 
25010	1	2	92 3c 0 
25030	20	1	91 28 0 
25032	2	2	92 40 0 
25034	2	2	92 3c 40 
25048	14	2	92 3c 0 
25056	8	1	91 2b 3d 
25059	3	2	92 3c 48 
25071	12	2	92 3c 0 
25083	12	2	92 41 58 
25103	20	1	91 2b 0 
25104	1	1	91 2d 44 
25108	4	2	92 41 0 
25108	0	2	92 3c 3b 
25121	13	2	92 3c 0 
25126	5	1	91 2d 0 
25130	4	2	92 3c 50 
25142	12	2	92 3c 0 
25152	10	1	91 2e 40 
25154	2	2	92 42 50 
25174	20	2	92 42 0 
25177	3	2	92 3c 4c 
25188	11	2	92 3c 0 
25199	11	1	91 2e 0 
25200	1	1	91 2d 3b 
25201	1	2	92 3c 47 
25222	21	1	91 2d 0 
25227	5	2	92 3c 0 
25229	2	2	92 43 58 
25248	19	1	91 2b 3b 
25251	3	2	92 3c 4f 
25253	2	2	92 43 0 
25263	10	2	92 3c 0 
25277	14	2	92 3c 4e 
25295	18	1	91 2b 0 
25296	1	2	92 3c 0 
25296	0	1	91 28 44 
25297	1	2	92 46 5b 
25315	18	2	92 46 0 
25318	3	1	91 28 0 
25344	26	1	91 24 48 
25347	3	2	92 46 5e 
25366	19	2	92 46 0 
25373	7	2	92 48 4f 
25391	18	1	91 24 0 
25392	1	1	91 28 3e 
25394	2	2	92 48 0 
25414	20	1	91 28 0 
25420	6	2	92 48 68 
25440	20	1	91 2b 3b 
25441	1	2	92 48 0 
25473	32	2	92 44 4f 
25487	14	1	91 2b 0 
25488	1	1	91 2d 3e 
25492	4	2	92 44 0 
25494	2	2	92 45 50 
25510	16	1	91 2d 0 
25516	6	2	92 45 0 
25520	4	2	92 4d 5c 
25536	16	1	91 2e 3b 
25540	4	2	92 4c 58 
25546	6	2	92 4d 0 
25556	10	2	92 4c 0 
25567	11	2	92 52 6e 
25583	16	1	91 2e 0 
25584	1	1	91 2d 2f 
25606	22	1	91 2d 0 
25632	26	1	91 2b 3f 
25679	47	1	91 2b 0 
25680	1	1	91 28 40 
25702	22	1	91 28 0 
25728	26	1	91 24 48 
25775	47	1	91 24 0 
25776	1	1	91 28 3e 
25798	22	1	91 28 0 
25824	26	1	91 2b 3e 
25871	47	1	91 2b 0 
25872	1	1	91 2d 39 
25894	22	1	91 2d 0 
25920	26	1	91 2e 3e 
25952	32	2	92 52 0 
25967	15	1	91 2e 0 
25967	0	2	92 52 3b 
25968	1	1	91 2d 3a 
25990	22	2	92 52 0 
25990	0	1	91 2d 0 
26016	26	1	91 2b 3e 
26020	4	2	92 51 42 
26044	24	2	92 51 0 
26063	19	1	91 2b 0 
26064	1	1	91 28 44 
26066	2	2	92 4f 45 
26086	20	1	91 28 0 
26091	5	2	92 4f 0 
26112	21	1	91 24 48 
26113	1	2	92 4d 3d 
26138	25	2	92 4d 0 
26159	21	1	91 24 0 
26160	1	1	91 28 3f 
26182	22	1	91 28 0 
26185	3	2	92 4c 3b 
26208	23	1	91 2b 3e 
26212	4	2	92 4c 0 
26255	43	1	91 2b 0 
26256	1	2	92 4d 3d 
26256	0	1	91 2d 34 
26275	19	2	92 4d 0 
26278	3	1	91 2d 0 
26304	26	1	91 2e 40 
26330	26	2	92 4c 4d 
26351	21	1	91 2e 0 
26352	1	1	91 2d 40 
26357	5	2	92 4c 0 
26374	17	1	91 2d 0 
26400	26	1	91 2b 3b 
26403	3	2	92 4d 54 
26425	22	2	92 4d 0 
26447	22	1	91 2b 0 
26448	1	1	91 28 50 
26452	4	2	92 4f 61 
26470	18	1	91 28 0 
26473	3	2	92 4f 0 
26496	23	1	91 29 4c 
26500	4	2	92 4b 5c 
26543	43	1	91 29 0 
26544	1	1	91 2d 3d 
26566	22	1	91 2d 0 
26592	26	1	91 30 40 
26639	47	1	91 30 0 
26640	1	1	91 32 44 
26662	22	1	91 32 0 
26688	26	1	91 33 40 
26735	47	1	91 33 0 
26736	1	1	91 32 40 
26758	22	1	91 32 0 
26784	26	1	91 30 3d 
26818	34	2	92 4b 0 
26831	13	1	91 30 0 
26832	1	1	91 2d 40 
26854	22	1	91 2d 0 
26880	26	1	91 29 47 
26927	47	1	91 29 0 
26927	0	2	92 51 68 
26928	1	1	91 2d 36 
26948	20	2	92 4b 50 
26950	2	1	91 2d 0 
26951	1	2	92 51 0 
26971	20	2	92 4b 0 
26974	3	2	92 45 39 
26976	2	1	91 30 44 
26992	16	2	92 45 0 
26999	7	2	92 46 48 
27020	21	2	92 46 0 
27023	3	1	91 30 0 
27024	1	1	91 32 40 
27025	1	2	92 41 4f 
27042	17	2	92 41 0 
27046	4	1	91 32 0 
27048	2	2	92 4a 4c 
27067	19	2	92 4a 0 
27069	2	2	92 4d 58 
27072	3	1	91 33 48 
27092	20	2	92 4b 58 
27099	7	2	92 4d 0 
27111	12	2	92 4b 0 
27116	5	2	92 4c 44 
27119	3	1	91 33 0 
27120	1	1	91 32 40 
27135	15	2	92 4c 0 
27137	2	2	92 48 4c 
27142	5	1	91 32 0 
27156	14	2	92 48 0 
27163	7	2	92 43 40 
27168	5	1	91 30 3b 
27187	19	2	92 43 0 
27188	1	2	92 42 44 
27202	14	2	92 42 0 
27210	8	2	92 41 44 
27215	5	1	91 30 0 
27216	1	1	91 2d 4c 
27230	14	2	92 41 0 
27233	3	2	92 3f 44 
27238	5	1	91 2d 0 
27248	10	2	92 3f 0 
27262	14	2	92 3c 3d 
27264	2	1	91 24 58 
27281	17	2	92 3c 0 
27311	30	1	91 24 0 
27312	1	1	91 28 4c 
27318	6	2	92 3f 50 
27334	16	1	91 28 0 
27338	4	2	92 3f 0 
27338	0	2	92 40 54 
27360	22	1	91 2b 44 
27363	3	2	92 40 0 
27365	2	2	92 48 54 
27407	42	1	91 2b 0 
27408	1	1	91 2d 44 
27430	22	1	91 2d 0 
27456	26	1	91 2e 3d 
27463	7	2	92 4a 50 
27467	4	2	92 48 0 
27488	21	2	92 4a 0 
27503	15	1	91 2e 0 
27504	1	1	91 2d 40 
27512	8	2	92 46 50 
27526	14	1	91 2d 0 
27552	26	1	91 2b 44 
27599	47	1	91 2b 0 
27600	1	1	91 28 44 
27607	7	2	92 41 47 
27611	4	2	92 46 0 
27622	11	1	91 28 0 
27628	6	2	92 41 0 
27648	20	1	91 24 4c 
27652	4	2	92 43 4f 
27695	43	1	91 24 0 
27696	1	1	91 28 3b 
27718	22	1	91 28 0 
27744	26	1	91 2b 3c 
27791	47	1	91 2b 0 
27792	1	1	91 2d 3c 
27814	22	1	91 2d 0 
27840	26	1	91 2e 40 
27887	47	1	91 2e 0 
27888	1	1	91 2d 40 
27910	22	1	91 2d 0 
27936	26	1	91 2b 3d 
27949	13	2	92 43 0 
27969	20	2	92 43 50 
27980	11	2	92 43 0 
27983	3	1	91 2b 0 
27984	1	1	91 28 50 
27991	7	2	92 43 48 
28001	10	2	92 43 0 
28006	5	1	91 28 0 
28013	7	2	92 43 50 
28026	13	2	92 43 0 
28032	6	1	91 2b 50 
28038	6	2	92 43 5e 
28057	19	2	92 43 0 
28079	22	1	91 2b 0 
28080	1	1	91 2f 47 
28085	5	2	92 43 58 
28102	17	1	91 2f 0 
28105	3	2	92 43 0 
28128	23	1	91 32 40 
28134	6	2	92 4d 6e 
28134	0	2	92 4a 5c 
28156	22	2	92 4a 0 
28157	1	2	92 4d 0 
28157	0	2	92 43 58 
28173	16	2	92 43 0 
28175	2	1	91 32 0 
28176	1	1	91 34 48 
28181	5	2	92 4c 50 
28181	0	2	92 48 4f 
28191	10	2	92 4c 0 
28193	2	2	92 48 0 
28198	5	1	91 34 0 
28204	6	2	92 4a 6e 
28204	0	2	92 47 6e 
28222	18	2	92 47 0 
28224	2	1	91 35 44 
28226	2	2	92 4a 0 
28271	45	1	91 35 0 
28272	1	1	91 34 3b 
28294	22	1	91 34 0 
28320	26	1	91 32 44 
28352	32	2	92 41 4c 
28362	10	2	92 41 0 
28367	5	1	91 32 0 
28368	1	1	91 2f 40 
28372	4	2	92 41 4f 
28383	11	2	92 41 0 
28390	7	1	91 2f 0 
28396	6	2	92 41 50 
28406	10	2	92 41 0 
28416	10	1	91 29 48 
28420	4	2	92 41 5c 
28442	22	2	92 41 0 
28463	21	1	91 29 0 
28464	1	1	91 2d 36 
28465	1	2	92 41 68 
28486	21	1	91 2d 0 
28489	3	2	92 41 0 
28512	23	1	91 30 44 
28516	4	2	92 4b 58 
28516	0	2	92 48 5f 
28541	25	2	92 4b 0 
28543	2	2	92 41 5c 
28544	1	2	92 48 0 
28559	15	1	91 30 0 
28560	1	1	91 32 40 
28563	3	2	92 46 5f 
28564	1	2	92 4a 58 
28566	2	2	92 41 0 
28581	15	2	92 46 0 
28582	1	1	91 32 0 
28587	5	2	92 48 68 
28588	1	2	92 45 6e 
28589	1	2	92 4a 0 
28607	18	2	92 45 0 
28608	1	1	91 33 3e 
28609	1	2	92 48 0 
28655	46	1	91 33 0 
28656	1	1	91 32 44 
28678	22	1	91 32 0 
28704	26	1	91 30 40 
28729	25	2	92 3c 46 
28743	14	2	92 3c 0 
28751	8	1	91 30 0 
28752	1	1	91 2d 48 
28753	1	2	92 3c 58 
28766	13	2	92 3c 0 
28774	8	1	91 2d 0 
28776	2	2	92 3c 5c 
28793	17	2	92 3c 0 
28799	6	2	92 3c 68 
28800	1	1	91 24 58 
28819	19	2	92 3c 0 
28847	28	1	91 24 0 
28848	1	1	91 28 44 
28852	4	2	92 3c 50 
28870	18	1	91 28 0 
28874	4	2	92 3c 0 
28896	22	1	91 2b 44 
28900	4	2	92 46 50 
28901	1	2	92 43 58 
28920	19	2	92 46 0 
28921	1	2	92 43 0 
28925	4	2	92 3c 58 
28943	18	1	91 2b 0 
28944	1	1	91 2d 40 
28945	1	2	92 3c 0 
28947	2	2	92 45 58 
28948	1	2	92 41 58 
28966	18	1	91 2d 0 
28967	1	2	92 41 0 
28970	3	2	92 45 0 
28976	6	2	92 43 58 
28976	0	2	92 40 45 
28992	16	1	91 2e 40 
28998	6	2	92 40 0 
28999	1	2	92 43 0 
29039	40	1	91 2e 0 
29040	1	1	91 2d 3b 
29062	22	1	91 2d 0 
29088	26	1	91 2b 3e 
29117	29	2	92 3c 3a 
29127	10	2	92 3c 0 
29132	5	2	92 41 4e 
29135	3	1	91 2b 0 
29136	1	1	91 28 40 
29158	22	2	92 41 0 
29158	0	1	91 28 0 
29184	26	1	91 24 4c 
29185	1	2	92 40 4c 
29231	46	1	91 24 0 
29232	1	1	91 28 40 
29254	22	1	91 28 0 
29280	26	1	91 2b 3b 
29327	47	1	91 2b 0 
29328	1	1	91 2d 3b 
29350	22	1	91 2d 0 
29376	26	1	91 2e 40 
29423	47	1	91 2e 0 
29424	1	1	91 2d 40 
29446	22	1	91 2d 0 
29472	26	1	91 2b 3b 
29505	33	2	92 40 0 
29519	14	1	91 2b 0 
29520	1	1	91 28 3c 
29542	22	1	91 28 0 
29568	26	1	91 24 4c 
29615	47	1	91 24 0 
29616	1	1	91 28 47 
29638	22	1	91 28 0 
29664	26	2	92 40 48 
29664	0	1	91 2b 3d 
29690	26	2	92 40 0 
29711	21	1	91 2b 0 
29712	1	1	91 2d 44 
29734	22	1	91 2d 0 
29760	26	1	91 2e 40 
29765	5	2	92 46 54 
29788	23	2	92 46 0 
29807	19	1	91 2e 0 
29808	1	1	91 2d 3b 
29830	22	1	91 2d 0 
29856	26	1	91 2b 3b 
29859	3	2	92 4a 58 
29885	26	2	92 4a 0 
29903	18	1	91 2b 0 
29904	1	1	91 28 44 
29926	22	1	91 28 0 
29952	26	1	91 24 48 
29957	5	2	92 4a 58 
29999	42	1	91 24 0 
30000	1	1	91 28 3e 
30003	3	2	92 4b 40 
30007	4	2	92 4a 0 
30012	5	2	92 4c 44 
30022	10	1	91 28 0 
30028	6	2	92 4b 0 
30040	12	2	92 48 4d 
30048	8	2	92 4c 0 
30048	0	1	91 2b 3b 
30095	47	1	91 2b 0 
30096	1	1	91 2d 3e 
30118	22	1	91 2d 0 
30144	26	1	91 2e 3b 
30191	47	1	91 2e 0 
30192	1	1	91 2d 2f 
30214	22	1	91 2d 0 
30240	26	1	91 2b 3f 
30251	11	2	92 46 47 
30252	1	2	92 48 0 
30271	19	2	92 46 0 
30273	2	2	92 48 3b 
30287	14	1	91 2b 0 
30288	1	2	92 48 0 
30288	0	1	91 28 40 
30310	22	1	91 28 0 
30317	7	2	92 48 50 
30336	19	1	91 24 48 
30337	1	2	92 48 0 
30383	46	1	91 24 0 
30384	1	1	91 28 3e 
30406	22	1	91 28 0 
30432	26	1	91 2b 3e 
30479	47	1	91 2b 0 
30480	1	1	91 2d 39 
30481	1	2	92 40 37 
30501	20	2	92 40 0 
30502	1	1	91 2d 0 
30528	26	1	91 2e 3e 
30533	5	2	92 46 50 
30556	23	2	92 46 0 
30575	19	1	91 2e 0 
30576	1	1	91 2d 3a 
30598	22	1	91 2d 0 
30624	26	1	91 2b 3e 
30632	8	2	92 4a 58 
30654	22	2	92 4a 0 
30671	17	1	91 2b 0 
30672	1	1	91 28 44 
30694	22	1	91 28 0 
30720	26	1	91 24 48 
30726	6	2	92 4a 58 
30767	41	1	91 24 0 
30768	1	1	91 28 3f 
30771	3	2	92 4a 0 
30775	4	2	92 4c 44 
30790	15	1	91 28 0 
30796	6	2	92 4c 0 
30799	3	2	92 4d 50 
30816	17	1	91 2b 3e 
30863	47	1	91 2b 0 
30864	1	1	91 2d 34 
30866	2	2	92 4c 48 
30869	3	2	92 4d 0 
30886	17	1	91 2d 0 
30912	26	1	91 2e 40 
30959	47	1	91 2e 0 
30960	1	1	91 2d 40 
30982	22	1	91 2d 0 
31008	26	1	91 2b 3b 
31009	1	2	92 4c 0 
31011	2	2	92 48 47 
31055	44	1	91 2b 0 
31056	1	1	91 28 50 
31078	22	1	91 28 0 
31104	26	1	91 29 4c 
31151	47	1	91 29 0 
31152	1	1	91 2d 3d 
31174	22	1	91 2d 0 
31200	26	1	91 30 40 
31207	7	2	92 48 0 
31247	40	1	91 30 0 
31248	1	1	91 32 44 
31251	3	2	92 37 4c 
31270	19	1	91 32 0 
31270	0	2	92 3a 47 
31274	4	2	92 37 0 
31296	22	1	91 33 40 
31299	3	2	92 3f 35 
31300	1	2	92 3a 0 
31314	14	2	92 3f 0 
31317	3	2	92 43 48 
31338	21	2	92 43 0 
31341	3	2	92 44 50 
31343	2	1	91 33 0 
31344	1	1	91 32 40 
31361	17	2	92 44 0 
31362	1	2	92 45 44 
31366	4	1	91 32 0 
31383	17	2	92 45 0 
31386	3	2	92 41 48 
31392	6	1	91 30 3d 
31406	14	2	92 41 0 
31414	8	2	92 4b 58 
31439	25	1	91 30 0 
31440	1	1	91 2d 40 
31462	22	1	91 2d 0 
31488	26	1	91 29 47 
31535	47	1	91 29 0 
31536	1	1	91 2d 36 
31542	6	2	92 4a 48 
31543	1	2	92 4b 0 
31558	15	1	91 2d 0 
31565	7	2	92 4a 0 
31584	19	1	91 30 44 
31588	4	2	92 48 58 
31604	16	2	92 48 0 
31631	27	1	91 30 0 
31632	1	1	91 32 40 
31637	5	2	92 37 50 
31654	17	1	91 32 0 
31660	6	2	92 3a 44 
31665	5	2	92 37 0 
31680	15	1	91 33 48 
31683	3	2	92 3f 3b 
31685	2	2	92 3a 0 
31705	20	2	92 43 40 
31706	1	2	92 3f 0 
31725	19	2	92 43 0 
31727	2	1	91 33 0 
31728	1	1	91 32 40 
31732	4	2	92 46 50 
31750	18	1	91 32 0 
31751	1	2	92 46 0 
31754	3	2	92 48 4c 
31776	22	1	91 30 3b 
31778	2	2	92 48 0 
31778	0	2	92 45 4f 
31800	22	2	92 45 0 
31803	3	2	92 4d 50 
31823	20	1	91 30 0 
31824	1	1	91 2d 4c 
31846	22	1	91 2d 0 
31872	26	1	91 24 58 
31919	47	1	91 24 0 
31920	1	1	91 28 4c 
31921	1	2	92 4f 50 
31929	8	2	92 4d 0 
31940	11	2	92 4f 0 
31942	2	1	91 28 0 
31968	26	1	91 2b 44 
31969	1	2	92 4c 50 
31988	19	2	92 4c 0 
32015	27	1	91 2b 0 
32016	1	1	91 2d 44 
32017	1	2	92 48 4f 
32036	19	2	92 48 0 
32038	2	1	91 2d 0 
32064	26	1	91 2e 3d 
32066	2	2	92 46 50 
32092	26	2	92 46 0 
32111	19	1	91 2e 0 
32112	1	1	91 2d 40 
32134	22	1	91 2d 0 
32160	26	1	91 2b 44 
32166	6	2	92 4a 58 
32207	41	1	91 2b 0 
32208	1	1	91 28 44 
32213	5	2	92 4c 44 
32226	13	2	92 4a 0 
32230	4	2	92 4c 0 
32230	0	1	91 28 0 
32239	9	2	92 48 44 
32256	17	1	91 24 4c 
32265	9	2	92 48 0 
32303	38	1	91 24 0 
32304	1	1	91 28 3b 
32308	4	2	92 48 36 
32324	16	2	92 48 0 
32326	2	1	91 28 0 
32352	26	1	91 2b 3c 
32360	8	2	92 48 2f 
32372	12	2	92 48 0 
32399	27	1	91 2b 0 
32400	1	1	91 2d 3c 
32402	2	2	92 48 47 
32419	17	2	92 48 0 
32422	3	1	91 2d 0 
32448	26	1	91 2e 40 
32450	2	2	92 48 4d 
32468	18	2	92 48 0 
32495	27	1	91 2e 0 
32496	1	1	91 2d 40 
32498	2	2	92 48 4c 
32513	15	2	92 48 0 
32518	5	1	91 2d 0 
32544	26	1	91 2b 3d 
32547	3	2	92 48 58 
32572	25	2	92 48 0 
32578	6	2	92 43 2f 
32591	13	2	92 43 0 
32591	0	1	91 2b 0 
32592	1	1	91 28 50 
32593	1	2	92 46 3c 
32604	11	2	92 46 0 
32614	10	1	91 28 0 
32619	5	2	92 48 4f 
32640	21	1	91 2b 50 
32673	33	2	92 48 0 
32687	14	1	91 2b 0 
32688	1	1	91 2f 47 
32696	8	2	92 48 47 
32710	14	2	92 48 0 
32710	0	1	91 2f 0 
32736	26	1	91 32 40 
32742	6	2	92 48 50 
32766	24	2	92 48 0 
32771	5	2	92 43 41 
32783	12	2	92 43 0 
32783	0	1	91 32 0 
32784	1	1	91 34 48 
32786	2	2	92 46 44 
32800	14	2	92 46 0 
32806	6	1	91 34 0 
32814	8	2	92 48 44 
32832	18	1	91 35 44 
32855	23	2	92 48 0 
32879	24	1	91 35 0 
32880	1	1	91 34 3b 
32884	4	2	92 48 4c 
32902	18	1	91 34 0 
32903	1	2	92 48 0 
32928	25	1	91 32 44 
32932	4	2	92 48 50 
32956	24	2	92 4b 47 
32958	2	2	92 48 0 
32975	17	1	91 32 0 
32975	0	2	92 48 34 
32976	1	1	91 2f 40 
32981	5	2	92 4b 0 
32995	14	2	92 48 0 
32998	3	1	91 2f 0 
33000	2	2	92 46 36 
33013	13	2	92 46 0 
33024	11	1	91 29 48 
33025	1	2	92 48 48 
33049	24	2	92 48 0 
33071	22	1	91 29 0 
33071	0	2	92 48 48 
33072	1	1	91 2d 36 
33088	16	2	92 48 0 
33094	6	1	91 2d 0 
33120	26	1	91 30 44 
33121	1	2	92 48 5c 
33147	26	2	92 48 0 
33153	6	2	92 43 32 
33167	14	1	91 30 0 
33168	1	1	91 32 40 
33170	2	2	92 46 48 
33171	1	2	92 43 0 
33189	18	2	92 46 0 
33190	1	1	91 32 0 
33197	7	2	92 48 50 
33216	19	1	91 33 3e 
33248	32	2	92 48 0 
33263	15	1	91 33 0 
33264	1	1	91 32 44 
33270	6	2	92 48 50 
33286	16	1	91 32 0 
33289	3	2	92 48 0 
33312	23	1	91 30 40 
33315	3	2	92 48 50 
33340	25	2	92 4b 4c 
33341	1	2	92 48 0 
33359	18	1	91 30 0 
33359	0	2	92 48 34 
33360	1	1	91 2d 48 
33363	3	2	92 4b 0 
33380	17	2	92 48 0 
33382	2	1	91 2d 0 
33384	2	2	92 46 38 
33396	12	2	92 46 0 
33406	10	2	92 48 47 
33408	2	1	91 24 58 
33431	23	2	92 48 0 
33455	24	1	91 24 0 
33456	1	1	91 28 44 
33457	1	2	92 48 50 
33478	21	1	91 28 0 
33485	7	2	92 46 40 
33486	1	2	92 48 0 
33504	18	2	92 48 44 
33504	0	1	91 2b 44 
33505	1	2	92 46 0 
33527	22	2	92 48 0 
33532	5	2	92 4b 58 
33551	19	1	91 2b 0 
33552	1	1	91 2d 40 
33574	22	1	91 2d 0 
33585	11	2	92 4b 0 
33600	15	1	91 2e 40 
33602	2	2	92 48 50 
33627	25	2	92 48 0 
33627	0	2	92 46 40 
33647	20	1	91 2e 0 
33648	1	1	91 2d 3b 
33649	1	2	92 48 3a 
33650	1	2	92 46 0 
33668	18	2	92 48 0 
33670	2	1	91 2d 0 
33675	5	2	92 4d 58 
33696	21	1	91 2b 3e 
33743	47	1	91 2b 0 
33744	1	1	91 28 40 
33746	2	2	92 4d 0 
33753	7	2	92 48 4c 
33766	13	1	91 28 0 
33776	10	2	92 46 44 
33777	1	2	92 48 0 
33792	15	1	91 24 4c 
33797	5	2	92 48 3b 
33799	2	2	92 46 0 
33821	22	2	92 48 0 
33823	2	2	92 4f 5e 
33839	16	1	91 24 0 
33840	1	1	91 28 40 
33862	22	1	91 28 0 
33888	26	1	91 2b 3b 
33889	1	2	92 4f 0 
33889	0	2	92 48 46 
33911	22	2	92 46 47 
33913	2	2	92 48 0 
33933	20	2	92 46 0 
33935	2	1	91 2b 0 
33935	0	2	92 48 3d 
33936	1	1	91 2d 3b 
33955	19	2	92 48 0 
33958	3	1	91 2d 0 
33961	3	2	92 4e 58 
33984	23	1	91 2e 40 
33999	15	2	92 4e 0 
34013	14	2	92 4d 58 
34031	18	1	91 2e 0 
34032	1	1	91 2d 40 
34041	9	2	92 4b 40 
34045	4	2	92 4d 0 
34054	9	1	91 2d 0 
34059	5	2	92 48 40 
34061	2	2	92 4b 0 
34073	12	2	92 48 0 
34080	7	1	91 2b 3b 
34086	6	2	92 46 47 
34110	24	2	92 46 0 
34112	2	2	92 43 3d 
34127	15	1	91 2b 0 
34128	1	2	92 43 0 
34128	0	1	91 28 3c 
34129	1	2	92 46 58 
34130	1	2	92 4b 58 
34149	19	2	92 4b 0 
34150	1	2	92 46 0 
34150	0	1	91 28 0 
34176	26	1	91 24 4c 
34180	4	2	92 43 50 
34182	2	2	92 48 44 
34202	20	2	92 43 0 
34203	1	2	92 48 0 
34223	20	1	91 24 0 
34224	1	1	91 28 47 
34246	22	1	91 28 0 
34272	26	1	91 2b 3d 
34274	2	2	92 54 58 
34274	0	2	92 4f 50 
34275	1	2	92 48 58 
34291	16	2	92 48 0 
34292	1	2	92 4f 0 
34293	1	2	92 54 0 
34319	26	1	91 2b 0 
34320	1	1	91 2d 44 
34342	22	1	91 2d 0 
34368	26	1	91 2e 40 
34371	3	2	92 4f 5b 
34372	1	2	92 54 68 
34372	0	2	92 48 5c 
34375	3	2	d2 2 
34379	4	2	d2 0 
34386	7	2	92 48 0 
34387	1	2	92 54 0 
34389	2	2	92 4f 0 
34415	26	1	91 2e 0 
34416	1	1	91 2d 3b 
34438	22	1	91 2d 0 
34450	12	2	92 54 5e 
34450	0	2	92 4f 5c 
34451	1	2	92 48 5c 
34464	13	1	91 2b 3b 
34483	19	2	92 48 0 
34491	8	2	92 54 0 
34498	7	2	92 48 4c 
34499	1	2	92 4f 0 
34511	12	2	92 48 0 
34511	0	1	91 2b 0 
34512	1	1	91 28 44 
34516	4	2	92 4b 50 
34518	2	2	92 46 68 
34534	16	1	91 28 0 
34536	2	2	92 46 0 
34538	2	2	92 4b 0 
34560	22	1	91 24 48 
34566	6	2	92 48 5c 
34566	0	2	92 43 58 
34584	18	2	92 43 0 
34585	1	2	92 48 0 
34607	22	1	91 24 0 
34608	1	1	91 28 3e 
34617	9	2	92 54 5c 
34617	0	2	92 4f 4e 
34617	0	2	92 48 58 
34619	2	2	d2 6 
34623	4	2	d2 0 
34630	7	2	92 54 0 
34630	0	1	91 28 0 
34633	3	2	92 4f 0 
34634	1	2	92 48 0 
34656	22	1	91 2b 3b 
34665	9	2	92 4f 5c 
34665	0	2	92 48 5e 
34666	1	2	92 54 5f 
34680	14	2	92 54 0 
34681	1	2	92 4f 0 
34682	1	2	92 48 0 
34703	21	1	91 2b 0 
34704	1	1	91 2d 3e 
34726	22	1	91 2d 0 
34752	26	1	91 2e 3b 
34759	7	2	92 54 5e 
34759	0	2	92 4f 50 
34759	0	2	92 48 5e 
34775	16	2	92 48 0 
34778	3	2	92 4f 0 
34779	1	2	92 54 0 
34799	20	1	91 2e 0 
34800	1	1	91 2d 2f 
34822	22	1	91 2d 0 
34832	10	2	92 54 68 
34832	0	2	92 48 5b 
34833	1	2	92 4f 58 
34834	1	2	d2 2 
34838	4	2	d2 0 
34848	10	1	91 2b 3f 
34858	10	2	92 48 0 
34873	15	2	92 54 0 
34880	7	2	92 4f 0 
34881	1	2	92 4a 3c 
34881	0	2	92 48 48 
34895	14	1	91 2b 0 
34896	1	1	91 28 40 
34898	2	2	92 4a 0 
34899	1	2	92 4b 50 
34900	1	2	92 48 0 
34900	0	2	92 46 5f 
34918	18	1	91 28 0 
34922	4	2	92 46 0 
34925	3	2	92 4b 0 
34944	19	1	91 24 48 
34948	4	2	92 48 50 
34950	2	2	92 43 4c 
34962	12	2	92 43 0 
34964	2	2	92 48 0 
34991	27	1	91 24 0 
34991	0	2	92 48 5e 
34992	1	1	91 28 3e 
34993	1	2	92 54 68 
34993	0	2	92 4f 58 
34995	2	2	d2 7 
34999	4	2	d2 0 
35001	2	2	92 54 0 
35008	7	2	92 4f 0 
35009	1	2	92 48 0 
35014	5	1	91 28 0 
35040	26	1	91 2b 3e 
35042	2	2	92 4b 58 
35042	0	2	92 46 68 
35087	45	2	92 46 0 
35087	0	1	91 2b 0 
35088	1	1	91 2d 39 
35089	1	2	92 4b 0 
35089	0	2	92 48 58 
35089	0	2	92 43 50 
35101	12	2	92 43 0 
35108	7	2	92 48 0 
35110	2	1	91 2d 0 
35136	26	1	91 2e 3e 
35137	1	2	92 54 68 
35138	1	2	92 4f 6e 
35138	0	2	92 48 5b 
35139	1	2	d2 7 
35143	4	2	d2 0 
35147	4	2	92 54 0 
35151	4	2	92 4f 0 
35153	2	2	92 48 0 
35183	30	1	91 2e 0 
35184	1	1	91 2d 3a 
35187	3	2	92 4b 58 
35188	1	2	92 46 5f 
35206	18	1	91 2d 0 
35232	26	1	91 2b 3e 
35233	1	2	92 48 50 
35234	1	2	92 4b 0 
35237	3	2	92 43 50 
35238	1	2	92 46 0 
35249	11	2	92 43 0 
35253	4	2	92 48 0 
35279	26	1	91 2b 0 
35280	1	1	91 28 44 
35281	1	2	92 48 5e 
35282	1	2	92 4f 68 
35283	1	2	92 54 68 
35291	8	2	92 4f 0 
35296	5	2	92 48 0 
35299	3	2	92 54 0 
35302	3	1	91 28 0 
35328	26	1	91 24 48 
35330	2	2	92 4f 78 
35350	20	2	92 4f 0 
35355	5	2	92 52 4f 
35370	15	2	92 4f 4c 
35374	4	2	92 52 0 
35375	1	1	91 24 0 
35376	1	1	91 28 3f 
35386	10	2	92 4f 0 
35387	1	2	92 52 3b 
35398	11	1	91 28 0 
35399	1	2	92 4f 44 
35403	4	2	92 52 0 
35415	12	2	92 4f 0 
35415	0	2	92 52 47 
35424	9	1	91 2b 3e 
35428	4	2	92 4f 4c 
35431	3	2	92 52 0 
35443	12	2	92 52 47 
35445	2	2	92 4f 0 
35457	12	2	92 4f 44 
35458	1	2	92 52 0 
35471	13	1	91 2b 0 
35472	1	1	91 2d 34 
35473	1	2	92 4f 0 
35473	0	2	92 52 4c 
35485	12	2	92 4f 46 
35487	2	2	92 52 0 
35494	7	1	91 2d 0 
35499	5	2	92 52 50 
35502	3	2	92 4f 0 
35514	12	2	92 4f 4f 
35516	2	2	92 52 0 
35520	4	1	91 2e 40 
35527	7	2	92 52 50 
35532	5	2	92 4f 0 
35543	11	2	92 4f 4f 
35544	1	2	92 52 0 
35556	12	2	92 52 50 
35557	1	2	92 4f 0 
35567	10	1	91 2e 0 
35568	1	1	91 2d 40 
35572	4	2	92 4f 46 
35574	2	2	92 52 0 
35585	11	2	92 4f 0 
35586	1	2	92 52 47 
35590	4	1	91 2d 0 
35600	10	2	92 4f 40 
35601	1	2	92 52 0 
35614	13	2	92 4f 0 
35614	0	2	92 52 4f 
35616	2	1	91 2b 3b 
35628	12	2	92 4f 44 
35630	2	2	92 52 0 
35642	12	2	92 52 48 
35648	6	2	92 4f 0 
35656	8	2	92 52 0 
35656	0	2	92 4f 40 
35663	7	1	91 2b 0 
35664	1	1	91 28 50 
35670	6	2	92 52 50 
35674	4	2	92 4f 0 
35685	11	2	92 4f 4f 
35686	1	2	92 52 0 
35686	0	1	91 28 0 
35697	11	2	92 52 50 
35702	5	2	92 4f 0 
35712	10	1	91 29 4c 
35713	1	2	92 4f 58 
35716	3	2	92 52 0 
35727	11	2	92 4d f 
35731	4	2	92 4d 0 
35759	28	1	91 29 0 
35760	1	1	91 2d 3d 
35768	8	2	92 5a 6e 
35778	10	2	92 4f 0 
35782	4	1	91 2d 0 
35790	8	2	92 5a 0 
35794	4	2	92 5b 4f 
35808	14	1	91 30 40 
35817	9	2	92 57 50 
35829	12	2	92 5b 0 
35842	13	2	92 57 0 
35845	3	2	92 54 47 
35855	10	1	91 30 0 
35856	1	1	91 32 44 
35858	2	2	92 54 0 
35861	3	2	92 52 50 
35878	17	1	91 32 0 
35887	9	2	92 52 0 
35890	3	2	92 4f 4f 
35904	14	1	91 33 40 
35908	4	2	92 57 5a 
35909	1	2	92 52 58 
35918	9	2	92 4f 0 
35929	11	2	92 57 0 
35934	5	2	92 52 0 
35951	17	1	91 33 0 
35952	1	1	91 32 40 
35955	3	2	92 57 6e 
35956	1	2	92 52 6e 
35974	18	1	91 32 0 
35978	4	2	92 57 0 
35979	1	2	92 52 0 
36000	21	1	91 30 3d 
36007	7	2	92 52 68 
36009	2	2	92 4d 50 
36047	38	2	92 52 0 
36047	0	1	91 30 0 
36048	1	1	91 2d 40 
36052	4	2	92 53 4f 
36055	3	2	92 4e 50 
36059	4	2	92 4d 0 
36070	11	2	92 4e 0 
36070	0	1	91 2d 0 
36071	1	2	92 53 0 
36080	9	2	92 54 5b 
36080	0	2	92 4f 68 
36096	16	1	91 29 47 
36099	3	2	92 54 0 
36101	2	2	92 4f 0 
36131	30	2	92 54 5c 
36131	0	2	92 4d 5a 
36132	1	2	92 4e 5b 
36139	7	2	92 54 0 
36143	4	1	91 29 0 
36144	1	1	91 2d 36 
36152	8	2	92 4e 0 
36166	14	1	91 2d 0 
36183	17	2	92 4b 50 
36192	9	1	91 30 44 
36195	3	2	92 4d 0 
36202	7	2	92 4b 0 
36202	0	2	92 48 46 
36219	17	2	92 48 0 
36229	10	2	92 46 3b 
36239	10	1	91 30 0 
36240	1	1	91 32 40 
36245	5	2	92 46 0 
36245	0	2	92 43 48 
36262	17	1	91 32 0 
36267	5	2	92 43 0 
36275	8	2	92 46 5b 
36276	1	2	92 4b 54 
36288	12	1	91 33 48 
36332	44	2	92 4b 0 
36335	3	2	92 46 0 
36335	0	1	91 33 0 
36336	1	1	91 32 40 
36341	5	2	92 48 58 
36342	1	2	92 4d 58 
36358	16	1	91 32 0 
36361	3	2	92 48 0 
36364	3	2	92 4d 0 
36384	20	1	91 30 3b 
36392	8	2	92 4b 44 
36392	0	2	92 46 50 
36418	26	2	92 4b 0 
36420	2	2	92 46 0 
36431	11	1	91 30 0 
36432	1	1	91 2d 4c 
36436	4	2	92 48 5c 
36439	3	2	92 43 47 
36454	15	1	91 2d 0 
36459	5	2	92 48 0 
36459	0	2	92 43 0 
36480	21	1	91 24 58 
36517	37	2	92 43 50 
36527	10	1	91 24 0 
36528	1	1	91 28 4c 
36533	5	2	92 4e 58 
36534	1	2	92 43 0 
36550	16	1	91 28 0 
36565	15	2	92 4e 0 
36566	1	2	92 4f 46 
36576	10	1	91 2b 44 
36586	10	2	92 43 4c 
36589	3	2	92 4f 0 
36611	22	2	92 4e 5c 
36615	4	2	92 43 0 
36623	8	1	91 2b 0 
36624	1	1	91 2d 44 
36631	7	2	92 4f 4c 
36636	5	2	92 4e 0 
36646	10	1	91 2d 0 
36656	10	2	92 43 4c 
36657	1	2	92 4f 0 
36672	15	1	91 2e 3d 
36677	5	2	92 4e 5c 
36683	6	2	92 43 0 
36701	18	2	92 4e 0 
36719	18	1	91 2e 0 
36720	1	1	91 2d 40 
36726	6	2	92 4d 58 
36742	16	1	91 2d 0 
36752	10	2	92 4d 0 
36768	16	1	91 2b 44 
36777	9	2	92 4b 5c 
36805	28	2	92 4b 0 
36815	10	1	91 2b 0 
36816	1	1	91 28 44 
36822	6	2	92 48 50 
36838	16	1	91 28 0 
36847	9	2	92 48 0 
36849	2	2	92 43 47 
36864	15	1	91 24 4c 
36865	1	2	92 43 0 
36869	4	2	92 46 54 
36889	20	2	92 46 0 
36899	10	2	92 48 50 
36911	12	1	91 24 0 
36912	1	1	91 28 3b 
36927	15	2	92 48 0 
36934	7	1	91 28 0 
36946	12	2	92 48 68 
36960	14	1	91 2b 3c 
36968	8	2	92 48 0 
36996	28	2	92 46 5c 
37007	11	1	91 2b 0 
37008	1	1	91 2d 3c 
37018	10	2	92 46 0 
37018	0	2	92 43 4c 
37030	12	1	91 2d 0 
37039	9	2	92 43 0 
37047	8	2	92 42 3b 
37056	9	1	91 2e 40 
37064	8	2	92 41 4c 
37065	1	2	92 42 0 
37085	20	2	92 41 0 
37092	7	2	92 3f 40 
37103	11	1	91 2e 0 
37104	1	1	91 2d 40 
37108	4	2	92 3c 4c 
37110	2	2	92 3f 0 
37126	16	1	91 2d 0 
37133	7	2	92 3c 0 
37152	19	1	91 2b 3d 
37157	5	2	92 3f 50 
37184	27	2	92 3f 0 
37199	15	1	91 2b 0 
37200	1	1	91 28 50 
37222	22	1	91 28 0 
37248	26	1	91 2b 50 
37253	5	2	92 42 5f 
37255	2	2	92 48 54 
37277	22	2	92 42 0 
37279	2	2	92 41 48 
37295	16	1	91 2b 0 
37296	1	1	91 2f 47 
37318	22	1	91 2f 0 
37344	26	1	91 32 40 
37391	47	1	91 32 0 
37392	1	1	91 34 48 
37414	22	1	91 34 0 
37440	26	1	91 35 44 
37487	47	1	91 35 0 
37488	1	1	91 34 3b 
37510	22	1	91 34 0 
37536	26	1	91 32 44 
37563	27	2	92 41 0 
37564	1	2	92 3f 58 
37565	1	2	92 48 0 
37580	15	2	92 41 5a 
37582	2	2	92 3f 0 
37582	0	2	92 48 44 
37583	1	1	91 32 0 
37584	1	1	91 2f 40 
37606	22	1	91 2f 0 
37610	4	2	92 48 0 
37613	3	2	92 41 0 
37619	6	2	92 3f 3e 
37632	13	1	91 29 48 
37634	2	2	92 3f 0 
37638	4	2	92 48 50 
37638	0	2	92 42 5c 
37662	24	2	92 42 0 
37672	10	2	92 41 40 
37679	7	1	91 29 0 
37680	1	1	91 2d 36 
37702	22	1	91 2d 0 
37728	26	1	91 30 44 
37775	47	1	91 30 0 
37776	1	1	91 32 40 
37798	22	1	91 32 0 
37817	19	2	92 48 0 
37824	7	1	91 33 3e 
37827	3	2	92 41 0 
37830	3	2	92 45 5c 
37831	1	2	92 41 68 
37833	2	2	d2 6 
37837	4	2	d2 0 
37858	21	2	92 3f 4c 
37863	5	2	92 45 0 
37864	1	2	92 41 0 
37871	7	1	91 33 0 
37872	1	1	91 32 44 
37883	11	2	92 3f 0 
37883	0	2	92 3c 48 
37894	11	1	91 32 0 
37904	10	2	92 3c 0 
37905	1	2	92 3a 4e 
37920	15	1	91 30 40 
37929	9	2	92 3a 0 
37930	1	2	92 37 4f 
37951	21	2	92 37 0 
37952	1	2	92 3f 5f 
37952	0	2	92 3a 52 
37967	15	1	91 30 0 
37968	1	1	91 2d 48 
37973	5	2	92 56 40 
37978	5	2	92 58 44 
37989	11	2	92 56 0 
37989	0	2	92 59 4f 
37990	1	1	91 2d 0 
37995	5	2	92 5b 50 
37996	1	2	92 58 0 
37999	3	2	92 59 0 
38001	2	2	92 5d 50 
38003	2	2	92 5b 0 
38007	4	2	92 5f 58 
38009	2	2	92 5d 0 
38014	5	2	92 60 50 
38015	1	2	92 3f 0 
38016	1	2	92 3a 0 
38016	0	1	91 24 58 
38018	2	2	92 60 54 
38018	0	2	92 5a 5b 
38020	2	2	92 5f 0 
38037	17	2	92 60 0 
38040	3	2	92 5a 0 
38044	4	2	92 5b 44 
38049	5	2	92 60 0 
38063	14	1	91 24 0 
38064	1	1	91 28 44 
38066	2	2	92 5b 0 
38066	0	2	92 54 47 
38086	20	1	91 28 0 
38088	2	2	92 54 0 
38089	1	2	92 5d 5b 
38089	0	2	92 59 54 
38112	23	2	92 5d 0 
38112	0	2	92 59 0 
38112	0	1	91 2b 44 
38113	1	2	92 5b 2d 
38113	0	2	92 57 58 
38132	19	2	92 5b 0 
38132	0	2	92 57 0 
38135	3	2	92 54 47 
38150	15	2	92 54 0 
38158	8	2	92 57 47 
38158	0	2	92 52 4f 
38159	1	1	91 2b 0 
38160	1	1	91 2d 40 
38182	22	1	91 2d 0 
38184	2	2	92 57 0 
38184	0	2	92 52 0 
38186	2	2	d2 2 
38186	0	2	d2 0 
38186	0	2	92 54 50 
38186	0	2	92 4f 50 
38203	17	2	92 54 0 
38204	1	2	92 4f 0 
38208	4	1	91 2e 40 
38210	2	2	92 54 54 
38210	0	2	92 4e 5b 
38232	22	2	92 4e 0 
38236	4	2	92 4f 44 
38241	5	2	92 54 0 
38255	14	1	91 2e 0 
38256	1	1	91 2d 3b 
38258	2	2	92 4f 0 
38258	0	2	92 48 47 
38278	20	1	91 2d 0 
38280	2	2	92 48 0 
38281	1	2	92 51 5b 
38281	0	2	92 4d 54 
38304	23	2	92 51 0 
38304	0	2	92 4d 0 
38304	0	1	91 2b 3e 
38305	1	2	92 4f 2d 
38305	0	2	92 4b 58 
38324	19	2	92 4f 0 
38324	0	2	92 4b 0 
38327	3	2	92 48 47 
38342	15	2	92 48 0 
38350	8	2	92 4b 47 
38350	0	2	92 46 4f 
38351	1	1	91 2b 0 
38352	1	1	91 28 40 
38374	22	1	91 28 0 
38376	2	2	92 4b 0 
38376	0	2	92 46 0 
38378	2	2	d2 2 
38378	0	2	d2 0 
38378	0	2	92 48 50 
38378	0	2	92 43 50 
38395	17	2	92 48 0 
38396	1	2	92 43 0 
38400	4	1	91 24 4c 
38402	2	2	92 48 54 
38402	0	2	92 42 5b 
38424	22	2	92 42 0 
38428	4	2	92 43 44 
38433	5	2	92 48 0 
38447	14	1	91 24 0 
38448	1	1	91 28 40 
38450	2	2	92 43 0 
38450	0	2	92 3c 47 
38470	20	1	91 28 0 
38472	2	2	92 3c 0 
38473	1	2	92 45 5b 
38473	0	2	92 41 54 
38496	23	2	92 45 0 
38496	0	2	92 41 0 
38496	0	1	91 2b 3b 
38497	1	2	92 43 2d 
38497	0	2	92 3f 58 
38516	19	2	92 43 0 
38516	0	2	92 3f 0 
38519	3	2	92 3c 47 
38534	15	2	92 3c 0 
38542	8	2	92 3f 47 
38542	0	2	92 3a 4f 
38543	1	1	91 2b 0 
38544	1	1	91 2d 3b 
38566	22	1	91 2d 0 
38568	2	2	92 3f 0 
38568	0	2	92 3a 0 
38570	2	2	d2 2 
38570	0	2	d2 0 
38570	0	2	92 3c 50 
38570	0	2	92 37 50 
38587	17	2	92 3c 0 
38588	1	2	92 37 0 
38592	4	1	91 2e 40 
38594	2	2	92 3a 50 
38595	1	2	92 3f 50 
39290	695	1	91 2e 0 
39301	11	2	92 3f 0 
39302	1	2	92 3a 0 
39311	9	2	92 3a 4c 
39311	0	2	92 35 4f 
39312	1	1	91 24 47 
39322	10	2	92 35 0 
39324	2	1	91 24 0 
39328	4	2	92 3a 0 
39334	6	1	91 24 50 
39335	1	2	92 3a 50 
39335	0	2	92 35 4c 
39348	13	1	91 24 0 
39350	2	2	92 3a 0 
39350	0	2	92 35 0 
39360	10	2	92 3c 5c 
39360	0	2	92 37 58 
39360	0	1	91 24 4c 
39375	15	2	92 37 0 
39378	3	2	92 3c 0 
39381	3	1	91 24 0 
965076	925695	1	ff 2f 0 
2745149	1780073	2	ff 2f 0 
