TPQ: 480
TRACKS: 2
0	0	0	ff 51 3 6 8a 1b 
0	0	0	ff 3 c 4d 69 20 20 46 61 76 6f 72 69 74 61 
0	0	0	ff 58 4 3 2 6 8a 
0	0	0	ff 51 3 6 8a 1b 
0	0	1	ff 3 7 50 69 73 74 65 20 31 
0	0	1	b1 64 0 
0	0	1	b1 65 0 
0	0	1	b1 6 c 
0	0	1	e1 0 40 
0	0	1	b1 65 0 
0	0	1	b1 64 1 
0	0	1	b1 6 40 
0	0	1	b1 26 0 
0	0	1	b1 65 7f 
0	0	1	b1 64 7f 
0	0	1	b0 64 0 
0	0	1	b0 65 0 
0	0	1	b0 6 c 
0	0	1	e0 0 40 
0	0	1	b0 65 0 
0	0	1	b0 64 1 
0	0	1	b0 6 40 
0	0	1	b0 26 0 
0	0	1	b0 65 7f 
0	0	1	b0 64 7f 
0	0	1	b1 65 0 
0	0	1	b1 64 2 
0	0	1	b1 6 40 
0	0	1	b1 65 7f 
0	0	1	b1 64 7f 
0	0	1	b0 65 0 
0	0	1	b0 64 2 
0	0	1	b0 6 40 
0	0	1	b0 65 7f 
0	0	1	b0 64 7f 
0	0	1	c1 18 
0	0	1	c0 18 
0	0	1	b1 0 0 
0	0	1	b0 0 0 
0	0	1	b1 7 70 
0	0	1	b0 7 70 
0	0	1	b1 a 40 
0	0	1	b0 a 40 
0	0	1	b1 5d 7f 
0	0	1	b0 5d 7f 
0	0	1	b1 5b 7f 
0	0	1	b0 5b 7f 
0	0	1	b1 5c 0 
0	0	1	b0 5c 0 
0	0	1	b1 5f 0 
0	0	1	b0 5f 0 
0	0	1	b0 7 70 
0	0	1	b1 7 70 
0	0	1	90 34 6f 
0	0	1	90 40 6f 
480	480	1	80 34 50 
480	0	1	80 40 50 
480	0	1	90 32 6f 
480	0	1	90 3e 6f 
960	480	1	80 32 50 
960	0	1	80 3e 50 
960	0	1	90 30 6f 
960	0	1	90 3c 6f 
1440	480	1	80 30 50 
1440	0	1	80 3c 50 
1440	0	1	90 2f 6f 
1440	0	1	90 3b 6f 
1920	480	1	80 2f 50 
1920	0	1	80 3b 50 
1920	0	1	90 2d 6f 
1920	0	1	90 39 6f 
2400	480	1	80 2d 50 
2400	0	1	80 39 50 
2400	0	1	90 2b 6f 
2400	0	1	90 37 6f 
2880	480	1	80 2b 50 
2880	0	1	80 37 50 
2880	0	1	91 2a 6f 
2880	0	1	91 36 6f 
3240	360	1	e1 0 45 
3240	0	1	e1 0 45 
3270	30	1	e1 0 4b 
3270	0	1	e1 0 4b 
3300	30	1	e1 0 50 
3300	0	1	e1 0 50 
3330	30	1	e1 0 55 
3330	0	1	e1 0 55 
3360	30	1	e1 0 40 
3360	0	1	e1 0 40 
3360	0	1	81 2a 50 
3360	0	1	81 36 50 
3360	0	1	90 2f 59 
3360	0	1	90 3b 59 
4320	960	1	80 2f 50 
4320	0	1	80 3b 50 
4320	0	1	90 28 6f 
4800	480	1	90 37 6f 
4800	0	1	90 3b 6f 
4800	0	1	90 40 6f 
5280	480	1	80 37 50 
5280	0	1	80 3b 50 
5280	0	1	80 40 50 
5280	0	1	90 37 6f 
5280	0	1	90 3b 6f 
5280	0	1	90 40 6f 
5760	480	1	80 28 50 
5760	0	1	80 37 50 
5760	0	1	80 3b 50 
5760	0	1	80 40 50 
5760	0	1	90 28 6f 
6240	480	1	90 37 6f 
6240	0	1	90 3b 6f 
6240	0	1	90 40 6f 
6720	480	1	80 37 50 
6720	0	1	80 3b 50 
6720	0	1	80 40 50 
6720	0	1	90 43 6f 
7200	480	0	ff 51 3 6 8a 1b 
7200	0	1	80 28 50 
7200	0	1	80 43 50 
7200	0	1	90 28 6f 
7200	0	1	90 47 6f 
7680	480	1	90 37 6f 
7680	0	1	90 3b 6f 
7920	240	1	80 47 50 
7920	0	1	90 46 6f 
8160	240	1	80 46 50 
8160	0	1	90 47 6f 
8400	240	1	80 47 50 
8400	0	1	90 48 6f 
8640	240	1	80 37 50 
8640	0	1	80 3b 50 
8640	0	1	80 28 50 
8640	0	1	80 48 50 
8640	0	1	90 28 6f 
8640	0	1	90 47 6f 
9120	480	1	90 37 6f 
9120	0	1	90 3b 6f 
9360	240	1	80 47 50 
9360	0	1	90 46 6f 
9600	240	1	80 46 50 
9600	0	1	90 47 6f 
9840	240	1	80 47 50 
9840	0	1	90 48 6f 
10080	240	1	80 37 50 
10080	0	1	80 3b 50 
10080	0	1	80 28 50 
10080	0	1	80 48 50 
10080	0	1	90 28 6f 
10080	0	1	90 47 6f 
10320	240	1	80 47 50 
10320	0	1	90 46 6f 
10560	240	1	80 46 50 
10560	0	1	90 47 6f 
10800	240	1	80 47 50 
10800	0	1	90 48 6f 
11040	240	1	80 48 50 
11040	0	1	90 47 6f 
11280	240	1	80 47 50 
11280	0	1	90 40 6f 
11520	240	1	80 28 50 
11520	0	1	80 40 50 
11520	0	1	90 2f 6f 
11520	0	1	90 42 6f 
12000	480	1	90 39 6f 
12000	0	1	90 3b 6f 
12480	480	1	80 39 50 
12480	0	1	80 3b 50 
12480	0	1	80 42 50 
12480	0	1	90 42 6f 
12960	480	1	80 2f 50 
12960	0	1	80 42 50 
12960	0	1	90 36 6f 
12960	0	1	90 45 6f 
13440	480	1	90 3b 6f 
13440	0	1	90 3f 6f 
13680	240	1	80 45 50 
13680	0	1	90 44 6f 
13920	240	1	80 44 50 
13920	0	1	90 45 6f 
14160	240	1	80 45 50 
14160	0	1	90 47 6f 
14400	240	1	80 3b 50 
14400	0	1	80 3f 50 
14400	0	1	80 36 50 
14400	0	1	80 47 50 
14400	0	1	90 36 6f 
14400	0	1	90 45 6f 
14640	240	1	80 45 50 
14640	0	1	90 44 6f 
14880	240	1	80 44 50 
14880	0	1	90 45 6f 
15120	240	1	80 45 50 
15120	0	1	90 47 6f 
15360	240	1	80 47 50 
15360	0	1	90 45 6f 
15600	240	1	80 45 50 
15600	0	1	90 42 6f 
15840	240	1	80 36 50 
15840	0	1	80 42 50 
15840	0	1	90 28 6f 
15840	0	1	90 45 6f 
16320	480	1	80 45 50 
16320	0	1	90 37 6f 
16320	0	1	90 3b 6f 
16320	0	1	90 43 6f 
16800	480	1	80 37 50 
16800	0	1	80 3b 50 
16800	0	1	80 43 50 
16800	0	1	90 37 6f 
16840	40	1	90 3b 6f 
16880	40	1	90 43 6f 
17280	400	1	80 28 50 
17280	0	1	80 43 50 
17280	0	1	80 3b 50 
17280	0	1	80 37 50 
17280	0	1	90 28 6f 
17280	0	1	90 47 6f 
17760	480	1	80 28 50 
17760	0	1	90 37 6f 
17760	0	1	90 3b 6f 
18000	240	1	80 47 50 
18000	0	1	90 46 6f 
18240	240	1	80 46 50 
18240	0	1	90 47 6f 
18480	240	1	80 47 50 
18480	0	1	90 48 6f 
18720	240	1	80 37 50 
18720	0	1	80 3b 50 
18720	0	1	80 48 50 
18720	0	1	90 28 5f 
18720	0	1	90 47 5f 
19200	480	1	80 28 50 
19200	0	1	90 37 5f 
19200	0	1	90 3b 5f 
19440	240	1	80 47 50 
19440	0	1	90 46 5f 
19680	240	1	80 46 50 
19680	0	1	90 47 5f 
19920	240	1	80 47 50 
19920	0	1	90 48 5f 
20160	240	1	80 37 50 
20160	0	1	80 3b 50 
20160	0	1	80 48 50 
20160	0	1	90 28 6f 
20160	0	1	90 47 6f 
20400	240	1	80 47 50 
20400	0	1	90 46 6f 
20640	240	1	80 46 50 
20640	0	1	90 47 6f 
20880	240	1	80 47 50 
20880	0	1	90 48 6f 
21120	240	1	80 48 50 
21120	0	1	91 47 6f 
21300	180	1	e1 0 45 
21315	15	1	e1 0 4b 
21330	15	1	e1 0 50 
21345	15	1	e1 0 55 
21360	15	1	e1 0 40 
21360	0	1	81 47 50 
21360	0	1	90 4c 59 
21600	240	1	80 28 50 
21600	0	1	80 4c 50 
21600	0	1	90 2d 6f 
21600	0	1	90 4c 6f 
22080	480	1	80 4c 50 
22080	0	1	90 3c 6f 
22080	0	1	90 40 6f 
22080	0	1	90 45 6f 
22560	480	1	80 3c 50 
22560	0	1	80 40 50 
22560	0	1	80 45 50 
22560	0	1	90 3c 6f 
22560	0	1	90 40 6f 
22560	0	1	90 45 6f 
23040	480	1	80 2d 50 
23040	0	1	80 3c 50 
23040	0	1	80 40 50 
23040	0	1	80 45 50 
23040	0	1	90 2d 6f 
23040	0	1	90 48 6f 
23520	480	1	90 3c 6f 
23520	0	1	90 40 6f 
23760	240	1	80 48 50 
23760	0	1	90 45 6f 
24000	240	1	80 45 50 
24000	0	1	90 47 6f 
24240	240	1	80 47 50 
24240	0	1	90 48 6f 
24480	240	1	80 3c 50 
24480	0	1	80 40 50 
24480	0	1	80 2d 50 
24480	0	1	80 48 50 
24480	0	1	90 28 6f 
24480	0	1	90 47 6f 
24960	480	1	90 37 6f 
24960	0	1	90 3b 6f 
25200	240	1	80 47 50 
25200	0	1	90 40 6f 
25440	240	1	80 40 50 
25440	0	1	90 42 6f 
25680	240	1	80 42 50 
25680	0	1	90 43 6f 
25920	240	1	80 37 50 
25920	0	1	80 3b 50 
25920	0	1	80 28 50 
25920	0	1	80 43 50 
25920	0	1	90 2f 6f 
25920	0	1	90 42 6f 
26400	480	1	90 39 6f 
26400	0	1	90 3b 6f 
26640	240	1	80 42 50 
26640	0	1	90 3f 6f 
26880	240	1	80 39 50 
26880	0	1	80 3b 50 
26880	0	1	80 3f 50 
26880	0	1	90 40 6f 
27120	240	1	80 40 50 
27120	0	1	90 42 6f 
27360	240	1	80 2f 50 
27360	0	1	80 42 50 
27360	0	1	90 34 6f 
27380	20	1	90 37 6f 
27400	20	1	90 3b 6f 
27420	20	1	90 40 6f 
27480	60	0	ff 51 3 6 bb 58 
27600	120	0	ff 51 3 6 ef 91 
27720	120	0	ff 51 3 7 18 dc 
27840	120	0	ff 51 3 7 53 0 
27840	0	1	90 2f 6f 
28320	480	1	80 2f 50 
28320	0	1	90 2b 6f 
28800	480	1	80 2b 50 
28800	0	1	80 34 50 
28800	0	1	90 28 6f 
29760	960	0	ff 51 3 6 8a 1b 
29760	0	1	80 40 50 
29760	0	1	80 3b 50 
29760	0	1	80 37 50 
29760	0	1	90 43 6f 
30240	480	0	ff 51 3 6 8a 1b 
30240	0	1	80 28 50 
30240	0	1	80 43 50 
30240	0	1	90 28 6f 
30240	0	1	90 47 6f 
30720	480	1	90 37 6f 
30720	0	1	90 3b 6f 
30960	240	1	80 47 50 
30960	0	1	90 46 6f 
31200	240	1	80 46 50 
31200	0	1	90 47 6f 
31440	240	1	80 47 50 
31440	0	1	90 48 6f 
31680	240	1	80 37 50 
31680	0	1	80 3b 50 
31680	0	1	80 28 50 
31680	0	1	80 48 50 
31680	0	1	90 28 6f 
31680	0	1	90 47 6f 
32160	480	1	90 37 6f 
32160	0	1	90 3b 6f 
32400	240	1	80 47 50 
32400	0	1	90 46 6f 
32640	240	1	80 46 50 
32640	0	1	90 47 6f 
32880	240	1	80 47 50 
32880	0	1	90 48 6f 
33120	240	1	80 37 50 
33120	0	1	80 3b 50 
33120	0	1	80 28 50 
33120	0	1	80 48 50 
33120	0	1	90 28 6f 
33120	0	1	90 47 6f 
33360	240	1	80 47 50 
33360	0	1	90 46 6f 
33600	240	1	80 46 50 
33600	0	1	90 47 6f 
33840	240	1	80 47 50 
33840	0	1	90 48 6f 
34080	240	1	80 48 50 
34080	0	1	90 47 6f 
34320	240	1	80 47 50 
34320	0	1	90 40 6f 
34560	240	1	80 28 50 
34560	0	1	80 40 50 
34560	0	1	90 2f 6f 
34560	0	1	90 42 6f 
35040	480	1	90 39 6f 
35040	0	1	90 3b 6f 
35520	480	1	80 39 50 
35520	0	1	80 3b 50 
35520	0	1	80 42 50 
35520	0	1	90 42 6f 
36000	480	1	80 2f 50 
36000	0	1	80 42 50 
36000	0	1	90 36 6f 
36000	0	1	90 45 6f 
36480	480	1	90 3b 6f 
36480	0	1	90 3f 6f 
36720	240	1	80 45 50 
36720	0	1	90 44 6f 
36960	240	1	80 44 50 
36960	0	1	90 45 6f 
37200	240	1	80 45 50 
37200	0	1	90 47 6f 
37440	240	1	80 3b 50 
37440	0	1	80 3f 50 
37440	0	1	80 36 50 
37440	0	1	80 47 50 
37440	0	1	90 36 6f 
37440	0	1	90 45 6f 
37680	240	1	80 45 50 
37680	0	1	90 44 6f 
37920	240	1	80 44 50 
37920	0	1	90 45 6f 
38160	240	1	80 45 50 
38160	0	1	90 47 6f 
38400	240	1	80 47 50 
38400	0	1	90 45 6f 
38640	240	1	80 45 50 
38640	0	1	90 42 6f 
38880	240	1	80 36 50 
38880	0	1	80 42 50 
38880	0	1	90 28 6f 
38880	0	1	90 45 6f 
39360	480	1	80 45 50 
39360	0	1	90 37 6f 
39360	0	1	90 3b 6f 
39360	0	1	90 43 6f 
39840	480	1	80 37 50 
39840	0	1	80 3b 50 
39840	0	1	80 43 50 
39840	0	1	90 37 6f 
39880	40	1	90 3b 6f 
39920	40	1	90 43 6f 
40320	400	1	80 28 50 
40320	0	1	80 43 50 
40320	0	1	80 3b 50 
40320	0	1	80 37 50 
40320	0	1	90 28 6f 
40320	0	1	90 47 6f 
40800	480	1	80 28 50 
40800	0	1	90 37 6f 
40800	0	1	90 3b 6f 
41040	240	1	80 47 50 
41040	0	1	90 46 6f 
41280	240	1	80 46 50 
41280	0	1	90 47 6f 
41520	240	1	80 47 50 
41520	0	1	90 48 6f 
41760	240	1	80 37 50 
41760	0	1	80 3b 50 
41760	0	1	80 48 50 
41760	0	1	90 28 5f 
41760	0	1	90 47 5f 
42240	480	1	80 28 50 
42240	0	1	90 37 5f 
42240	0	1	90 3b 5f 
42480	240	1	80 47 50 
42480	0	1	90 46 5f 
42720	240	1	80 46 50 
42720	0	1	90 47 5f 
42960	240	1	80 47 50 
42960	0	1	90 48 5f 
43200	240	1	80 37 50 
43200	0	1	80 3b 50 
43200	0	1	80 48 50 
43200	0	1	90 28 6f 
43200	0	1	90 47 6f 
43440	240	1	80 47 50 
43440	0	1	90 46 6f 
43680	240	1	80 46 50 
43680	0	1	90 47 6f 
43920	240	1	80 47 50 
43920	0	1	90 48 6f 
44160	240	1	80 48 50 
44160	0	1	91 47 6f 
44340	180	1	e1 0 45 
44355	15	1	e1 0 4b 
44370	15	1	e1 0 50 
44385	15	1	e1 0 55 
44400	15	1	e1 0 40 
44400	0	1	81 47 50 
44400	0	1	90 4c 59 
44640	240	1	80 28 50 
44640	0	1	80 4c 50 
44640	0	1	90 2d 6f 
44640	0	1	90 4c 6f 
45120	480	1	80 4c 50 
45120	0	1	90 3c 6f 
45120	0	1	90 40 6f 
45120	0	1	90 45 6f 
45600	480	1	80 3c 50 
45600	0	1	80 40 50 
45600	0	1	80 45 50 
45600	0	1	90 3c 6f 
45600	0	1	90 40 6f 
45600	0	1	90 45 6f 
46080	480	1	80 2d 50 
46080	0	1	80 3c 50 
46080	0	1	80 40 50 
46080	0	1	80 45 50 
46080	0	1	90 2d 6f 
46080	0	1	90 48 6f 
46560	480	1	90 3c 6f 
46560	0	1	90 40 6f 
46800	240	1	80 48 50 
46800	0	1	90 45 6f 
47040	240	1	80 45 50 
47040	0	1	90 47 6f 
47280	240	1	80 47 50 
47280	0	1	90 48 6f 
47520	240	1	80 3c 50 
47520	0	1	80 40 50 
47520	0	1	80 2d 50 
47520	0	1	80 48 50 
47520	0	1	90 28 6f 
47520	0	1	90 47 6f 
48000	480	1	90 37 6f 
48000	0	1	90 3b 6f 
48240	240	1	80 47 50 
48240	0	1	90 40 6f 
48480	240	1	80 40 50 
48480	0	1	90 42 6f 
48720	240	1	80 42 50 
48720	0	1	90 43 6f 
48960	240	1	80 37 50 
48960	0	1	80 3b 50 
48960	0	1	80 28 50 
48960	0	1	80 43 50 
48960	0	1	90 2f 6f 
48960	0	1	90 42 6f 
49440	480	1	90 39 6f 
49440	0	1	90 3b 6f 
49680	240	1	80 42 50 
49680	0	1	90 3f 6f 
49920	240	1	80 39 50 
49920	0	1	80 3b 50 
49920	0	1	80 3f 50 
49920	0	1	90 40 6f 
50160	240	1	80 40 50 
50160	0	1	90 42 6f 
50400	240	1	80 2f 50 
50400	0	1	80 42 50 
50400	0	1	90 34 6f 
50420	20	1	90 37 6f 
50440	20	1	90 3b 6f 
50460	20	1	90 40 6f 
50520	60	0	ff 51 3 6 bb 58 
50640	120	0	ff 51 3 6 ef 91 
50760	120	0	ff 51 3 7 18 dc 
50880	120	0	ff 51 3 7 53 0 
50880	0	1	90 2f 6f 
51360	480	1	80 2f 50 
51360	0	1	90 2b 6f 
51840	480	0	ff 51 3 6 8a 1b 
51840	0	1	80 2b 50 
51840	0	1	80 34 50 
51840	0	1	90 28 6f 
51840	0	1	90 37 6f 
51880	40	1	90 3b 6f 
51920	40	1	90 40 6f 
52320	400	1	80 40 50 
52320	0	1	80 3b 50 
52320	0	1	80 37 50 
52320	0	1	90 2f 6f 
52320	0	1	90 3b 6f 
52560	240	1	80 3b 50 
52560	0	1	90 3c 6f 
52680	120	1	80 3c 50 
52680	0	1	90 3b 59 
52800	120	1	80 3b 50 
52800	0	1	80 40 50 
52800	0	1	80 3b 50 
52800	0	1	80 37 50 
52800	0	1	90 3a 6f 
53040	240	1	80 3a 50 
53040	0	1	90 3b 6f 
53280	240	1	80 2f 50 
53280	0	1	80 28 50 
53280	0	1	80 3b 50 
53280	0	1	90 33 6f 
53280	0	1	90 42 6f 
53760	480	1	90 39 6f 
53760	0	1	90 3b 6f 
54240	480	1	80 39 50 
54240	0	1	80 3b 50 
54240	0	1	80 42 50 
54240	0	1	91 42 6f 
54648	408	1	e1 0 45 
54684	36	1	e1 0 4b 
54720	36	1	e1 0 40 
54720	0	1	80 33 50 
54720	0	1	81 42 50 
54720	0	1	90 36 6f 
54720	0	1	90 45 59 
55200	480	1	90 3b 6f 
55200	0	1	90 3f 6f 
55440	240	1	80 45 50 
55440	0	1	90 44 6f 
55680	240	1	80 44 50 
55680	0	1	90 45 6f 
55920	240	1	80 45 50 
55920	0	1	90 47 6f 
56160	240	1	80 3b 50 
56160	0	1	80 3f 50 
56160	0	1	80 36 50 
56160	0	1	80 47 50 
56160	0	1	90 36 6f 
56160	0	1	90 45 6f 
56640	480	1	90 3b 6f 
56640	0	1	90 3f 6f 
57120	480	1	80 3b 50 
57120	0	1	80 3f 50 
57120	0	1	80 45 50 
57120	0	1	90 37 6f 
57120	0	1	90 3b 6f 
57120	0	1	90 43 6f 
57600	480	1	80 37 50 
57600	0	1	80 3b 50 
57600	0	1	80 43 50 
57600	0	1	80 36 50 
57600	0	1	90 28 6f 
57600	0	1	90 37 6f 
57600	0	1	90 3b 6f 
57600	0	1	90 43 6f 
58080	480	1	80 37 50 
58080	0	1	80 3b 50 
58080	0	1	80 43 50 
58080	0	1	90 2f 6f 
58080	0	1	90 3b 6f 
58320	240	1	80 3b 50 
58320	0	1	90 3c 6f 
58440	120	1	80 3c 50 
58440	0	1	90 3b 59 
58560	120	1	80 3b 50 
58560	0	1	90 3a 6f 
58800	240	1	80 3a 50 
58800	0	1	90 3b 6f 
59040	240	1	80 2f 50 
59040	0	1	80 28 50 
59040	0	1	80 3b 50 
59040	0	1	90 33 6f 
59040	0	1	90 42 6f 
59520	480	1	90 39 6f 
59520	0	1	90 3b 6f 
60000	480	1	80 39 50 
60000	0	1	80 3b 50 
60000	0	1	80 42 50 
60000	0	1	90 42 6f 
60480	480	1	80 42 50 
60480	0	1	80 33 50 
60480	0	1	90 36 6f 
60480	0	1	90 45 6f 
60960	480	1	90 3b 6f 
60960	0	1	90 3f 6f 
61200	240	1	80 45 50 
61200	0	1	90 44 6f 
61440	240	1	80 44 50 
61440	0	1	90 45 6f 
61680	240	1	80 45 50 
61680	0	1	90 47 6f 
61920	240	1	80 3b 50 
61920	0	1	80 3f 50 
61920	0	1	80 36 50 
61920	0	1	80 47 50 
61920	0	1	90 36 6f 
61920	0	1	90 45 6f 
62400	480	1	80 45 50 
62400	0	1	90 3b 6f 
62400	0	1	90 3f 6f 
62880	480	1	80 3b 50 
62880	0	1	80 3f 50 
62880	0	1	90 37 6f 
62880	0	1	90 3b 6f 
62880	0	1	90 43 6f 
63360	480	1	80 36 50 
63360	0	1	80 37 50 
63360	0	1	80 3b 50 
63360	0	1	80 43 50 
63360	0	1	90 28 6f 
63360	0	1	90 37 6f 
63400	40	1	90 3b 6f 
63440	40	1	90 43 6f 
63840	400	1	80 43 50 
63840	0	1	80 3b 50 
63840	0	1	80 37 50 
63840	0	1	90 42 6f 
64080	240	1	80 42 50 
64080	0	1	90 43 6f 
64320	240	1	80 43 50 
64320	0	1	90 45 6f 
64560	240	1	80 45 50 
64560	0	1	90 40 6f 
64800	240	1	80 28 50 
64800	0	1	80 40 50 
64800	0	1	90 32 6f 
64800	0	1	90 42 6f 
65280	480	1	90 39 6f 
65280	0	1	90 3c 6f 
65760	480	1	80 39 50 
65760	0	1	80 3c 50 
65760	0	1	80 42 50 
65760	0	1	90 42 6f 
66240	480	1	80 32 50 
66240	0	1	80 42 50 
66240	0	1	90 39 6f 
66240	0	1	90 48 6f 
66720	480	1	90 3e 6f 
66720	0	1	90 42 6f 
66960	240	1	80 48 50 
66960	0	1	90 47 6f 
67200	240	1	80 47 50 
67200	0	1	90 48 6f 
67440	240	1	80 48 50 
67440	0	1	90 4a 6f 
67680	240	1	80 3e 50 
67680	0	1	80 42 50 
67680	0	1	80 39 50 
67680	0	1	80 4a 50 
67680	0	1	90 37 6f 
67680	0	1	90 47 6f 
68160	480	1	90 3e 6f 
68160	0	1	90 3b 6f 
68640	480	1	80 3e 50 
68640	0	1	80 3b 50 
68640	0	1	90 3e 6f 
68640	0	1	90 3b 6f 
69090	450	1	80 47 50 
69090	0	1	90 47 6f 
69119	29	1	80 47 50 
69120	1	1	80 3e 50 
69120	0	1	80 3b 50 
69120	0	1	80 37 50 
69120	0	1	90 37 6f 
69120	0	1	90 3b 6f 
69120	0	1	90 45 6f 
69600	480	1	80 45 50 
69600	0	1	90 43 6f 
70080	480	1	80 43 50 
70080	0	1	90 42 6f 
70560	480	1	80 37 50 
70560	0	1	80 3b 50 
70560	0	1	80 42 50 
70560	0	1	90 30 6f 
70560	0	1	90 40 6f 
71040	480	1	90 37 6f 
71040	0	1	90 3c 6f 
71520	480	1	80 37 50 
71520	0	1	80 3c 50 
71520	0	1	90 37 6f 
71520	0	1	90 3c 6f 
72000	480	1	80 37 50 
72000	0	1	80 3c 50 
72000	0	1	80 30 50 
72000	0	1	80 40 50 
72000	0	1	90 34 6f 
72000	0	1	90 37 6f 
72000	0	1	90 3b 6f 
72000	0	1	90 43 6f 
72480	480	1	80 34 50 
72480	0	1	80 37 50 
72480	0	1	80 3b 50 
72480	0	1	80 43 50 
72480	0	1	90 32 6f 
72480	0	1	90 39 6f 
72480	0	1	90 3c 6f 
72480	0	1	90 42 6f 
72960	480	1	80 32 50 
72960	0	1	80 39 50 
72960	0	1	80 3c 50 
72960	0	1	80 42 50 
72960	0	1	90 30 6f 
72960	0	1	90 37 6f 
72960	0	1	90 3c 6f 
72960	0	1	90 40 6f 
73440	480	1	80 30 50 
73440	0	1	80 37 50 
73440	0	1	80 3c 50 
73440	0	1	80 40 50 
73440	0	1	90 2f 6f 
73440	0	1	90 36 6f 
73440	0	1	90 3b 6f 
73440	0	1	90 3f 6f 
73920	480	1	80 2f 50 
73920	0	1	80 36 50 
73920	0	1	80 3b 50 
73920	0	1	80 3f 50 
73920	0	1	90 3b 6f 
73920	0	1	90 3f 6f 
73920	0	1	90 47 6f 
74280	360	1	80 3b 50 
74280	0	1	80 3f 50 
74280	0	1	80 47 50 
74280	0	1	90 3b 6f 
74280	0	1	90 3f 6f 
74280	0	1	90 47 6f 
74400	120	1	80 3b 50 
74400	0	1	80 3f 50 
74400	0	1	80 47 50 
74400	0	1	90 3b 6f 
74400	0	1	90 3f 6f 
74400	0	1	90 47 6f 
74880	480	1	80 3b 50 
74880	0	1	80 3f 50 
74880	0	1	80 47 50 
74880	0	1	90 3b 6f 
74900	20	1	90 3f 6f 
74920	20	1	90 47 6f 
75840	920	1	80 47 50 
75840	0	1	80 3f 50 
75840	0	1	80 3b 50 
75840	0	1	90 43 6f 
76320	480	1	80 43 50 
76320	0	1	90 28 6f 
76320	0	1	90 47 6f 
76800	480	1	90 37 6f 
76800	0	1	90 3b 6f 
77040	240	1	80 47 50 
77040	0	1	90 46 6f 
77280	240	1	80 46 50 
77280	0	1	90 47 6f 
77520	240	1	80 47 50 
77520	0	1	90 48 6f 
77760	240	1	80 37 50 
77760	0	1	80 3b 50 
77760	0	1	80 28 50 
77760	0	1	80 48 50 
77760	0	1	90 28 5f 
77760	0	1	90 47 5f 
78240	480	1	90 37 5f 
78240	0	1	90 3b 5f 
78480	240	1	80 47 50 
78480	0	1	90 46 5f 
78720	240	1	80 46 50 
78720	0	1	90 47 5f 
78960	240	1	80 47 50 
78960	0	1	90 48 5f 
79200	240	1	80 37 50 
79200	0	1	80 3b 50 
79200	0	1	80 28 50 
79200	0	1	80 48 50 
79200	0	1	90 28 6f 
79200	0	1	90 47 6f 
79440	240	1	80 47 50 
79440	0	1	90 46 6f 
79680	240	1	80 46 50 
79680	0	1	90 47 6f 
79920	240	1	80 47 50 
79920	0	1	90 48 6f 
80160	240	1	80 48 50 
80160	0	1	90 47 6f 
80400	240	1	80 47 50 
80400	0	1	90 40 6f 
80640	240	1	80 28 50 
80640	0	1	80 40 50 
80640	0	1	90 2f 6f 
80640	0	1	90 42 6f 
81120	480	1	90 39 6f 
81120	0	1	90 3b 6f 
81600	480	1	80 39 50 
81600	0	1	80 3b 50 
81600	0	1	80 42 50 
81600	0	1	90 42 6f 
82080	480	1	80 2f 50 
82080	0	1	80 42 50 
82080	0	1	90 36 6f 
82080	0	1	90 45 6f 
82560	480	1	90 3b 6f 
82560	0	1	90 3f 6f 
82800	240	1	80 45 50 
82800	0	1	90 44 6f 
83040	240	1	80 44 50 
83040	0	1	90 45 6f 
83280	240	1	80 45 50 
83280	0	1	90 47 6f 
83520	240	1	80 3b 50 
83520	0	1	80 3f 50 
83520	0	1	80 36 50 
83520	0	1	80 47 50 
83520	0	1	90 36 5f 
83520	0	1	90 45 5f 
84000	480	1	90 3b 5f 
84000	0	1	90 3f 5f 
84240	240	1	80 45 50 
84240	0	1	90 44 5f 
84480	240	1	80 44 50 
84480	0	1	90 45 5f 
84720	240	1	80 45 50 
84720	0	1	90 47 5f 
84960	240	1	80 3b 50 
84960	0	1	80 3f 50 
84960	0	1	80 36 50 
84960	0	1	80 47 50 
84960	0	1	90 36 6f 
84960	0	1	90 45 6f 
85200	240	1	80 45 50 
85200	0	1	90 44 6f 
85440	240	1	80 44 50 
85440	0	1	90 45 6f 
85680	240	1	80 45 50 
85680	0	1	90 47 6f 
85920	240	1	80 47 50 
85920	0	1	90 45 6f 
86160	240	1	80 45 50 
86160	0	1	90 42 6f 
86400	240	1	80 36 50 
86400	0	1	80 42 50 
86400	0	1	90 28 6f 
86400	0	1	90 45 6f 
86880	480	1	80 45 50 
86880	0	1	90 37 6f 
86880	0	1	90 3b 6f 
86880	0	1	90 43 6f 
87360	480	1	80 37 50 
87360	0	1	80 3b 50 
87360	0	1	80 43 50 
87360	0	1	90 37 6f 
87360	0	1	90 3b 6f 
87360	0	1	90 43 6f 
87840	480	1	80 28 50 
87840	0	1	80 37 50 
87840	0	1	80 3b 50 
87840	0	1	80 43 50 
87840	0	1	90 28 5f 
87840	0	1	90 47 5f 
88320	480	1	90 37 5f 
88320	0	1	90 3b 5f 
88560	240	1	80 47 50 
88560	0	1	90 46 5f 
88800	240	1	80 46 50 
88800	0	1	90 47 5f 
89040	240	1	80 47 50 
89040	0	1	90 48 5f 
89280	240	1	80 37 50 
89280	0	1	80 3b 50 
89280	0	1	80 28 50 
89280	0	1	80 48 50 
89280	0	1	90 28 5f 
89280	0	1	90 47 5f 
89760	480	1	90 37 5f 
89760	0	1	90 3b 5f 
90000	240	1	80 47 50 
90000	0	1	90 46 5f 
90240	240	1	80 46 50 
90240	0	1	90 47 5f 
90480	240	1	80 47 50 
90480	0	1	90 48 5f 
90720	240	1	80 37 50 
90720	0	1	80 3b 50 
90720	0	1	80 28 50 
90720	0	1	80 48 50 
90720	0	1	90 28 6f 
90720	0	1	90 47 6f 
90960	240	1	80 47 50 
90960	0	1	90 46 6f 
91200	240	1	80 46 50 
91200	0	1	90 47 6f 
91440	240	1	80 47 50 
91440	0	1	90 48 6f 
91680	240	1	80 48 50 
91680	0	1	91 47 6f 
91860	180	1	e1 0 45 
91875	15	1	e1 0 4b 
91890	15	1	e1 0 50 
91905	15	1	e1 0 55 
91920	15	1	e1 0 40 
91920	0	1	81 47 50 
91920	0	1	90 4c 59 
92160	240	1	80 28 50 
92160	0	1	80 4c 50 
92160	0	1	90 2d 6f 
92160	0	1	90 4c 6f 
92640	480	1	80 4c 50 
92640	0	1	90 3c 6f 
92640	0	1	90 40 6f 
92640	0	1	90 45 6f 
93120	480	1	80 3c 50 
93120	0	1	80 40 50 
93120	0	1	80 45 50 
93120	0	1	90 3c 6f 
93120	0	1	90 40 6f 
93120	0	1	90 45 6f 
93600	480	1	80 2d 50 
93600	0	1	80 3c 50 
93600	0	1	80 40 50 
93600	0	1	80 45 50 
93600	0	1	90 2d 6f 
93600	0	1	90 48 6f 
94080	480	1	90 3c 6f 
94080	0	1	90 40 6f 
94320	240	1	80 48 50 
94320	0	1	90 45 6f 
94560	240	1	80 45 50 
94560	0	1	90 47 6f 
94800	240	1	80 47 50 
94800	0	1	90 48 6f 
95040	240	1	80 3c 50 
95040	0	1	80 40 50 
95040	0	1	80 2d 50 
95040	0	1	80 48 50 
95040	0	1	90 28 6f 
95040	0	1	90 47 6f 
95520	480	1	90 37 6f 
95520	0	1	90 3b 6f 
95760	240	1	80 47 50 
95760	0	1	90 40 6f 
96000	240	1	80 40 50 
96000	0	1	90 42 6f 
96240	240	1	80 42 50 
96240	0	1	90 43 6f 
96480	240	1	80 37 50 
96480	0	1	80 3b 50 
96480	0	1	80 28 50 
96480	0	1	80 43 50 
96480	0	1	90 2f 6f 
96480	0	1	90 42 6f 
96960	480	1	90 39 6f 
96960	0	1	90 3b 6f 
97200	240	1	80 42 50 
97200	0	1	90 3f 6f 
97440	240	1	80 39 50 
97440	0	1	80 3b 50 
97440	0	1	80 3f 50 
97440	0	1	90 40 6f 
97680	240	1	80 40 50 
97680	0	1	90 42 6f 
97920	240	1	80 2f 50 
97920	0	1	80 42 50 
97920	0	1	90 34 6f 
97920	0	1	90 38 6f 
97940	20	1	90 3b 6f 
97960	20	1	90 40 6f 
98400	440	1	80 34 50 
98400	0	1	90 2f 6f 
98880	480	1	80 2f 50 
98880	0	1	90 2c 6f 
99360	480	1	80 2c 50 
99360	0	1	90 28 6f 
100800	1440	1	80 28 50 
100800	0	1	80 40 50 
100800	0	1	80 3b 50 
100800	0	1	80 38 50 
100800	0	1	90 28 6f 
100800	0	1	90 38 6f 
100820	20	1	90 3b 6f 
100840	20	1	90 40 6f 
101280	440	1	80 40 50 
101280	0	1	80 3b 50 
101280	0	1	80 38 50 
101280	0	1	90 38 6f 
101520	240	1	80 38 50 
101520	0	1	90 3b 6f 
101760	240	1	80 3b 50 
101760	0	1	90 3d 6f 
102000	240	1	80 3d 50 
102000	0	1	90 3f 6f 
102240	240	1	80 28 50 
102240	0	1	80 3f 50 
102240	0	1	90 28 6f 
102240	0	1	90 38 6f 
102260	20	1	90 3b 6f 
102280	20	1	90 40 6f 
102720	440	1	80 40 50 
102720	0	1	80 3b 50 
102720	0	1	80 38 50 
102720	0	1	90 38 6f 
102960	240	1	80 38 50 
102960	0	1	90 3b 6f 
103200	240	1	80 3b 50 
103200	0	1	90 3d 6f 
103440	240	1	80 3d 50 
103440	0	1	90 3f 6f 
103680	240	1	80 28 50 
103680	0	1	80 3f 50 
103680	0	1	90 28 6f 
103680	0	1	90 40 6f 
103920	240	1	80 40 50 
103920	0	1	90 3f 6f 
104160	240	1	80 3f 50 
104160	0	1	90 40 6f 
104400	240	1	80 40 50 
104400	0	1	90 44 6f 
104640	240	1	80 44 50 
104640	0	1	90 42 6f 
104880	240	1	80 42 50 
104880	0	1	90 40 6f 
105120	240	1	80 28 50 
105120	0	1	80 40 50 
105120	0	1	90 2f 6f 
105120	0	1	90 3f 6f 
105600	480	1	90 36 6f 
105600	0	1	90 39 6f 
105840	240	1	80 3f 50 
105840	0	1	90 40 6f 
106080	240	1	80 40 50 
106080	0	1	90 42 6f 
106320	240	1	80 42 50 
106320	0	1	90 44 6f 
106560	240	1	80 36 50 
106560	0	1	80 39 50 
106560	0	1	80 2f 50 
106560	0	1	80 44 50 
106560	0	1	90 2a 6f 
106560	0	1	90 45 6f 
107040	480	1	90 39 6f 
107040	0	1	90 3d 6f 
107280	240	1	80 45 50 
107280	0	1	90 44 6f 
107520	240	1	80 44 50 
107520	0	1	90 42 6f 
107760	240	1	80 42 50 
107760	0	1	90 40 6f 
108000	240	1	80 39 50 
108000	0	1	80 3d 50 
108000	0	1	80 2a 50 
108000	0	1	80 40 50 
108000	0	1	90 2f 6f 
108000	0	1	90 3f 6f 
108480	480	1	90 36 6f 
108480	0	1	90 39 6f 
108720	240	1	80 3f 50 
108720	0	1	90 42 6f 
108960	240	1	80 42 50 
108960	0	1	90 40 6f 
109200	240	1	80 40 50 
109200	0	1	90 3d 6f 
109440	240	1	80 36 50 
109440	0	1	80 39 50 
109440	0	1	80 2f 50 
109440	0	1	80 3d 50 
109440	0	1	90 2f 5f 
109440	0	1	90 3f 5f 
109920	480	1	90 36 5f 
109920	0	1	90 39 5f 
110160	240	1	80 3f 50 
110160	0	1	90 42 5f 
110400	240	1	80 42 50 
110400	0	1	90 40 5f 
110640	240	1	80 40 50 
110640	0	1	90 3d 5f 
110880	240	1	80 36 50 
110880	0	1	80 39 50 
110880	0	1	80 2f 50 
110880	0	1	80 3d 50 
110880	0	1	90 2f 6f 
110880	0	1	90 3b 6f 
111120	240	1	80 2f 50 
111120	0	1	90 31 6f 
111360	240	1	80 31 50 
111360	0	1	80 3b 50 
111360	0	1	90 2f 6f 
111600	240	1	80 2f 50 
111600	0	1	90 2d 6f 
111840	240	1	80 2d 50 
111840	0	1	90 2c 6f 
112080	240	1	80 2c 50 
112080	0	1	90 2a 6f 
112320	240	1	80 2a 50 
112320	0	1	90 28 6f 
112320	0	1	90 38 6f 
112340	20	1	90 3b 6f 
112360	20	1	90 40 6f 
112800	440	1	80 40 50 
112800	0	1	80 3b 50 
112800	0	1	80 38 50 
112800	0	1	90 38 6f 
113040	240	1	80 38 50 
113040	0	1	90 3b 6f 
113280	240	1	80 3b 50 
113280	0	1	90 3d 6f 
113520	240	1	80 3d 50 
113520	0	1	90 3f 6f 
113760	240	1	80 28 50 
113760	0	1	80 3f 50 
113760	0	1	90 28 5f 
113760	0	1	90 38 5f 
113780	20	1	90 3b 5f 
113800	20	1	90 40 5f 
114240	440	1	80 40 50 
114240	0	1	80 3b 50 
114240	0	1	80 38 50 
114240	0	1	90 38 5f 
114480	240	1	80 38 50 
114480	0	1	90 3b 5f 
114720	240	1	80 3b 50 
114720	0	1	90 3d 5f 
114960	240	1	80 3d 50 
114960	0	1	90 3f 5f 
115200	240	1	80 28 50 
115200	0	1	80 3f 50 
115200	0	1	90 28 6f 
115200	0	1	90 40 6f 
115440	240	1	80 40 50 
115440	0	1	90 3f 6f 
115680	240	1	80 3f 50 
115680	0	1	90 40 6f 
115920	240	1	80 40 50 
115920	0	1	90 44 6f 
116160	240	1	80 44 50 
116160	0	1	90 42 6f 
116400	240	1	80 42 50 
116400	0	1	90 40 6f 
116640	240	1	80 28 50 
116640	0	1	80 40 50 
116640	0	1	90 2d 6f 
116660	20	1	90 39 6f 
116680	20	1	90 3d 6f 
118080	1400	1	80 3d 50 
118080	0	1	80 39 50 
118080	0	1	80 2d 50 
118080	0	1	90 2d 6f 
118080	0	1	90 3d 6f 
118080	0	1	90 42 6f 
118080	0	1	90 45 6f 
118440	360	1	80 3d 50 
118440	0	1	80 42 50 
118440	0	1	80 45 50 
118440	0	1	90 3d 6f 
118440	0	1	90 42 6f 
118440	0	1	90 45 6f 
118560	120	1	80 3d 50 
118560	0	1	80 42 50 
118560	0	1	80 45 50 
118560	0	1	90 3d 6f 
118560	0	1	90 42 6f 
118560	0	1	90 45 6f 
119040	480	1	80 3d 50 
119040	0	1	80 42 50 
119040	0	1	80 45 50 
119040	0	1	90 3d 6f 
119040	0	1	90 42 6f 
119040	0	1	90 45 6f 
119520	480	1	80 2d 50 
119520	0	1	80 3d 50 
119520	0	1	80 42 50 
119520	0	1	80 45 50 
119520	0	1	90 28 6f 
119520	0	1	90 3b 6f 
119540	20	1	90 40 6f 
119560	20	1	90 44 6f 
119760	200	1	80 44 50 
119760	0	1	80 40 50 
119760	0	1	80 3b 50 
119760	0	1	90 47 6f 
120000	240	1	80 47 50 
120000	0	1	90 45 6f 
120240	240	1	80 45 50 
120240	0	1	90 44 6f 
120480	240	1	80 44 50 
120480	0	1	90 42 6f 
120720	240	1	80 42 50 
120720	0	1	90 40 6f 
120960	240	1	80 28 50 
120960	0	1	80 40 50 
120960	0	1	90 2f 6f 
120960	0	1	90 3f 6f 
121080	120	0	ff 51 3 6 bb 58 
121200	120	0	ff 51 3 6 ef 91 
121200	0	1	80 3f 50 
121200	0	1	90 3d 6f 
121320	120	0	ff 51 3 7 18 dc 
121440	120	0	ff 51 3 7 53 0 
121440	0	1	80 3d 50 
121440	0	1	90 3b 6f 
121440	0	0	ff 2f 0 
121680	240	1	80 3b 50 
121680	0	1	90 39 6f 
121920	240	1	80 39 50 
121920	0	1	90 38 6f 
122160	240	1	80 38 50 
122160	0	1	90 36 6f 
122400	240	1	80 2f 50 
122400	0	1	80 36 50 
122400	0	1	90 28 6f 
122400	0	1	90 34 6f 
122880	480	1	80 34 50 
122880	0	1	90 34 6f 
122900	20	1	90 38 6f 
122920	20	1	90 3b 6f 
122940	20	1	90 40 6f 
123840	900	1	80 40 50 
123840	0	1	80 3b 50 
123840	0	1	80 38 50 
123840	0	1	80 34 50 
123840	0	1	80 28 50 
123840	0	1	ff 2f 0 
