TPQ: 1024
TRACKS: 3
0	0	0	ff 58 4 1 2 18 8 
0	0	0	ff 59 2 1 0 
0	0	0	ff 51 3 a a5 4a 
0	0	1	ff 3 b 47 72 61 6e 64 20 50 69 61 6e 6f 
0	0	2	ff 3 e 63 6c 61 73 73 69 63 20 67 75 69 74 61 72 
0	0	1	c0 18 
0	0	2	c0 18 
1024	1024	0	ff 58 4 4 2 18 8 
1024	0	2	90 28 7f 
1536	512	2	90 2f 7f 
2048	512	2	80 2f 0 
2048	0	2	90 37 7f 
2560	512	2	80 37 0 
2560	0	2	90 3b 7f 
3072	512	2	80 3b 0 
3072	0	2	90 3c 7f 
3584	512	2	80 3c 0 
3584	0	2	90 43 7f 
3584	0	2	90 3d 7f 
4096	512	2	90 3b 7f 
4608	512	2	80 3b 0 
4608	0	2	90 3c 7f 
5120	512	0	ff 58 4 3 2 18 8 
5120	0	2	80 28 0 
5120	0	2	80 3c 0 
5120	0	2	80 43 0 
5120	0	2	80 3d 0 
5120	0	2	90 42 7f 
5120	0	2	90 3d 7f 
5632	512	2	90 3b 7f 
6144	512	2	80 3b 0 
6144	0	2	90 3c 7f 
6656	512	2	80 3c 0 
6656	0	2	80 42 0 
6656	0	2	80 3d 0 
6656	0	2	90 43 7f 
6656	0	2	90 3d 7f 
7168	512	2	90 47 7f 
7680	512	2	80 47 0 
7680	0	2	90 48 7f 
8192	512	0	ff 58 4 4 2 18 8 
8192	0	2	80 48 0 
8192	0	2	80 43 0 
8192	0	2	80 3d 0 
8192	0	2	90 28 7f 
8704	512	2	90 2f 7f 
9216	512	2	80 2f 0 
9216	0	2	90 37 7f 
9728	512	2	80 37 0 
9728	0	2	90 3b 7f 
10240	512	2	80 3b 0 
10240	0	2	90 3c 7f 
10752	512	2	80 3c 0 
10752	0	2	90 43 7f 
10752	0	2	90 3d 7f 
11264	512	2	90 3b 7f 
11776	512	2	80 3b 0 
11776	0	2	90 3c 7f 
12288	512	0	ff 58 4 3 2 18 8 
12288	0	2	80 28 0 
12288	0	2	80 3c 0 
12288	0	2	80 43 0 
12288	0	2	80 3d 0 
12288	0	2	90 42 7f 
12288	0	2	90 3d 7f 
12800	512	2	90 3b 7f 
13312	512	2	80 3b 0 
13312	0	2	90 3c 7f 
13824	512	2	80 3c 0 
13824	0	2	80 42 0 
13824	0	2	80 3d 0 
13824	0	2	90 43 7f 
13824	0	2	90 3d 7f 
14336	512	2	90 47 7f 
14848	512	2	80 47 0 
14848	0	2	90 48 7f 
15360	512	0	ff 58 4 4 2 18 8 
15360	0	2	80 48 0 
15360	0	2	80 43 0 
15360	0	2	80 3d 0 
15360	0	2	90 28 7f 
15872	512	2	90 2f 7f 
16384	512	2	80 2f 0 
16384	0	2	90 36 7f 
16896	512	2	80 36 0 
16896	0	2	90 3b 7f 
17408	512	2	80 3b 0 
17408	0	2	90 3c 7f 
17920	512	2	80 3c 0 
17920	0	2	90 47 7f 
17920	0	2	90 3f 7f 
18432	512	2	90 3b 7f 
18944	512	2	80 3b 0 
18944	0	2	90 3c 7f 
19456	512	0	ff 58 4 3 2 18 8 
19456	0	2	80 28 0 
19456	0	2	80 3c 0 
19456	0	2	80 47 0 
19456	0	2	80 3f 0 
19456	0	2	90 45 7f 
19456	0	2	90 3f 7f 
19968	512	2	90 3b 7f 
20480	512	2	80 3b 0 
20480	0	2	90 3c 7f 
20992	512	2	80 3c 0 
20992	0	2	80 45 0 
20992	0	2	80 3f 0 
20992	0	2	90 43 7f 
20992	0	2	90 3f 7f 
21504	512	2	90 47 7f 
22016	512	2	80 47 0 
22016	0	2	90 48 7f 
22528	512	0	ff 58 4 4 2 18 8 
22528	0	2	80 48 0 
22528	0	2	80 43 0 
22528	0	2	80 3f 0 
22528	0	2	90 28 7f 
23040	512	2	90 2f 7f 
23552	512	2	80 2f 0 
23552	0	2	90 36 7f 
24064	512	2	80 36 0 
24064	0	2	90 3b 7f 
24576	512	2	80 3b 0 
24576	0	2	90 3c 7f 
25088	512	2	80 3c 0 
25088	0	2	90 47 7f 
25088	0	2	90 3f 7f 
25600	512	2	90 3b 7f 
26112	512	2	80 3b 0 
26112	0	2	90 3c 7f 
26624	512	0	ff 58 4 3 2 18 8 
26624	0	2	80 28 0 
26624	0	2	80 3c 0 
26624	0	2	80 47 0 
26624	0	2	80 3f 0 
26624	0	2	90 45 7f 
26624	0	2	90 3f 7f 
27136	512	2	90 3b 7f 
27648	512	2	80 3b 0 
27648	0	2	90 3c 7f 
28160	512	2	80 3c 0 
28160	0	2	80 45 0 
28160	0	2	80 3f 0 
28160	0	2	90 43 7f 
28160	0	2	90 3f 7f 
28672	512	2	90 47 7f 
29184	512	2	80 47 0 
29184	0	2	90 48 7f 
29696	512	0	ff 58 4 4 2 18 8 
29696	0	2	80 48 0 
29696	0	2	80 43 0 
29696	0	2	80 3f 0 
29696	0	2	90 28 7f 
30208	512	2	90 2f 7f 
30720	512	2	80 2f 0 
30720	0	2	90 37 7f 
31232	512	2	80 37 0 
31232	0	2	90 3b 7f 
31744	512	2	80 3b 0 
31744	0	2	90 3c 7f 
32256	512	2	80 3c 0 
32256	0	2	90 43 7f 
32256	0	2	90 3d 7f 
32768	512	2	90 3b 7f 
33280	512	2	80 3b 0 
33280	0	2	90 3c 7f 
33792	512	0	ff 58 4 3 2 18 8 
33792	0	2	80 28 0 
33792	0	2	80 3c 0 
33792	0	2	80 43 0 
33792	0	2	80 3d 0 
33792	0	2	90 42 7f 
33792	0	2	90 3d 7f 
34304	512	2	90 3b 7f 
34816	512	2	80 3b 0 
34816	0	2	90 3c 7f 
35328	512	2	80 3c 0 
35328	0	2	80 42 0 
35328	0	2	80 3d 0 
35328	0	2	90 43 7f 
35328	0	2	90 3d 7f 
35840	512	2	90 47 7f 
36352	512	2	80 47 0 
36352	0	2	90 48 7f 
36864	512	0	ff 58 4 4 2 18 8 
36864	0	2	80 48 0 
36864	0	2	80 43 0 
36864	0	2	80 3d 0 
36864	0	2	90 28 7f 
37376	512	2	90 2f 7f 
37888	512	2	80 2f 0 
37888	0	2	90 37 7f 
38400	512	2	80 37 0 
38400	0	2	90 3b 7f 
38912	512	2	80 3b 0 
38912	0	2	90 3c 7f 
39424	512	2	80 3c 0 
39424	0	2	90 43 7f 
39424	0	2	90 3d 7f 
39936	512	2	90 3b 7f 
40448	512	2	80 3b 0 
40448	0	2	90 3c 7f 
40960	512	0	ff 58 4 3 2 18 8 
40960	0	2	80 28 0 
40960	0	2	80 3c 0 
40960	0	2	80 43 0 
40960	0	2	80 3d 0 
40960	0	2	90 42 7f 
40960	0	2	90 3d 7f 
41472	512	2	90 3b 7f 
41984	512	2	80 3b 0 
41984	0	2	90 3c 7f 
42496	512	2	80 3c 0 
42496	0	2	80 42 0 
42496	0	2	80 3d 0 
42496	0	2	90 43 7f 
42496	0	2	90 3d 7f 
43008	512	2	90 47 7f 
43520	512	2	80 47 0 
43520	0	2	90 48 7f 
44032	512	0	ff 58 4 4 2 18 8 
44032	0	2	80 48 0 
44032	0	2	80 43 0 
44032	0	2	80 3d 0 
44032	0	2	90 28 7f 
44544	512	2	90 2f 7f 
45056	512	2	80 2f 0 
45056	0	2	90 38 7f 
45568	512	2	80 38 0 
45568	0	2	90 3b 7f 
46080	512	2	80 3b 0 
46080	0	2	90 3e 7f 
46592	512	2	80 3e 0 
46592	0	2	90 47 7f 
46592	0	2	90 41 7f 
47104	512	2	90 3b 7f 
47616	512	2	80 3b 0 
47616	0	2	90 3e 7f 
48128	512	0	ff 58 4 3 2 18 8 
48128	0	2	80 28 0 
48128	0	2	80 3e 0 
48128	0	2	80 47 0 
48128	0	2	80 41 0 
48128	0	2	90 45 7f 
48128	0	2	90 41 7f 
48640	512	2	90 3b 7f 
49152	512	2	80 3b 0 
49152	0	2	90 3e 7f 
49664	512	2	80 3e 0 
49664	0	2	80 45 0 
49664	0	2	80 41 0 
49664	0	2	90 44 7f 
49664	0	2	90 41 7f 
50176	512	2	90 47 7f 
50688	512	2	80 47 0 
50688	0	2	90 4a 7f 
51200	512	0	ff 58 4 4 2 18 8 
51200	0	2	80 4a 0 
51200	0	2	80 44 0 
51200	0	2	80 41 0 
51200	0	2	90 2c 7f 
51712	512	2	80 2c 0 
51712	0	2	90 35 7f 
52224	512	2	80 35 0 
52224	0	2	90 3b 7f 
52736	512	2	80 3b 0 
52736	0	2	90 3e 7f 
53248	512	2	80 3e 0 
53248	0	2	90 41 7f 
53760	512	2	80 41 0 
53760	0	2	90 48 7f 
53760	0	2	90 40 7f 
54272	512	2	90 3e 7f 
54784	512	2	80 3e 0 
54784	0	2	90 41 7f 
55296	512	0	ff 58 4 3 2 18 8 
55296	0	2	80 41 0 
55296	0	2	80 48 0 
55296	0	2	80 40 0 
55296	0	2	90 47 7f 
55296	0	2	90 40 7f 
55808	512	2	90 3e 7f 
56320	512	2	80 3e 0 
56320	0	2	90 41 7f 
56832	512	2	80 41 0 
56832	0	2	80 47 0 
56832	0	2	80 40 0 
56832	0	2	90 45 7f 
56832	0	2	90 40 7f 
57344	512	2	90 4a 7f 
57856	512	2	80 4a 0 
57856	0	2	90 50 7f 
58368	512	0	ff 58 4 4 2 18 8 
58368	0	2	80 50 0 
58368	0	2	80 45 0 
58368	0	2	80 40 0 
58368	0	2	90 2d 7f 
58880	512	2	90 34 7f 
59392	512	2	80 34 0 
59392	0	2	90 3b 7f 
59904	512	2	80 3b 0 
59904	0	2	90 40 7f 
60416	512	2	80 40 0 
60416	0	2	90 47 7f 
60928	512	2	80 47 0 
60928	0	2	90 41 7f 
60928	0	2	90 48 7f 
61440	512	2	80 41 0 
61440	0	2	90 40 7f 
61952	512	2	80 40 0 
61952	0	2	90 45 7f 
62464	512	0	ff 58 4 3 2 18 8 
62464	0	2	80 2d 0 
62464	0	2	80 45 0 
62464	0	2	80 48 0 
62464	0	2	90 41 7f 
62464	0	2	90 48 7f 
62976	512	2	80 41 0 
62976	0	2	90 40 7f 
63488	512	2	80 40 0 
63488	0	2	90 47 7f 
64000	512	2	80 47 0 
64000	0	2	80 48 0 
64000	0	2	90 41 7f 
64000	0	2	90 48 7f 
64512	512	2	80 41 0 
64512	0	2	90 4c 7f 
65024	512	2	80 4c 0 
65024	0	2	90 53 7f 
65536	512	0	ff 58 4 4 2 18 8 
65536	0	2	80 53 0 
65536	0	2	80 48 0 
65536	0	2	90 2b 7f 
66048	512	2	80 2b 0 
66048	0	2	90 34 7f 
66560	512	2	80 34 0 
66560	0	2	90 3b 7f 
67072	512	2	80 3b 0 
67072	0	2	90 40 7f 
67584	512	2	80 40 0 
67584	0	2	90 47 7f 
68096	512	2	80 47 0 
68096	0	2	90 41 7f 
68096	0	2	90 48 7f 
68608	512	2	80 41 0 
68608	0	2	90 40 7f 
69120	512	2	80 40 0 
69120	0	2	90 45 7f 
69632	512	0	ff 58 4 3 2 18 8 
69632	0	2	80 45 0 
69632	0	2	80 48 0 
69632	0	2	90 41 7f 
69632	0	2	90 48 7f 
70144	512	2	80 41 0 
70144	0	2	90 40 7f 
70656	512	2	80 40 0 
70656	0	2	90 47 7f 
71168	512	2	80 47 0 
71168	0	2	80 48 0 
71168	0	2	90 41 7f 
71168	0	2	90 48 7f 
71680	512	2	80 41 0 
71680	0	2	90 4c 7f 
72192	512	2	80 4c 0 
72192	0	2	90 53 7f 
72704	512	0	ff 58 4 4 2 18 8 
72704	0	2	80 53 0 
72704	0	2	80 48 0 
72704	0	2	90 2a 7f 
73216	512	2	80 2a 0 
73216	0	2	90 34 7f 
73728	512	2	80 34 0 
73728	0	2	90 3b 7f 
74240	512	2	80 3b 0 
74240	0	2	90 40 7f 
74752	512	2	80 40 0 
74752	0	2	90 47 7f 
75264	512	2	80 47 0 
75264	0	2	90 41 7f 
75264	0	2	90 48 7f 
75776	512	2	80 41 0 
75776	0	2	90 40 7f 
76288	512	2	80 40 0 
76288	0	2	90 45 7f 
76800	512	0	ff 58 4 3 2 18 8 
76800	0	2	80 45 0 
76800	0	2	80 48 0 
76800	0	2	90 41 7f 
76800	0	2	90 48 7f 
77312	512	2	80 41 0 
77312	0	2	90 40 7f 
77824	512	2	80 40 0 
77824	0	2	90 47 7f 
78336	512	2	80 47 0 
78336	0	2	80 48 0 
78336	0	2	90 41 7f 
78336	0	2	90 48 7f 
78848	512	2	80 41 0 
78848	0	2	90 4c 7f 
79360	512	2	80 4c 0 
79360	0	2	90 53 7f 
79872	512	0	ff 58 4 4 2 18 8 
79872	0	2	80 53 0 
79872	0	2	80 48 0 
79872	0	2	90 2e 7f 
80384	512	2	80 2e 0 
80384	0	2	90 37 7f 
80896	512	2	80 37 0 
80896	0	2	90 3d 7f 
81408	512	2	80 3d 0 
81408	0	2	90 40 7f 
81920	512	2	80 40 0 
81920	0	2	90 43 7f 
82432	512	2	80 43 0 
82432	0	2	90 42 7f 
82432	0	2	90 4a 7f 
82944	512	2	80 42 0 
82944	0	2	90 40 7f 
83456	512	2	80 40 0 
83456	0	2	90 42 7f 
83968	512	0	ff 58 4 3 2 18 8 
83968	0	2	80 42 0 
83968	0	2	80 4a 0 
83968	0	2	90 42 7f 
83968	0	2	90 49 7f 
84480	512	2	80 42 0 
84480	0	2	90 40 7f 
84992	512	2	80 40 0 
84992	0	2	90 43 7f 
85504	512	2	80 43 0 
85504	0	2	80 49 0 
85504	0	2	90 42 7f 
85504	0	2	90 4a 7f 
86016	512	2	80 42 0 
86016	0	2	80 4a 0 
86016	0	2	90 38 7f 
86272	256	2	80 38 0 
86272	0	2	90 37 7f 
86528	256	2	80 37 0 
86528	0	2	90 36 7f 
86784	256	2	80 36 0 
86784	0	2	90 35 7f 
87040	256	0	ff 58 4 4 2 18 8 
87040	0	2	80 35 0 
87040	0	2	90 34 7f 
87552	512	2	80 34 0 
87552	0	2	90 3a 7f 
88064	512	2	80 3a 0 
88064	0	2	90 3d 7f 
88576	512	2	80 3d 0 
88576	0	2	90 40 7f 
89088	512	2	80 40 0 
89088	0	2	90 43 7f 
89600	512	2	80 43 0 
89600	0	2	90 42 7f 
89600	0	2	90 4a 7f 
90112	512	2	80 42 0 
90112	0	2	90 40 7f 
90624	512	2	80 40 0 
90624	0	2	90 43 7f 
91136	512	0	ff 58 4 3 2 18 8 
91136	0	2	80 43 0 
91136	0	2	80 4a 0 
91136	0	2	90 42 7f 
91136	0	2	90 49 7f 
91648	512	2	80 42 0 
91648	0	2	90 40 7f 
92160	512	2	80 40 0 
92160	0	2	90 43 7f 
92672	512	2	80 43 0 
92672	0	2	80 49 0 
92672	0	2	90 42 7f 
92672	0	2	90 4a 7f 
93184	512	2	80 42 0 
93184	0	2	80 4a 0 
93184	0	2	90 38 7f 
93440	256	2	80 38 0 
93440	0	2	90 37 7f 
93696	256	2	80 37 0 
93696	0	2	90 36 7f 
93952	256	2	80 36 0 
93952	0	2	90 35 7f 
94208	256	0	ff 58 4 4 2 18 8 
94208	0	2	80 35 0 
94208	0	2	90 33 7f 
94720	512	2	80 33 0 
94720	0	2	90 39 7f 
95232	512	2	80 39 0 
95232	0	2	90 3c 7f 
95744	512	2	80 3c 0 
95744	0	2	90 3f 7f 
95744	0	2	90 43 7f 
96256	512	2	80 43 0 
96256	0	2	90 45 7f 
96768	512	2	80 45 0 
96768	0	2	90 47 7f 
97280	512	2	80 3f 0 
97280	0	2	80 47 0 
97280	0	2	90 42 7f 
97280	0	2	90 3e 7f 
97792	512	2	80 42 0 
97792	0	2	90 43 7f 
98304	512	0	ff 58 4 3 2 18 8 
98304	0	2	80 43 0 
98304	0	2	90 45 7f 
98816	512	2	80 45 0 
98816	0	2	80 3e 0 
98816	0	2	90 3d 7f 
98816	0	2	90 3f 7f 
99328	512	2	80 3f 0 
99328	0	2	90 40 7f 
99840	512	2	80 40 0 
99840	0	2	90 42 7f 
100352	512	2	80 3d 0 
100352	0	2	80 42 0 
100352	0	2	90 3c 7f 
100352	0	2	90 43 7f 
100864	512	2	80 43 0 
100864	0	2	90 45 7f 
101376	512	0	ff 58 4 4 2 18 8 
101376	0	2	80 3c 0 
101376	0	2	80 45 0 
101376	0	2	90 32 7f 
101888	512	2	80 32 0 
101888	0	2	90 38 7f 
102400	512	2	80 38 0 
102400	0	2	90 3b 7f 
102912	512	2	80 3b 0 
102912	0	2	90 42 7f 
102912	0	2	90 3e 7f 
103424	512	2	80 42 0 
103424	0	2	90 43 7f 
103936	512	2	80 43 0 
103936	0	2	90 44 7f 
104448	512	2	80 44 0 
104448	0	2	80 3e 0 
104448	0	2	90 41 7f 
104448	0	2	90 3d 7f 
104960	512	2	80 41 0 
104960	0	2	90 43 7f 
105472	512	0	ff 58 4 3 2 18 8 
105472	0	2	80 43 0 
105472	0	2	90 44 7f 
105984	512	2	80 44 0 
105984	0	2	80 3d 0 
105984	0	2	90 3c 7f 
105984	0	2	90 3e 7f 
106496	512	2	80 3e 0 
106496	0	2	90 40 7f 
107008	512	2	80 40 0 
107008	0	2	90 41 7f 
107520	512	2	80 3c 0 
107520	0	2	80 41 0 
107520	0	2	90 3b 7f 
107520	0	2	90 43 7f 
108032	512	2	80 43 0 
108032	0	2	90 44 7f 
108544	512	0	ff 58 4 4 2 18 8 
108544	0	2	80 3b 0 
108544	0	2	80 44 0 
108544	0	2	90 31 7f 
109056	512	2	80 31 0 
109056	0	2	90 37 7f 
109568	512	2	80 37 0 
109568	0	2	90 3a 7f 
110080	512	2	80 3a 0 
110080	0	2	90 41 7f 
110080	0	2	90 3d 7f 
110592	512	2	80 41 0 
110592	0	2	90 43 7f 
111104	512	2	80 43 0 
111104	0	2	90 45 7f 
111616	512	2	80 45 0 
111616	0	2	80 3d 0 
111616	0	2	90 40 7f 
111616	0	2	90 3c 7f 
112128	512	2	80 40 0 
112128	0	2	90 41 7f 
112640	512	0	ff 58 4 3 2 18 8 
112640	0	2	80 41 0 
112640	0	2	90 43 7f 
113152	512	2	80 43 0 
113152	0	2	80 3c 0 
113152	0	2	90 3b 7f 
113152	0	2	90 3e 7f 
113664	512	2	80 3e 0 
113664	0	2	90 40 7f 
114176	512	2	80 40 0 
114176	0	2	90 41 7f 
114688	512	2	80 3b 0 
114688	0	2	80 41 0 
114688	0	2	90 3a 7f 
114688	0	2	90 3d 7f 
115200	512	2	80 3d 0 
115200	0	2	90 40 7f 
115712	512	0	ff 58 4 4 2 18 8 
115712	0	2	80 3a 0 
115712	0	2	80 40 0 
115712	0	2	90 30 7f 
116224	512	2	80 30 0 
116224	0	2	90 36 7f 
116736	512	2	80 36 0 
116736	0	2	90 39 7f 
117248	512	2	80 39 0 
117248	0	2	90 3c 7f 
117248	0	2	90 40 7f 
117760	512	2	80 40 0 
117760	0	2	90 45 7f 
118272	512	2	80 45 0 
118272	0	2	90 47 7f 
118784	512	2	80 3c 0 
118784	0	2	80 47 0 
118784	0	2	90 3c 7f 
118784	0	2	90 42 7f 
119296	512	2	80 42 0 
119296	0	2	90 45 7f 
119808	512	0	ff 58 4 3 2 18 8 
119808	0	2	80 45 0 
119808	0	2	90 47 7f 
120320	512	2	80 3c 0 
120320	0	2	80 47 0 
120320	0	2	90 3c 7f 
120320	0	2	90 40 7f 
120832	512	2	80 40 0 
120832	0	2	90 45 7f 
121344	512	2	80 45 0 
121344	0	2	90 4c 7f 
121856	512	2	80 3c 0 
121856	0	2	80 4c 0 
121856	0	2	90 36 7f 
122112	256	2	80 36 0 
122112	0	2	90 34 7f 
122368	256	2	80 34 0 
122368	0	2	90 32 7f 
122624	256	2	80 32 0 
122624	0	2	90 30 7f 
122880	256	0	ff 58 4 4 2 18 8 
122880	0	2	80 30 0 
122880	0	2	90 2f 7f 
123392	512	2	80 2f 0 
123392	0	2	90 36 7f 
123904	512	2	80 36 0 
123904	0	2	90 39 7f 
124416	512	2	80 39 0 
124416	0	2	90 40 7f 
124928	512	2	80 40 0 
124928	0	2	90 45 7f 
125440	512	2	80 45 0 
125440	0	2	90 4a 7f 
125952	512	2	80 4a 0 
125952	0	2	90 48 7f 
126208	256	2	80 48 0 
126208	0	2	90 47 7f 
126464	256	2	80 47 0 
126464	0	2	90 45 7f 
126976	512	0	ff 58 4 3 2 18 8 
126976	0	2	80 45 0 
126976	0	2	90 42 7f 
127488	512	2	80 42 0 
127488	0	2	90 3c 7f 
128000	512	2	80 3c 0 
128000	0	2	90 3b 7f 
128512	512	2	80 3b 0 
128512	0	2	90 39 7f 
129024	512	2	80 39 0 
129024	0	2	90 37 7f 
129536	512	2	80 37 0 
129536	0	2	90 2f 7f 
130048	512	0	ff 58 4 4 2 18 8 
130048	0	2	80 2f 0 
130048	0	2	90 28 7f 
130560	512	2	90 2f 7f 
131072	512	2	80 2f 0 
131072	0	2	90 37 7f 
131584	512	2	80 28 0 
131584	0	2	90 30 7f 
132096	512	2	80 37 0 
132096	0	2	90 36 7f 
132352	256	2	80 36 0 
132352	0	2	90 37 7f 
132608	256	2	80 37 0 
132608	0	2	90 39 7f 
133120	512	2	80 30 0 
133120	0	2	80 39 0 
133120	0	2	90 37 7f 
133120	0	2	90 2f 7f 
133632	512	2	80 37 0 
133632	0	2	90 34 7f 
134144	512	2	80 34 0 
134144	0	2	80 2f 0 
134144	0	2	90 28 7f 
134656	512	2	90 2f 7f 
135168	512	2	80 2f 0 
135168	0	2	90 37 7f 
135680	512	2	80 28 0 
135680	0	2	90 30 7f 
136192	512	2	80 37 0 
136192	0	2	90 36 7f 
136448	256	2	80 36 0 
136448	0	2	90 37 7f 
136704	256	2	80 37 0 
136704	0	2	90 39 7f 
137216	512	2	80 30 0 
137216	0	2	80 39 0 
137216	0	2	90 37 7f 
137216	0	2	90 2f 7f 
137728	512	2	80 37 0 
137728	0	2	90 34 7f 
138240	512	2	80 34 0 
138240	0	2	80 2f 0 
138240	0	2	90 28 7f 
138752	512	2	90 2f 7f 
139264	512	2	80 2f 0 
139264	0	2	90 37 7f 
139776	512	2	80 28 0 
139776	0	2	90 30 7f 
140288	512	2	80 37 0 
140288	0	2	90 36 7f 
140544	256	2	80 36 0 
140544	0	2	90 37 7f 
140800	256	2	80 37 0 
140800	0	2	90 39 7f 
141312	512	2	80 30 0 
141312	0	2	80 39 0 
141312	0	2	90 37 7f 
141312	0	2	90 2f 7f 
141824	512	2	80 37 0 
141824	0	2	90 34 7f 
142336	512	2	80 34 0 
142336	0	2	80 2f 0 
142336	0	2	90 28 7f 
142848	512	2	90 2f 7f 
143360	512	2	80 2f 0 
143360	0	2	90 36 7f 
143872	512	2	80 36 0 
143872	0	2	90 3b 7f 
144384	512	2	80 3b 0 
144384	0	2	90 3c 7f 
144896	512	2	80 3c 0 
144896	0	2	90 40 7f 
145408	512	2	80 40 0 
145408	0	2	90 43 7f 
145920	512	2	80 43 0 
145920	0	2	90 47 7f 
146262	342	2	90 34 7f 
146347	85	2	90 3b 7f 
146432	85	2	80 28 0 
146432	0	2	80 47 0 
146432	0	2	90 43 7f 
146432	0	2	90 4a 7f 
147968	1536	2	80 4a 0 
147968	0	2	90 49 7f 
150528	2560	2	80 43 0 
150528	0	2	80 3b 0 
150528	0	2	80 34 0 
150528	0	2	80 49 0 
150528	0	2	90 48 7f 
151552	1024	2	80 48 0 
151552	0	2	90 47 7f 
152576	1024	2	80 47 0 
152576	0	2	90 4a 7f 
154112	1536	2	80 4a 0 
154112	0	2	90 49 7f 
154624	512	2	80 49 0 
154624	0	2	90 48 7f 
155136	512	2	90 2f 7f 
155648	512	2	80 2f 0 
155648	0	2	90 36 7f 
156160	512	2	80 36 0 
156160	0	2	80 48 0 
156160	0	2	90 39 7f 
156160	0	2	90 47 7f 
156672	512	2	80 39 0 
156672	0	2	90 3f 7f 
157184	512	2	80 3f 0 
157184	0	2	90 40 7f 
157696	512	2	80 40 0 
157696	0	2	90 42 7f 
158208	512	2	80 42 0 
158208	0	2	90 3b 7f 
158720	512	2	80 3b 0 
158720	0	2	80 47 0 
158720	0	2	90 30 7f 
159232	512	2	90 4a 7f 
159232	0	2	90 40 7f 
159232	0	2	90 39 7f 
160256	1024	2	80 4a 0 
160256	0	2	80 40 0 
160256	0	2	80 39 0 
160256	0	2	90 49 7f 
160768	512	2	80 30 0 
160768	0	2	80 49 0 
160768	0	2	90 48 7f 
160768	0	2	90 2f 7f 
161280	512	2	80 48 0 
161280	0	2	80 2f 0 
161280	0	2	90 47 7f 
161280	0	2	90 39 7f 
161792	512	2	80 47 0 
161792	0	2	80 39 0 
161792	0	2	90 4a 7f 
161792	0	2	90 3f 7f 
162304	512	2	80 4a 0 
162304	0	2	90 49 7f 
162816	512	2	80 49 0 
162816	0	2	80 3f 0 
162816	0	2	90 34 7f 
162816	0	2	90 48 7f 
163328	512	2	80 34 0 
163328	0	2	90 3b 7f 
163840	512	2	80 3b 0 
163840	0	2	90 3c 7f 
164352	512	2	80 3c 0 
164352	0	2	80 48 0 
164352	0	2	90 3b 7f 
164352	0	2	90 47 7f 
164864	512	2	80 3b 0 
164864	0	2	90 33 7f 
165376	512	2	80 33 0 
165376	0	2	90 3b 7f 
165888	512	2	80 3b 0 
165888	0	2	90 3c 7f 
166400	512	2	80 3c 0 
166400	0	2	90 3b 7f 
166912	512	2	80 3b 0 
166912	0	2	80 47 0 
166912	0	2	90 34 7f 
167424	512	2	90 3b 7f 
167936	512	2	80 3b 0 
167936	0	2	80 34 0 
167936	0	2	90 43 7f 
167936	0	2	90 4c 7f 
168448	512	2	80 43 0 
168448	0	2	90 47 7f 
168960	512	2	80 47 0 
168960	0	2	80 4c 0 
168960	0	2	90 42 7f 
168960	0	2	90 4c 7f 
169472	512	2	80 42 0 
169472	0	2	90 45 7f 
169984	512	2	80 45 0 
169984	0	2	80 4c 0 
169984	0	2	90 40 7f 
169984	0	2	90 4c 7f 
170496	512	2	80 40 0 
170496	0	2	90 43 7f 
171008	512	2	80 43 0 
171008	0	2	80 4c 0 
171008	0	2	90 3a 7f 
171008	0	2	90 4c 7f 
171008	0	2	90 43 7f 
171520	512	2	80 3a 0 
171520	0	2	90 3b 7f 
172032	512	2	80 3b 0 
172032	0	2	90 3d 7f 
172544	512	2	80 3d 0 
172544	0	2	80 4c 0 
172544	0	2	80 43 0 
172544	0	2	90 3e 7f 
172544	0	2	90 4c 7f 
172544	0	2	90 42 7f 
173056	512	2	80 3e 0 
173056	0	2	90 3d 7f 
173568	512	2	80 3d 0 
173568	0	2	90 37 7f 
174080	512	2	80 37 0 
174080	0	2	80 4c 0 
174080	0	2	80 42 0 
174080	0	2	90 2e 7f 
174592	512	2	80 2e 0 
174592	0	2	90 2f 7f 
175104	512	2	80 2f 0 
175104	0	2	90 30 7f 
175616	512	2	90 39 7f 
176128	512	2	80 39 0 
176128	0	2	80 30 0 
176128	0	2	90 43 7f 
176640	512	2	80 43 0 
176640	0	2	90 48 7f 
177152	512	2	80 48 0 
177152	0	2	90 39 7f 
177152	0	2	90 2f 7f 
177152	0	2	90 42 7f 
177664	512	2	80 42 0 
177664	0	2	90 47 7f 
178176	512	2	80 39 0 
178176	0	2	80 47 0 
178176	0	2	90 3f 7f 
178176	0	2	90 45 7f 
178688	512	2	80 45 0 
178688	0	2	90 43 7f 
179200	512	2	80 3f 0 
179200	0	2	80 2f 0 
179200	0	2	80 43 0 
179200	0	2	90 28 7f 
179200	0	2	90 3b 7f 
179200	0	2	90 42 7f 
179712	512	2	90 2f 7f 
180224	512	2	80 2f 0 
180224	0	2	90 37 7f 
180736	512	2	80 28 0 
180736	0	2	90 30 7f 
181248	512	2	80 37 0 
181248	0	2	80 42 0 
181248	0	2	90 36 7f 
181504	256	2	80 36 0 
181504	0	2	90 37 7f 
181760	256	2	80 37 0 
181760	0	2	90 39 7f 
182272	512	2	80 30 0 
182272	0	2	80 39 0 
182272	0	2	90 37 7f 
182272	0	2	90 2f 7f 
182784	512	2	80 37 0 
182784	0	2	90 34 7f 
183296	512	2	80 34 0 
183296	0	2	80 2f 0 
183296	0	2	80 3b 0 
183296	0	2	90 28 7f 
183296	0	2	90 40 7f 
183296	0	2	90 3b 7f 
183808	512	2	90 2f 7f 
184320	512	2	80 2f 0 
184320	0	2	90 37 7f 
184832	512	2	80 28 0 
184832	0	2	90 30 7f 
185344	512	2	80 37 0 
185344	0	2	90 36 7f 
185600	256	2	80 36 0 
185600	0	2	90 37 7f 
185856	256	2	80 37 0 
185856	0	2	90 39 7f 
186368	512	2	80 30 0 
186368	0	2	80 39 0 
186368	0	2	90 37 7f 
186368	0	2	90 2f 7f 
186880	512	2	80 37 0 
186880	0	2	90 34 7f 
187392	512	2	80 34 0 
187392	0	2	80 2f 0 
187392	0	2	80 40 0 
187392	0	2	80 3b 0 
187392	0	2	90 28 7f 
187597	205	2	80 28 0 
187904	307	2	90 2f 7f 
188109	205	2	80 2f 0 
188416	307	2	90 36 7f 
188621	205	2	80 36 0 
188928	307	2	90 3b 7f 
189133	205	2	80 3b 0 
189440	307	2	90 3c 7f 
189645	205	2	80 3c 0 
189952	307	2	90 40 7f 
190157	205	2	80 40 0 
190464	307	2	90 43 7f 
190669	205	2	80 43 0 
190976	307	2	90 47 7f 
191181	205	2	80 47 0 
191318	137	2	90 34 7f 
191403	85	2	90 3b 7f 
191488	85	2	90 43 7f 
191488	0	2	90 4a 7f 
193024	1536	2	80 43 0 
193024	0	2	80 3b 0 
193024	0	2	80 34 0 
193024	0	2	80 4a 0 
193024	0	2	90 49 7f 
193024	0	2	90 3d 7f 
195584	2560	2	80 49 0 
195584	0	2	80 3d 0 
195584	0	2	90 48 7f 
195584	0	2	90 3c 7f 
196608	1024	2	80 48 0 
196608	0	2	80 3c 0 
196608	0	2	90 47 7f 
196608	0	2	90 3b 7f 
197632	1024	2	80 47 0 
197632	0	2	80 3b 0 
197632	0	2	90 4a 7f 
197632	0	2	90 3e 7f 
199168	1536	2	80 4a 0 
199168	0	2	80 3e 0 
199168	0	2	90 49 7f 
199168	0	2	90 3d 7f 
199680	512	2	80 49 0 
199680	0	2	80 3d 0 
199680	0	2	90 48 7f 
200192	512	2	90 2f 7f 
200704	512	2	80 2f 0 
200704	0	2	90 36 7f 
201216	512	2	80 36 0 
201216	0	2	80 48 0 
201216	0	2	90 39 7f 
201216	0	2	90 47 7f 
201728	512	2	80 39 0 
201728	0	2	90 3f 7f 
202240	512	2	80 3f 0 
202240	0	2	90 40 7f 
202752	512	2	80 40 0 
202752	0	2	90 42 7f 
203264	512	2	80 42 0 
203264	0	2	90 3b 7f 
203776	512	2	80 3b 0 
203776	0	2	80 47 0 
203776	0	2	90 40 7f 
203776	0	2	90 39 7f 
203776	0	2	90 30 7f 
204288	512	2	90 48 7f 
204800	512	2	80 40 0 
204800	0	2	80 39 0 
204800	0	2	80 30 0 
204800	0	2	80 48 0 
204800	0	2	90 4c 7f 
205312	512	2	80 4c 0 
205312	0	2	90 47 7f 
205824	512	2	80 47 0 
205824	0	2	90 4a 7f 
206336	512	2	80 4a 0 
206336	0	2	90 45 7f 
206848	512	2	80 45 0 
206848	0	2	90 48 7f 
207360	512	2	80 48 0 
207360	0	2	90 43 7f 
207872	512	2	80 43 0 
207872	0	2	90 34 7f 
207872	0	2	90 47 7f 
207872	0	2	90 42 7f 
208384	512	2	80 34 0 
208384	0	2	90 3b 7f 
208896	512	2	80 3b 0 
208896	0	2	90 3c 7f 
209408	512	2	80 3c 0 
209408	0	2	80 47 0 
209408	0	2	80 42 0 
209408	0	2	90 3b 7f 
209408	0	2	90 47 7f 
209408	0	2	90 40 7f 
209920	512	2	80 3b 0 
209920	0	2	90 39 7f 
210432	512	2	80 39 0 
210432	0	2	90 3b 7f 
210944	512	2	80 3b 0 
210944	0	2	90 37 7f 
211456	512	2	80 37 0 
211456	0	2	90 3b 7f 
211968	512	2	80 3b 0 
211968	0	2	80 47 0 
211968	0	2	80 40 0 
211968	0	2	90 28 7f 
212480	512	2	90 2f 7f 
212992	512	2	80 2f 0 
212992	0	2	90 30 7f 
213504	512	2	80 30 0 
213504	0	2	90 34 7f 
214016	512	2	80 34 0 
214016	0	2	90 37 7f 
214528	512	2	80 37 0 
214528	0	2	90 3b 7f 
215040	512	2	80 3b 0 
215040	0	2	90 39 7f 
215552	512	2	80 39 0 
215552	0	2	90 37 7f 
216064	512	2	80 28 0 
216064	0	2	80 37 0 
216064	0	2	90 2e 7f 
216576	512	2	90 37 7f 
217088	512	2	80 37 0 
217088	0	2	90 3d 7f 
217600	512	2	80 3d 0 
217600	0	2	90 40 7f 
218112	512	2	80 2e 0 
218112	0	2	80 40 0 
218112	0	2	90 43 7f 
218624	512	2	80 43 0 
218624	0	2	90 4a 7f 
219136	512	2	80 4a 0 
219136	0	2	90 49 7f 
219648	512	2	80 49 0 
219648	0	2	90 43 7f 
220160	512	2	80 43 0 
220160	0	2	90 40 7f 
220160	0	2	90 39 7f 
220160	0	2	90 30 7f 
220672	512	2	90 45 7f 
221184	512	2	80 40 0 
221184	0	2	80 39 0 
221184	0	2	80 30 0 
221184	0	2	80 45 0 
221184	0	2	90 48 7f 
221696	512	2	80 48 0 
221696	0	2	90 43 7f 
222208	512	2	80 43 0 
222208	0	2	90 3f 7f 
222208	0	2	90 39 7f 
222208	0	2	90 2f 7f 
222208	0	2	90 47 7f 
222720	512	2	80 47 0 
222720	0	2	90 42 7f 
223232	512	2	80 42 0 
223232	0	2	90 45 7f 
223744	512	2	80 3f 0 
223744	0	2	80 39 0 
223744	0	2	80 2f 0 
223744	0	2	80 45 0 
223744	0	2	90 3b 7f 
224256	512	2	80 3b 0 
224256	0	2	90 28 7f 
224256	0	2	90 3b 7f 
224256	0	2	90 42 7f 
224768	512	2	90 2f 7f 
225280	512	2	80 2f 0 
225280	0	2	90 37 7f 
225792	512	2	80 28 0 
225792	0	2	90 30 7f 
226304	512	2	80 37 0 
226304	0	2	80 42 0 
226304	0	2	90 36 7f 
226560	256	2	80 36 0 
226560	0	2	90 37 7f 
226816	256	2	80 37 0 
226816	0	2	90 39 7f 
227328	512	2	80 30 0 
227328	0	2	80 39 0 
227328	0	2	90 37 7f 
227328	0	2	90 2f 7f 
227840	512	2	80 37 0 
227840	0	2	90 34 7f 
228352	512	2	80 34 0 
228352	0	2	80 2f 0 
228352	0	2	80 3b 0 
228352	0	2	90 28 7f 
228352	0	2	90 40 7f 
228352	0	2	90 3b 7f 
228864	512	2	90 2f 7f 
229376	512	2	80 2f 0 
229376	0	2	90 37 7f 
229888	512	2	80 28 0 
229888	0	2	90 30 7f 
230400	512	2	80 37 0 
230400	0	2	90 36 7f 
230656	256	2	80 36 0 
230656	0	2	90 37 7f 
230912	256	2	80 37 0 
230912	0	2	90 39 7f 
231424	512	2	80 30 0 
231424	0	2	80 39 0 
231424	0	2	90 37 7f 
231424	0	2	90 2f 7f 
231936	512	2	80 37 0 
231936	0	2	90 34 7f 
232448	512	2	80 34 0 
232448	0	2	80 2f 0 
232448	0	2	80 40 0 
232448	0	2	80 3b 0 
232448	0	2	90 28 7f 
232704	256	2	90 2f 7f 
232960	256	2	80 2f 0 
232960	0	2	90 30 7f 
233216	256	2	80 30 0 
233216	0	2	90 34 7f 
233472	256	2	80 34 0 
233472	0	2	90 36 7f 
233728	256	2	80 36 0 
233728	0	2	90 37 7f 
233984	256	2	80 37 0 
233984	0	2	90 39 7f 
234240	256	2	80 39 0 
234240	0	2	90 3b 7f 
234496	256	2	80 28 0 
234496	0	2	80 3b 0 
234496	0	2	90 34 7f 
234752	256	2	90 3b 7f 
235008	256	2	80 3b 0 
235008	0	2	90 3c 7f 
235264	256	2	80 3c 0 
235264	0	2	90 40 7f 
235520	256	2	80 40 0 
235520	0	2	80 34 0 
235520	0	2	90 42 7f 
235776	256	2	80 42 0 
235776	0	2	90 43 7f 
236032	256	2	80 43 0 
236032	0	2	90 45 7f 
236288	256	2	80 45 0 
236288	0	2	90 47 7f 
236544	256	2	80 47 0 
236544	0	2	90 47 7f 
236544	0	2	90 41 7f 
236544	0	2	90 38 7f 
236544	0	2	90 4c 7f 
238080	1536	2	80 4c 0 
238080	0	2	90 4d 7f 
238592	512	2	80 47 0 
238592	0	2	80 41 0 
238592	0	2	80 38 0 
238592	0	2	80 4d 0 
238592	0	2	90 44 7f 
238592	0	2	90 3e 7f 
238592	0	2	90 28 7f 
238592	0	2	90 4c 7f 
239104	512	2	80 4c 0 
239104	0	2	90 4d 7f 
239616	512	2	80 4d 0 
239616	0	2	90 4c 7f 
240128	512	2	80 4c 0 
240128	0	2	90 4d 7f 
240640	512	2	80 44 0 
240640	0	2	80 3e 0 
240640	0	2	80 28 0 
240640	0	2	80 4d 0 
240640	0	2	90 2d 7f 
240640	0	2	90 4c 7f 
241152	512	2	80 2d 0 
241152	0	2	90 34 7f 
241664	512	2	80 34 0 
241664	0	2	90 3c 7f 
242176	512	2	90 35 7f 
242688	512	2	80 3c 0 
242688	0	2	80 4c 0 
242688	0	2	90 3b 7f 
242944	256	2	80 3b 0 
242944	0	2	90 3c 7f 
243200	256	2	80 3c 0 
243200	0	2	90 3e 7f 
243712	512	2	80 35 0 
243712	0	2	80 3e 0 
243712	0	2	90 34 7f 
243712	0	2	90 3c 7f 
244224	512	2	80 3c 0 
244224	0	2	90 39 7f 
244736	512	2	80 34 0 
244736	0	2	80 39 0 
244736	0	2	90 43 7f 
244736	0	2	90 40 7f 
244736	0	2	90 2d 7f 
244736	0	2	90 4a 7f 
246272	1536	2	80 4a 0 
246272	0	2	90 4c 7f 
246784	512	2	80 43 0 
246784	0	2	80 40 0 
246784	0	2	80 2d 0 
246784	0	2	80 4c 0 
246784	0	2	90 42 7f 
246784	0	2	90 3c 7f 
246784	0	2	90 32 7f 
246784	0	2	90 4a 7f 
247296	512	2	80 4a 0 
247296	0	2	90 4c 7f 
247808	512	2	80 4c 0 
247808	0	2	90 4a 7f 
248320	512	2	80 4a 0 
248320	0	2	90 4c 7f 
248832	512	2	80 42 0 
248832	0	2	80 3c 0 
248832	0	2	80 32 0 
248832	0	2	80 4c 0 
248832	0	2	90 28 7f 
248832	0	2	90 4a 7f 
248832	0	2	90 43 7f 
249344	512	2	90 36 7f 
249856	512	2	80 36 0 
249856	0	2	90 3b 7f 
250368	512	2	80 3b 0 
250368	0	2	90 36 7f 
250880	512	2	80 28 0 
250880	0	2	80 36 0 
250880	0	2	80 4a 0 
250880	0	2	80 43 0 
250880	0	2	90 2f 7f 
251392	512	2	90 39 7f 
251904	512	2	80 39 0 
251904	0	2	90 3f 7f 
252416	512	2	80 3f 0 
252416	0	2	90 3b 7f 
252928	512	2	80 2f 0 
252928	0	2	80 3b 0 
252928	0	2	90 43 7f 
252928	0	2	90 34 7f 
253440	512	2	90 47 7f 
254464	1024	2	80 47 0 
254464	0	2	90 48 7f 
254976	512	2	80 43 0 
254976	0	2	80 34 0 
254976	0	2	80 48 0 
254976	0	2	90 42 7f 
254976	0	2	90 33 7f 
254976	0	2	90 47 7f 
255488	512	2	80 47 0 
255488	0	2	90 48 7f 
256000	512	2	80 48 0 
256000	0	2	90 47 7f 
256512	512	2	80 47 0 
256512	0	2	90 48 7f 
257024	512	2	80 42 0 
257024	0	2	80 33 0 
257024	0	2	80 48 0 
257024	0	2	90 41 7f 
257024	0	2	90 32 7f 
257024	0	2	90 47 7f 
258560	1536	2	80 47 0 
258560	0	2	90 48 7f 
259072	512	2	80 41 0 
259072	0	2	80 32 0 
259072	0	2	80 48 0 
259072	0	2	90 40 7f 
259072	0	2	90 31 7f 
259072	0	2	90 45 7f 
259584	512	2	80 45 0 
259584	0	2	90 47 7f 
260096	512	2	80 47 0 
260096	0	2	90 45 7f 
260608	512	2	80 45 0 
260608	0	2	90 47 7f 
261120	512	2	80 40 0 
261120	0	2	80 31 0 
261120	0	2	80 47 0 
261120	0	2	90 3f 7f 
261120	0	2	90 30 7f 
261120	0	2	90 45 7f 
262656	1536	2	80 45 0 
262656	0	2	90 47 7f 
263168	512	2	80 3f 0 
263168	0	2	80 30 0 
263168	0	2	80 47 0 
263168	0	2	90 3e 7f 
263168	0	2	90 2f 7f 
263168	0	2	90 43 7f 
263680	512	2	80 43 0 
263680	0	2	90 45 7f 
264192	512	2	80 45 0 
264192	0	2	90 43 7f 
264704	512	2	80 43 0 
264704	0	2	90 45 7f 
265216	512	2	80 3e 0 
265216	0	2	80 2f 0 
265216	0	2	80 45 0 
265216	0	2	90 3d 7f 
265216	0	2	90 2e 7f 
265216	0	2	90 43 7f 
266752	1536	2	80 43 0 
266752	0	2	90 45 7f 
267264	512	2	80 3d 0 
267264	0	2	80 2e 0 
267264	0	2	80 45 0 
267264	0	2	90 3c 7f 
267264	0	2	90 2d 7f 
267264	0	2	90 42 7f 
268800	1536	2	80 42 0 
268800	0	2	90 43 7f 
269312	512	0	ff 58 4 5 2 18 8 
269312	0	2	80 3c 0 
269312	0	2	80 2d 0 
269312	0	2	80 43 0 
269312	0	2	90 2b 7f 
269312	0	2	90 3b 7f 
269312	0	2	90 40 7f 
272384	3072	2	80 3b 0 
272384	0	2	90 3e 7f 
272640	256	2	80 3e 0 
272640	0	2	90 3c 7f 
272896	256	2	80 3c 0 
272896	0	2	90 3b 7f 
273152	256	2	80 2b 0 
273152	0	2	80 3b 0 
273152	0	2	80 40 0 
273152	0	2	90 2a 7f 
273152	0	2	90 39 7f 
273152	0	2	90 40 7f 
274432	1280	0	ff 58 4 4 2 18 8 
277504	3072	2	80 2a 0 
277504	0	2	80 39 0 
277504	0	2	80 40 0 
278528	1024	2	90 28 7f 
279040	512	2	90 2f 7f 
279552	512	2	80 2f 0 
279552	0	2	90 37 7f 
280064	512	2	80 37 0 
280064	0	2	90 3b 7f 
280576	512	2	80 3b 0 
280576	0	2	90 3c 7f 
281088	512	2	80 3c 0 
281088	0	2	90 43 7f 
281088	0	2	90 3d 7f 
281600	512	2	90 3b 7f 
282112	512	2	80 3b 0 
282112	0	2	90 3c 7f 
282624	512	0	ff 58 4 3 2 18 8 
282624	0	2	80 28 0 
282624	0	2	80 3c 0 
282624	0	2	80 43 0 
282624	0	2	80 3d 0 
282624	0	2	90 42 7f 
282624	0	2	90 3d 7f 
283136	512	2	90 3b 7f 
283648	512	2	80 3b 0 
283648	0	2	90 3c 7f 
284160	512	2	80 3c 0 
284160	0	2	80 42 0 
284160	0	2	80 3d 0 
284160	0	2	90 43 7f 
284160	0	2	90 3d 7f 
284672	512	2	90 47 7f 
285184	512	2	80 47 0 
285184	0	2	90 48 7f 
285696	512	0	ff 58 4 4 2 18 8 
285696	0	2	80 48 0 
285696	0	2	80 43 0 
285696	0	2	80 3d 0 
285696	0	2	90 28 7f 
286208	512	2	90 2f 7f 
286720	512	2	80 2f 0 
286720	0	2	90 37 7f 
287232	512	2	80 37 0 
287232	0	2	90 3b 7f 
287744	512	2	80 3b 0 
287744	0	2	90 3c 7f 
288256	512	2	80 3c 0 
288256	0	2	90 43 7f 
288256	0	2	90 3d 7f 
288768	512	2	90 3b 7f 
289280	512	2	80 3b 0 
289280	0	2	90 3c 7f 
289792	512	0	ff 58 4 3 2 18 8 
289792	0	2	80 28 0 
289792	0	2	80 3c 0 
289792	0	2	80 43 0 
289792	0	2	80 3d 0 
289792	0	2	90 42 7f 
289792	0	2	90 3d 7f 
290304	512	2	90 3b 7f 
290816	512	2	80 3b 0 
290816	0	2	90 3c 7f 
291328	512	2	80 3c 0 
291328	0	2	80 42 0 
291328	0	2	80 3d 0 
291328	0	2	90 43 7f 
291328	0	2	90 3d 7f 
291840	512	2	90 47 7f 
292352	512	2	80 47 0 
292352	0	2	90 48 7f 
292864	512	0	ff 58 4 4 2 18 8 
292864	0	2	80 48 0 
292864	0	2	80 43 0 
292864	0	2	80 3d 0 
292864	0	2	90 28 7f 
293376	512	2	90 2f 7f 
293888	512	2	80 2f 0 
293888	0	2	90 36 7f 
294400	512	2	80 36 0 
294400	0	2	90 3b 7f 
294912	512	2	80 3b 0 
294912	0	2	90 3c 7f 
295424	512	2	80 3c 0 
295424	0	2	90 47 7f 
295424	0	2	90 3f 7f 
295936	512	2	90 3b 7f 
296448	512	2	80 3b 0 
296448	0	2	90 3c 7f 
296960	512	0	ff 58 4 3 2 18 8 
296960	0	2	80 28 0 
296960	0	2	80 3c 0 
296960	0	2	80 47 0 
296960	0	2	80 3f 0 
296960	0	2	90 45 7f 
296960	0	2	90 3f 7f 
297472	512	2	90 3b 7f 
297984	512	2	80 3b 0 
297984	0	2	90 3c 7f 
298496	512	2	80 3c 0 
298496	0	2	80 45 0 
298496	0	2	80 3f 0 
298496	0	2	90 43 7f 
298496	0	2	90 3f 7f 
299008	512	2	90 47 7f 
299520	512	2	80 47 0 
299520	0	2	90 48 7f 
300032	512	0	ff 58 4 4 2 18 8 
300032	0	2	80 48 0 
300032	0	2	80 43 0 
300032	0	2	80 3f 0 
300032	0	2	90 28 7f 
300544	512	2	90 2f 7f 
301056	512	2	80 2f 0 
301056	0	2	90 36 7f 
301568	512	2	80 36 0 
301568	0	2	90 3b 7f 
302080	512	2	80 3b 0 
302080	0	2	90 3c 7f 
302592	512	2	80 3c 0 
302592	0	2	90 47 7f 
302592	0	2	90 3f 7f 
303104	512	2	90 3b 7f 
303616	512	2	80 3b 0 
303616	0	2	90 3c 7f 
304128	512	0	ff 58 4 3 2 18 8 
304128	0	2	80 28 0 
304128	0	2	80 3c 0 
304128	0	2	80 47 0 
304128	0	2	80 3f 0 
304128	0	2	90 45 7f 
304128	0	2	90 3f 7f 
304640	512	2	90 3b 7f 
305152	512	2	80 3b 0 
305152	0	2	90 3c 7f 
305664	512	2	80 3c 0 
305664	0	2	80 45 0 
305664	0	2	80 3f 0 
305664	0	2	90 43 7f 
305664	0	2	90 3f 7f 
306176	512	2	90 47 7f 
306688	512	2	80 47 0 
306688	0	2	90 48 7f 
307200	512	0	ff 58 4 4 2 18 8 
307200	0	2	80 48 0 
307200	0	2	80 43 0 
307200	0	2	80 3f 0 
307200	0	2	90 28 7f 
307712	512	2	90 2f 7f 
308224	512	2	80 2f 0 
308224	0	2	90 37 7f 
308736	512	2	80 37 0 
308736	0	2	90 3b 7f 
309248	512	2	80 3b 0 
309248	0	2	90 3c 7f 
309760	512	2	80 3c 0 
309760	0	2	90 43 7f 
309760	0	2	90 3d 7f 
310272	512	2	90 3b 7f 
310784	512	2	80 3b 0 
310784	0	2	90 3c 7f 
311296	512	0	ff 58 4 3 2 18 8 
311296	0	2	80 28 0 
311296	0	2	80 3c 0 
311296	0	2	80 43 0 
311296	0	2	80 3d 0 
311296	0	2	90 42 7f 
311296	0	2	90 3d 7f 
311808	512	2	90 3b 7f 
312320	512	2	80 3b 0 
312320	0	2	90 3c 7f 
312832	512	2	80 3c 0 
312832	0	2	80 42 0 
312832	0	2	80 3d 0 
312832	0	2	90 43 7f 
312832	0	2	90 3d 7f 
313344	512	2	90 47 7f 
313856	512	2	80 47 0 
313856	0	2	90 48 7f 
314368	512	0	ff 58 4 4 2 18 8 
314368	0	2	80 48 0 
314368	0	2	80 43 0 
314368	0	2	80 3d 0 
314368	0	2	90 28 7f 
314880	512	2	90 2f 7f 
315392	512	2	80 2f 0 
315392	0	2	90 37 7f 
315904	512	2	80 37 0 
315904	0	2	90 3b 7f 
316416	512	2	80 3b 0 
316416	0	2	90 3c 7f 
316928	512	2	80 3c 0 
316928	0	2	90 43 7f 
316928	0	2	90 3d 7f 
317440	512	2	90 3b 7f 
317952	512	2	80 3b 0 
317952	0	2	90 3c 7f 
318464	512	0	ff 58 4 3 2 18 8 
318464	0	2	80 28 0 
318464	0	2	80 3c 0 
318464	0	2	80 43 0 
318464	0	2	80 3d 0 
318464	0	2	90 42 7f 
318464	0	2	90 3d 7f 
318976	512	2	90 3b 7f 
319488	512	2	80 3b 0 
319488	0	2	90 3c 7f 
320000	512	2	80 3c 0 
320000	0	2	80 42 0 
320000	0	2	80 3d 0 
320000	0	2	90 43 7f 
320000	0	2	90 3d 7f 
320512	512	2	90 47 7f 
321024	512	2	80 47 0 
321024	0	2	90 48 7f 
321536	512	0	ff 58 4 4 2 18 8 
321536	0	2	80 48 0 
321536	0	2	80 43 0 
321536	0	2	80 3d 0 
321536	0	2	90 28 7f 
322048	512	2	90 2f 7f 
322560	512	2	80 2f 0 
322560	0	2	90 38 7f 
323072	512	2	80 38 0 
323072	0	2	90 3b 7f 
323584	512	2	80 3b 0 
323584	0	2	90 3e 7f 
324096	512	2	80 3e 0 
324096	0	2	90 47 7f 
324096	0	2	90 41 7f 
324608	512	2	90 3b 7f 
325120	512	2	80 3b 0 
325120	0	2	90 3e 7f 
325632	512	0	ff 58 4 3 2 18 8 
325632	0	2	80 28 0 
325632	0	2	80 3e 0 
325632	0	2	80 47 0 
325632	0	2	80 41 0 
325632	0	2	90 45 7f 
325632	0	2	90 41 7f 
326144	512	2	90 3b 7f 
326656	512	2	80 3b 0 
326656	0	2	90 3e 7f 
327168	512	2	80 3e 0 
327168	0	2	80 45 0 
327168	0	2	80 41 0 
327168	0	2	90 44 7f 
327168	0	2	90 41 7f 
327680	512	2	90 47 7f 
328192	512	2	80 47 0 
328192	0	2	90 4a 7f 
328704	512	0	ff 58 4 4 2 18 8 
328704	0	2	80 4a 0 
328704	0	2	80 44 0 
328704	0	2	80 41 0 
328704	0	2	90 2c 7f 
329216	512	2	80 2c 0 
329216	0	2	90 35 7f 
329728	512	2	80 35 0 
329728	0	2	90 3b 7f 
330240	512	2	80 3b 0 
330240	0	2	90 3e 7f 
330752	512	2	80 3e 0 
330752	0	2	90 41 7f 
331264	512	2	80 41 0 
331264	0	2	90 48 7f 
331264	0	2	90 40 7f 
331776	512	2	90 3e 7f 
332288	512	2	80 3e 0 
332288	0	2	90 41 7f 
332800	512	0	ff 58 4 3 2 18 8 
332800	0	2	80 41 0 
332800	0	2	80 48 0 
332800	0	2	80 40 0 
332800	0	2	90 47 7f 
332800	0	2	90 40 7f 
333312	512	2	90 3e 7f 
333824	512	2	80 3e 0 
333824	0	2	90 41 7f 
334336	512	2	80 41 0 
334336	0	2	80 47 0 
334336	0	2	80 40 0 
334336	0	2	90 45 7f 
334336	0	2	90 40 7f 
334848	512	2	90 4a 7f 
335360	512	2	80 4a 0 
335360	0	2	90 50 7f 
335872	512	0	ff 58 4 4 2 18 8 
335872	0	2	80 50 0 
335872	0	2	80 45 0 
335872	0	2	80 40 0 
335872	0	2	90 2d 7f 
336384	512	2	90 34 7f 
336896	512	2	80 34 0 
336896	0	2	90 3b 7f 
337408	512	2	80 3b 0 
337408	0	2	90 40 7f 
337920	512	2	80 40 0 
337920	0	2	90 47 7f 
338432	512	2	80 47 0 
338432	0	2	90 41 7f 
338432	0	2	90 48 7f 
338944	512	2	80 41 0 
338944	0	2	90 40 7f 
339456	512	2	80 40 0 
339456	0	2	90 45 7f 
339968	512	0	ff 58 4 3 2 18 8 
339968	0	2	80 2d 0 
339968	0	2	80 45 0 
339968	0	2	80 48 0 
339968	0	2	90 41 7f 
339968	0	2	90 48 7f 
340480	512	2	80 41 0 
340480	0	2	90 40 7f 
340992	512	2	80 40 0 
340992	0	2	90 47 7f 
341504	512	2	80 47 0 
341504	0	2	80 48 0 
341504	0	2	90 41 7f 
341504	0	2	90 48 7f 
342016	512	2	80 41 0 
342016	0	2	90 4c 7f 
342528	512	2	80 4c 0 
342528	0	2	90 53 7f 
343040	512	0	ff 58 4 4 2 18 8 
343040	0	2	80 53 0 
343040	0	2	80 48 0 
343040	0	2	90 2b 7f 
343552	512	2	80 2b 0 
343552	0	2	90 34 7f 
344064	512	2	80 34 0 
344064	0	2	90 3b 7f 
344576	512	2	80 3b 0 
344576	0	2	90 40 7f 
345088	512	2	80 40 0 
345088	0	2	90 47 7f 
345600	512	2	80 47 0 
345600	0	2	90 41 7f 
345600	0	2	90 48 7f 
346112	512	2	80 41 0 
346112	0	2	90 40 7f 
346624	512	2	80 40 0 
346624	0	2	90 45 7f 
347136	512	0	ff 58 4 3 2 18 8 
347136	0	2	80 45 0 
347136	0	2	80 48 0 
347136	0	2	90 41 7f 
347136	0	2	90 48 7f 
347648	512	2	80 41 0 
347648	0	2	90 40 7f 
348160	512	2	80 40 0 
348160	0	2	90 47 7f 
348672	512	2	80 47 0 
348672	0	2	80 48 0 
348672	0	2	90 41 7f 
348672	0	2	90 48 7f 
349184	512	2	80 41 0 
349184	0	2	90 4c 7f 
349696	512	2	80 4c 0 
349696	0	2	90 53 7f 
350208	512	0	ff 58 4 4 2 18 8 
350208	0	2	80 53 0 
350208	0	2	80 48 0 
350208	0	2	90 2a 7f 
350720	512	2	80 2a 0 
350720	0	2	90 34 7f 
351232	512	2	80 34 0 
351232	0	2	90 3b 7f 
351744	512	2	80 3b 0 
351744	0	2	90 40 7f 
352256	512	2	80 40 0 
352256	0	2	90 47 7f 
352768	512	2	80 47 0 
352768	0	2	90 41 7f 
352768	0	2	90 48 7f 
353280	512	2	80 41 0 
353280	0	2	90 40 7f 
353792	512	2	80 40 0 
353792	0	2	90 45 7f 
354304	512	0	ff 58 4 3 2 18 8 
354304	0	2	80 45 0 
354304	0	2	80 48 0 
354304	0	2	90 41 7f 
354304	0	2	90 48 7f 
354816	512	2	80 41 0 
354816	0	2	90 40 7f 
355328	512	2	80 40 0 
355328	0	2	90 47 7f 
355840	512	2	80 47 0 
355840	0	2	80 48 0 
355840	0	2	90 41 7f 
355840	0	2	90 48 7f 
356352	512	2	80 41 0 
356352	0	2	90 4c 7f 
356864	512	2	80 4c 0 
356864	0	2	90 53 7f 
357376	512	0	ff 58 4 4 2 18 8 
357376	0	2	80 53 0 
357376	0	2	80 48 0 
357376	0	2	90 2e 7f 
357888	512	2	80 2e 0 
357888	0	2	90 37 7f 
358400	512	2	80 37 0 
358400	0	2	90 3d 7f 
358912	512	2	80 3d 0 
358912	0	2	90 40 7f 
359424	512	2	80 40 0 
359424	0	2	90 43 7f 
359936	512	2	80 43 0 
359936	0	2	90 42 7f 
359936	0	2	90 4a 7f 
360448	512	2	80 42 0 
360448	0	2	90 40 7f 
360960	512	2	80 40 0 
360960	0	2	90 42 7f 
361472	512	0	ff 58 4 3 2 18 8 
361472	0	2	80 42 0 
361472	0	2	80 4a 0 
361472	0	2	90 42 7f 
361472	0	2	90 49 7f 
361984	512	2	80 42 0 
361984	0	2	90 40 7f 
362496	512	2	80 40 0 
362496	0	2	90 43 7f 
363008	512	2	80 43 0 
363008	0	2	80 49 0 
363008	0	2	90 42 7f 
363008	0	2	90 4a 7f 
363520	512	2	80 42 0 
363520	0	2	80 4a 0 
363520	0	2	90 38 7f 
363776	256	2	80 38 0 
363776	0	2	90 37 7f 
364032	256	2	80 37 0 
364032	0	2	90 36 7f 
364288	256	2	80 36 0 
364288	0	2	90 35 7f 
364544	256	0	ff 58 4 4 2 18 8 
364544	0	2	80 35 0 
364544	0	2	90 34 7f 
365056	512	2	80 34 0 
365056	0	2	90 3a 7f 
365568	512	2	80 3a 0 
365568	0	2	90 3d 7f 
366080	512	2	80 3d 0 
366080	0	2	90 40 7f 
366592	512	2	80 40 0 
366592	0	2	90 43 7f 
367104	512	2	80 43 0 
367104	0	2	90 42 7f 
367104	0	2	90 4a 7f 
367616	512	2	80 42 0 
367616	0	2	90 40 7f 
368128	512	2	80 40 0 
368128	0	2	90 43 7f 
368640	512	0	ff 58 4 3 2 18 8 
368640	0	2	80 43 0 
368640	0	2	80 4a 0 
368640	0	2	90 42 7f 
368640	0	2	90 49 7f 
369152	512	2	80 42 0 
369152	0	2	90 40 7f 
369664	512	2	80 40 0 
369664	0	2	90 43 7f 
370176	512	2	80 43 0 
370176	0	2	80 49 0 
370176	0	2	90 42 7f 
370176	0	2	90 4a 7f 
370688	512	2	80 42 0 
370688	0	2	80 4a 0 
370688	0	2	90 38 7f 
370944	256	2	80 38 0 
370944	0	2	90 37 7f 
371200	256	2	80 37 0 
371200	0	2	90 36 7f 
371456	256	2	80 36 0 
371456	0	2	90 35 7f 
371712	256	0	ff 58 4 6 3 24 8 
371712	0	2	80 35 0 
371712	0	2	90 28 7f 
372224	512	2	90 45 7f 
372224	0	2	90 42 7f 
372224	0	2	90 3e 7f 
373248	1024	2	80 28 0 
373248	0	2	80 45 0 
373248	0	2	80 42 0 
373248	0	2	80 3e 0 
373248	0	2	90 28 7f 
373760	512	2	90 4a 7f 
373760	0	2	90 45 7f 
373760	0	2	90 42 7f 
374272	512	2	80 4a 0 
374272	0	2	80 45 0 
374272	0	2	80 42 0 
374272	0	2	90 49 7f 
374272	0	2	90 44 7f 
374272	0	2	90 41 7f 
374784	512	2	80 28 0 
374784	0	2	80 49 0 
374784	0	2	80 44 0 
374784	0	2	80 41 0 
374784	0	2	90 28 7f 
375296	512	2	90 48 7f 
375296	0	2	90 43 7f 
375296	0	2	90 40 7f 
376320	1024	2	80 28 0 
376320	0	2	80 48 0 
376320	0	2	80 43 0 
376320	0	2	80 40 0 
376320	0	2	90 28 7f 
376832	512	2	90 47 7f 
376832	0	2	90 42 7f 
376832	0	2	90 3f 7f 
377344	512	2	80 47 0 
377344	0	2	80 42 0 
377344	0	2	80 3f 0 
377344	0	2	90 46 7f 
377344	0	2	90 41 7f 
377344	0	2	90 3e 7f 
377856	512	2	80 28 0 
377856	0	2	80 46 0 
377856	0	2	80 41 0 
377856	0	2	80 3e 0 
377856	0	2	90 28 7f 
378368	512	2	90 45 7f 
378368	0	2	90 40 7f 
378368	0	2	90 3d 7f 
379392	1024	2	80 28 0 
379392	0	2	80 45 0 
379392	0	2	80 40 0 
379392	0	2	80 3d 0 
379392	0	2	90 28 7f 
379904	512	2	90 44 7f 
379904	0	2	90 3f 7f 
379904	0	2	90 3c 7f 
380416	512	2	80 44 0 
380416	0	2	80 3f 0 
380416	0	2	80 3c 0 
380416	0	2	90 43 7f 
380416	0	2	90 3e 7f 
380416	0	2	90 3b 7f 
380928	512	2	80 28 0 
380928	0	2	80 43 0 
380928	0	2	80 3e 0 
380928	0	2	80 3b 0 
380928	0	2	90 28 7f 
381440	512	2	90 42 7f 
381440	0	2	90 3d 7f 
381440	0	2	90 3a 7f 
382464	1024	2	80 28 0 
382464	0	2	80 42 0 
382464	0	2	80 3d 0 
382464	0	2	80 3a 0 
382464	0	2	90 28 7f 
382976	512	2	90 45 7f 
382976	0	2	90 40 7f 
382976	0	2	90 3d 7f 
383488	512	2	80 45 0 
383488	0	2	80 40 0 
383488	0	2	80 3d 0 
383488	0	2	90 42 7f 
383488	0	2	90 3d 7f 
383488	0	2	90 3a 7f 
384000	512	2	80 28 0 
384000	0	2	80 42 0 
384000	0	2	80 3d 0 
384000	0	2	80 3a 0 
384000	0	2	90 28 7f 
384512	512	2	90 42 7f 
384512	0	2	90 3d 7f 
384512	0	2	90 3a 7f 
385536	1024	2	80 28 0 
385536	0	2	80 42 0 
385536	0	2	80 3d 0 
385536	0	2	80 3a 0 
385536	0	2	90 28 7f 
386048	512	2	90 45 7f 
386048	0	2	90 40 7f 
386048	0	2	90 3d 7f 
386560	512	2	80 45 0 
386560	0	2	80 40 0 
386560	0	2	80 3d 0 
386560	0	2	90 42 7f 
386560	0	2	90 3d 7f 
386560	0	2	90 3a 7f 
387072	512	2	80 28 0 
387072	0	2	80 42 0 
387072	0	2	80 3d 0 
387072	0	2	80 3a 0 
387072	0	2	90 28 7f 
387584	512	2	90 42 7f 
387584	0	2	90 3d 7f 
387584	0	2	90 3a 7f 
388608	1024	2	80 28 0 
388608	0	2	80 42 0 
388608	0	2	80 3d 0 
388608	0	2	80 3a 0 
388608	0	2	90 28 7f 
389120	512	2	90 45 7f 
389120	0	2	90 40 7f 
389120	0	2	90 3d 7f 
389632	512	2	80 45 0 
389632	0	2	80 40 0 
389632	0	2	80 3d 0 
389632	0	2	90 42 7f 
389632	0	2	90 3d 7f 
389632	0	2	90 3a 7f 
390144	512	0	ff 58 4 4 2 18 8 
390144	0	2	80 28 0 
390144	0	2	80 42 0 
390144	0	2	80 3d 0 
390144	0	2	80 3a 0 
390144	0	2	90 28 7f 
390656	512	2	90 2f 7f 
391168	512	2	80 2f 0 
391168	0	2	90 37 7f 
391680	512	2	80 28 0 
391680	0	2	90 30 7f 
392192	512	2	80 37 0 
392192	0	2	90 36 7f 
392448	256	2	80 36 0 
392448	0	2	90 37 7f 
392704	256	2	80 37 0 
392704	0	2	90 39 7f 
393216	512	2	80 30 0 
393216	0	2	80 39 0 
393216	0	2	90 37 7f 
393216	0	2	90 2f 7f 
393728	512	2	80 37 0 
393728	0	2	90 34 7f 
394240	512	2	80 34 0 
394240	0	2	80 2f 0 
394240	0	2	90 28 7f 
394240	0	2	90 37 7f 
394752	512	2	80 37 0 
394752	0	2	90 3b 7f 
395264	512	2	80 28 0 
395264	0	2	80 3b 0 
395264	0	2	90 2b 7f 
395264	0	2	90 40 7f 
395776	512	2	80 2b 0 
395776	0	2	80 40 0 
395776	0	2	90 2a 7f 
395776	0	2	90 3f 7f 
396288	512	2	80 3f 0 
396288	0	2	90 3a 7f 
396800	512	2	80 3a 0 
396800	0	2	90 36 7f 
397312	512	2	80 2a 0 
397312	0	2	80 36 0 
397312	0	2	90 29 7f 
397312	0	2	90 35 7f 
397824	512	2	80 35 0 
397824	0	2	90 39 7f 
398336	512	0	ff 58 4 3 2 18 8 
398336	0	2	80 39 0 
398336	0	2	90 3e 7f 
398848	512	2	80 29 0 
398848	0	2	80 3e 0 
398848	0	2	90 28 7f 
398848	0	2	90 3d 7f 
399360	512	2	80 3d 0 
399360	0	2	90 38 7f 
399872	512	2	80 38 0 
399872	0	2	90 34 7f 
400384	512	2	80 28 0 
400384	0	2	80 34 0 
400384	0	2	90 31 7f 
400896	512	2	80 31 0 
400896	0	2	90 33 7f 
401408	512	0	ff 58 4 4 2 18 8 
401408	0	2	80 33 0 
401408	0	2	90 34 7f 
401920	512	2	90 3b 7f 
402432	512	2	80 3b 0 
402432	0	2	90 43 7f 
402944	512	2	80 34 0 
402944	0	2	90 3c 7f 
403456	512	2	80 43 0 
403456	0	2	90 42 7f 
403712	256	2	80 42 0 
403712	0	2	90 43 7f 
403968	256	2	80 43 0 
403968	0	2	90 45 7f 
404480	512	2	80 3c 0 
404480	0	2	80 45 0 
404480	0	2	90 3b 7f 
404480	0	2	90 43 7f 
404992	512	2	80 43 0 
404992	0	2	90 40 7f 
405504	512	2	80 3b 0 
405504	0	2	80 40 0 
405504	0	2	90 34 7f 
405504	0	2	90 43 7f 
406016	512	2	80 43 0 
406016	0	2	90 47 7f 
406528	512	2	80 34 0 
406528	0	2	80 47 0 
406528	0	2	90 37 7f 
406528	0	2	90 4c 7f 
407040	512	2	80 37 0 
407040	0	2	80 4c 0 
407040	0	2	90 36 7f 
407040	0	2	90 4b 7f 
407552	512	2	80 4b 0 
407552	0	2	90 46 7f 
408064	512	2	80 46 0 
408064	0	2	90 42 7f 
408576	512	2	80 36 0 
408576	0	2	80 42 0 
408576	0	2	90 35 7f 
408576	0	2	90 41 7f 
409088	512	2	80 41 0 
409088	0	2	90 45 7f 
409600	512	0	ff 58 4 3 2 18 8 
409600	0	2	80 45 0 
409600	0	2	90 4a 7f 
410112	512	2	80 35 0 
410112	0	2	80 4a 0 
410112	0	2	90 34 7f 
410112	0	2	90 49 7f 
410624	512	2	80 49 0 
410624	0	2	90 44 7f 
411136	512	2	80 44 0 
411136	0	2	90 40 7f 
411648	512	2	80 34 0 
411648	0	2	80 40 0 
411648	0	2	90 3d 7f 
412160	512	2	80 3d 0 
412160	0	2	90 3f 7f 
412672	512	0	ff 58 4 4 2 18 8 
412672	0	2	80 3f 0 
412672	0	2	90 34 7f 
413184	512	2	90 3b 7f 
413696	512	2	80 3b 0 
413696	0	2	90 43 7f 
414208	512	2	80 34 0 
414208	0	2	90 3c 7f 
414720	512	2	80 43 0 
414720	0	2	90 42 7f 
414976	256	2	80 42 0 
414976	0	2	90 43 7f 
415232	256	2	80 43 0 
415232	0	2	90 45 7f 
415744	512	2	80 3c 0 
415744	0	2	80 45 0 
415744	0	2	90 3b 7f 
415744	0	2	90 43 7f 
416256	512	2	80 43 0 
416256	0	2	90 40 7f 
416768	512	2	80 3b 0 
416768	0	2	80 40 0 
416768	0	2	90 40 7f 
417280	512	2	80 40 0 
417280	0	2	90 47 7f 
417792	512	2	80 47 0 
417792	0	2	90 4f 7f 
418304	512	2	80 4f 0 
418304	0	2	90 48 7f 
418816	512	2	80 48 0 
418816	0	2	90 4e 7f 
419072	256	2	80 4e 0 
419072	0	2	90 4f 7f 
419328	256	2	80 4f 0 
419328	0	2	90 51 7f 
419840	512	2	80 51 0 
419840	0	2	90 4f 7f 
420352	512	2	80 4f 0 
420352	0	2	90 4c 7f 
420672	320	2	90 28 7f 
420736	64	2	90 4f 7f 
420800	64	2	90 53 7f 
420864	64	2	80 4c 0 
420864	0	2	90 58 7f 
424960	4096	2	80 58 0 
424960	0	2	80 53 0 
424960	0	2	80 4f 0 
424960	0	2	80 28 0 
433153	8193	2	ff 2f 0 
433153	0	1	ff 2f 0 
433153	0	0	ff 2f 0 
