TPQ: 96
TRACKS: 6
0	0	0	ff 51 3 6 8a 1b 
0	0	0	ff 51 3 6 8a 1b 
0	0	0	ff 51 3 6 8a 1b 
0	0	1	ff 3 8 4d 49 44 49 20 6f 75 74 
0	0	2	ff 3 b 4d 49 44 49 20 6f 75 74 20 23 32 
0	0	3	ff 3 b 4d 49 44 49 20 6f 75 74 20 23 33 
0	0	4	ff 3 9 62 6f 6e 64 20 62 61 73 73 
0	0	5	ff 3 c 4c 75 6b 65 27 73 20 52 61 6e 6b 31 
0	0	1	b0 a 40 
0	0	1	b0 7 64 
0	0	1	e0 0 40 
0	0	1	b0 65 0 
0	0	1	b0 64 0 
0	0	1	b0 6 c 
0	0	1	b0 a 40 
0	0	1	b0 7 64 
0	0	1	e0 0 40 
0	0	1	b0 65 0 
0	0	1	b0 64 0 
0	0	1	b0 6 c 
0	0	1	b0 a 40 
0	0	1	b0 7 64 
0	0	1	e0 0 40 
0	0	2	b0 a 40 
0	0	2	b0 7 64 
0	0	2	e0 0 40 
0	0	2	b0 65 0 
0	0	2	b0 64 0 
0	0	2	b0 6 c 
0	0	2	b0 a 40 
0	0	2	b0 7 64 
0	0	2	e0 0 40 
0	0	2	b0 65 0 
0	0	2	b0 64 0 
0	0	2	b0 6 c 
0	0	2	b0 a 40 
0	0	2	b0 7 64 
0	0	2	e0 0 40 
0	0	3	b0 a 40 
0	0	3	b0 7 64 
0	0	3	e0 0 40 
0	0	3	b0 65 0 
0	0	3	b0 64 0 
0	0	3	b0 6 c 
0	0	3	b0 a 40 
0	0	3	b0 7 64 
0	0	3	e0 0 40 
0	0	3	b0 65 0 
0	0	3	b0 64 0 
0	0	3	b0 6 c 
0	0	3	b0 a 40 
0	0	3	b0 7 64 
0	0	3	e0 0 40 
0	0	3	90 3a 63 
0	0	3	90 3e 63 
0	0	1	90 4d 60 
0	0	1	90 51 60 
0	0	5	ff 2f 0 
0	0	4	ff 2f 0 
0	0	0	ff 2f 0 
46	46	1	80 4d 60 
46	0	1	80 51 60 
47	1	2	90 3a 63 
94	47	2	80 3a 63 
95	1	1	90 4d 60 
95	0	1	90 4f 60 
142	47	1	80 4d 60 
142	0	1	80 4f 60 
143	1	2	90 3a 63 
143	0	1	90 4f 60 
143	0	1	90 52 60 
190	47	2	80 3a 63 
190	0	1	80 4f 60 
190	0	1	80 52 60 
239	49	2	90 3a 63 
239	0	1	90 4f 60 
239	0	1	90 52 60 
286	47	2	80 3a 63 
286	0	1	80 4f 60 
286	0	1	80 52 60 
335	49	2	90 3a 63 
335	0	1	90 4f 60 
335	0	1	90 52 60 
382	47	3	80 3a 63 
382	0	3	80 3e 63 
382	0	2	80 3a 63 
382	0	1	80 4f 60 
382	0	1	80 52 60 
383	1	3	90 3c 63 
383	0	3	90 40 63 
383	0	1	90 4d 60 
383	0	1	90 51 60 
430	47	1	80 4d 60 
430	0	1	80 51 60 
431	1	2	90 3c 63 
478	47	2	80 3c 63 
479	1	1	90 4d 60 
479	0	1	90 4f 60 
526	47	1	80 4d 60 
526	0	1	80 4f 60 
527	1	2	90 3c 63 
527	0	1	90 4f 60 
527	0	1	90 52 60 
574	47	2	80 3c 63 
574	0	1	80 4f 60 
574	0	1	80 52 60 
623	49	2	90 3c 63 
623	0	1	90 4f 60 
623	0	1	90 52 60 
670	47	2	80 3c 63 
670	0	1	80 4f 60 
670	0	1	80 52 60 
719	49	2	90 3c 63 
719	0	1	90 4f 60 
719	0	1	90 52 60 
766	47	3	80 3c 63 
766	0	3	80 40 63 
766	0	2	80 3c 63 
766	0	1	80 4f 60 
766	0	1	80 52 60 
767	1	3	90 37 63 
767	0	3	90 3f 63 
767	0	1	90 4d 60 
767	0	1	90 51 60 
814	47	1	80 4d 60 
814	0	1	80 51 60 
815	1	2	90 37 63 
862	47	2	80 37 63 
863	1	1	90 4d 60 
863	0	1	90 51 60 
910	47	1	80 4d 60 
910	0	1	80 51 60 
911	1	2	90 37 63 
911	0	1	90 4b 60 
911	0	1	90 4f 60 
958	47	2	80 37 63 
958	0	1	80 4b 60 
958	0	1	80 4f 60 
1007	49	2	90 37 63 
1007	0	1	90 4b 60 
1007	0	1	90 4f 60 
1054	47	2	80 37 63 
1054	0	1	80 4b 60 
1054	0	1	80 4f 60 
1103	49	2	90 37 63 
1103	0	1	90 4b 60 
1103	0	1	90 4f 60 
1150	47	2	80 37 63 
1150	0	1	80 4b 60 
1150	0	1	80 4f 60 
1199	49	2	90 37 63 
1199	0	1	90 4f 60 
1199	0	1	90 4b 60 
1246	47	2	80 37 63 
1246	0	1	80 4f 60 
1246	0	1	80 4b 60 
1295	49	2	90 37 63 
1295	0	1	90 4f 60 
1295	0	1	90 4b 60 
1342	47	2	80 37 63 
1342	0	1	80 4f 60 
1342	0	1	80 4b 60 
1391	49	2	90 37 63 
1391	0	1	90 4f 60 
1391	0	1	90 4b 60 
1438	47	2	80 37 63 
1438	0	1	80 4f 60 
1438	0	1	80 4b 60 
1487	49	2	90 37 63 
1487	0	1	90 4f 60 
1487	0	1	90 4b 60 
1534	47	3	80 37 63 
1534	0	3	80 3f 63 
1534	0	2	80 37 63 
1534	0	1	80 4f 60 
1534	0	1	80 4b 60 
1535	1	3	90 43 63 
1535	0	3	90 3f 63 
1535	0	1	90 51 60 
1535	0	1	90 4d 60 
1582	47	1	80 51 60 
1582	0	1	80 4d 60 
1583	1	2	90 3f 63 
1630	47	2	80 3f 63 
1631	1	1	90 4f 60 
1631	0	1	90 4d 60 
1678	47	1	80 4f 60 
1678	0	1	80 4d 60 
1679	1	2	90 3f 63 
1679	0	1	90 52 60 
1679	0	1	90 4f 60 
1726	47	2	80 3f 63 
1726	0	1	80 52 60 
1726	0	1	80 4f 60 
1775	49	2	90 3f 63 
1775	0	1	90 52 60 
1775	0	1	90 4f 60 
1822	47	2	80 3f 63 
1822	0	1	80 52 60 
1822	0	1	80 4f 60 
1871	49	2	90 3f 63 
1871	0	1	90 52 60 
1871	0	1	90 4f 60 
1918	47	3	80 43 63 
1918	0	3	80 3f 63 
1918	0	2	80 3f 63 
1918	0	1	80 52 60 
1918	0	1	80 4f 60 
1919	1	3	90 45 63 
1919	0	3	90 41 63 
1919	0	1	90 51 60 
1919	0	1	90 4d 60 
1966	47	1	80 51 60 
1966	0	1	80 4d 60 
1967	1	2	90 41 63 
2014	47	2	80 41 63 
2015	1	1	90 4f 60 
2015	0	1	90 4d 60 
2062	47	1	80 4f 60 
2062	0	1	80 4d 60 
2063	1	2	90 41 63 
2063	0	1	90 52 60 
2063	0	1	90 4f 60 
2110	47	2	80 41 63 
2110	0	1	80 52 60 
2110	0	1	80 4f 60 
2159	49	2	90 41 63 
2159	0	1	90 4f 60 
2159	0	1	90 52 60 
2206	47	2	80 41 63 
2206	0	1	80 4f 60 
2206	0	1	80 52 60 
2255	49	2	90 41 63 
2255	0	1	90 4f 60 
2255	0	1	90 52 60 
2302	47	3	80 45 63 
2302	0	3	80 41 63 
2302	0	2	80 41 63 
2302	0	1	80 4f 60 
2302	0	1	80 52 60 
2303	1	3	90 43 63 
2303	0	3	90 3f 63 
2303	0	1	90 4d 60 
2303	0	1	90 51 60 
2350	47	1	80 4d 60 
2350	0	1	80 51 60 
2351	1	2	90 3c 63 
2398	47	2	80 3c 63 
2399	1	1	90 4d 60 
2399	0	1	90 51 60 
2446	47	1	80 4d 60 
2446	0	1	80 51 60 
2447	1	2	90 3c 63 
2447	0	1	90 4b 60 
2447	0	1	90 4f 60 
2494	47	2	80 3c 63 
2494	0	1	80 4b 60 
2494	0	1	80 4f 60 
2543	49	2	90 3c 63 
2543	0	1	90 4b 60 
2543	0	1	90 4f 60 
2590	47	2	80 3c 63 
2590	0	1	80 4b 60 
2590	0	1	80 4f 60 
2639	49	2	90 3c 63 
2639	0	1	90 4b 60 
2639	0	1	90 4f 60 
2686	47	2	80 3c 63 
2686	0	1	80 4b 60 
2686	0	1	80 4f 60 
2735	49	2	90 3c 63 
2735	0	1	90 4b 60 
2735	0	1	90 4f 60 
2782	47	2	80 3c 63 
2782	0	1	80 4b 60 
2782	0	1	80 4f 60 
2831	49	2	90 3c 63 
2831	0	1	90 4b 60 
2831	0	1	90 4f 60 
2878	47	2	80 3c 63 
2878	0	1	80 4b 60 
2878	0	1	80 4f 60 
2927	49	2	90 3c 63 
2927	0	1	90 4b 60 
2927	0	1	90 4f 60 
2974	47	2	80 3c 63 
2974	0	1	80 4b 60 
2974	0	1	80 4f 60 
3023	49	2	90 3c 63 
3023	0	1	90 4b 60 
3023	0	1	90 4f 60 
3070	47	3	80 43 63 
3070	0	3	80 3f 63 
3070	0	2	80 3c 63 
3070	0	1	80 4b 60 
3070	0	1	80 4f 60 
3071	1	1	b0 79 0 
3071	0	2	b0 79 0 
3071	0	3	b0 79 0 
3072	1	1	b0 65 0 
3072	0	1	b0 64 0 
3072	0	1	b0 6 c 
3072	0	1	b0 a 40 
3072	0	1	b0 7 64 
3072	0	1	e0 0 40 
3072	0	2	b0 65 0 
3072	0	2	b0 64 0 
3072	0	2	b0 6 c 
3072	0	2	b0 a 40 
3072	0	2	b0 7 64 
3072	0	2	e0 0 40 
3072	0	3	b0 65 0 
3072	0	3	b0 64 0 
3072	0	3	b0 6 c 
3072	0	3	b0 a 40 
3072	0	3	b0 7 64 
3072	0	3	e0 0 40 
3072	0	3	ff 2f 0 
3072	0	2	ff 2f 0 
3072	0	1	ff 2f 0 
