TPQ: 480
TRACKS: 1
0	0	0	ff 3 1e 4c 69 65 64 65 72 20 6f 68 6e 65 20 57 6f 72 74 65 20 4f 70 2e 20 35 33 20 4e 6f 2e 20 35 
0	0	0	ff 3 9 56 6f 6c 6b 73 6c 69 65 64 
0	0	0	ff 2 21 43 6f 70 79 72 69 67 68 74 20 a9 20 32 30 30 34 20 62 79 20 42 65 72 6e 64 20 4b 72 75 65 67 65 72 
0	0	0	ff 1 b 4d 65 6e 64 65 6c 73 73 6f 68 6e 
0	0	0	ff 1 11 41 6c 6c 65 67 72 6f 20 63 6f 6e 20 66 75 6f 63 6f 
0	0	0	ff 1 1b 46 65 72 74 69 67 67 65 73 74 65 6c 6c 74 20 61 6d 20 36 2e 31 2e 32 30 30 34 a 
0	0	0	ff 1 15 44 61 75 65 72 3a 20 20 32 3a 33 35 20 4d 69 6e 75 74 65 6e a 
0	0	0	ff 54 5 60 0 3 0 0 
0	0	0	ff 58 4 4 2 18 8 
0	0	0	ff 59 2 0 0 
0	0	0	ff 51 3 6 8a 1b 
0	0	0	c0 0 
0	0	0	b0 5b 7f 
0	0	0	c0 0 
0	0	0	b0 40 0 
0	0	0	ff 1 20 62 64 63 61 34 32 36 64 31 30 34 61 32 36 61 63 39 64 63 62 30 37 30 34 34 37 35 38 37 35 32 33 
1440	1440	0	ff 51 3 6 2a 48 
1680	240	0	90 48 21 
1800	120	0	90 48 0 
1800	0	0	90 4a 22 
1920	120	0	90 4a 0 
1920	0	0	90 4c 29 
2040	120	0	90 4c 0 
2040	0	0	90 48 22 
2160	120	0	ff 51 3 7 a e2 
2160	0	0	90 48 0 
2160	0	0	90 45 22 
2280	120	0	90 45 0 
2400	120	0	ff 51 3 6 8a 1b 
2400	0	0	90 40 1b 
2400	0	0	90 3c 17 
2400	0	0	90 39 17 
2520	120	0	ff 51 3 6 2f 9d 
2520	0	0	90 4c 23 
2640	120	0	ff 51 3 6 2a 48 
2640	0	0	90 4c 0 
2640	0	0	90 48 23 
2760	120	0	90 48 0 
2760	0	0	90 45 23 
2880	120	0	90 45 0 
2880	0	0	90 40 0 
2880	0	0	90 3c 0 
2880	0	0	90 39 0 
2880	0	0	90 4d 29 
3000	120	0	90 4d 0 
3000	0	0	90 4a 23 
3120	120	0	ff 51 3 7 3 fa 
3120	0	0	90 4a 0 
3120	0	0	90 45 23 
3240	120	0	90 45 0 
3360	120	0	ff 51 3 6 8a 1b 
3360	0	0	90 39 17 
3360	0	0	90 3e 17 
3360	0	0	90 41 1b 
3480	120	0	90 4d 23 
3600	120	0	ff 51 3 6 34 fc 
3600	0	0	90 4d 0 
3600	0	0	90 4a 23 
3720	120	0	90 4a 0 
3720	0	0	90 45 23 
3840	120	0	90 45 0 
3840	0	0	90 39 0 
3840	0	0	90 3e 0 
3840	0	0	90 41 0 
3840	0	0	90 4a 29 
3960	120	0	90 4a 0 
3960	0	0	90 47 24 
4080	120	0	ff 51 3 7 a e2 
4080	0	0	90 47 0 
4080	0	0	90 44 24 
4200	120	0	90 44 0 
4320	120	0	ff 51 3 6 8a 1b 
4320	0	0	90 3e 1b 
4320	0	0	90 3b 17 
4320	0	0	90 39 17 
4440	120	0	ff 51 3 6 34 fc 
4440	0	0	90 4a 24 
4560	120	0	ff 51 3 6 34 fc 
4560	0	0	90 4a 0 
4560	0	0	90 47 24 
4680	120	0	90 47 0 
4680	0	0	90 44 24 
4800	120	0	90 44 0 
4800	0	0	90 3e 0 
4800	0	0	90 3b 0 
4800	0	0	90 39 0 
4800	0	0	90 4c 29 
4920	120	0	90 4c 0 
4920	0	0	90 48 23 
5040	120	0	ff 51 3 6 fd 1f 
5040	0	0	90 48 0 
5040	0	0	90 45 23 
5160	120	0	90 45 0 
5280	120	0	ff 51 3 6 8a 1b 
5280	0	0	90 40 1b 
5280	0	0	90 3c 17 
5280	0	0	90 39 17 
5400	120	0	ff 51 3 6 3a 63 
5400	0	0	90 47 26 
5520	120	0	90 47 0 
5520	0	0	90 48 26 
5640	120	0	90 48 0 
5640	0	0	90 4a 26 
5760	120	0	90 4a 0 
5760	0	0	90 40 0 
5760	0	0	90 3c 0 
5760	0	0	90 39 0 
5760	0	0	90 4c 2d 
5880	120	0	90 4c 0 
5880	0	0	90 48 25 
6000	120	0	ff 51 3 7 3 fa 
6000	0	0	90 48 0 
6000	0	0	90 45 26 
6120	120	0	90 45 0 
6240	120	0	ff 51 3 6 8a 1b 
6240	0	0	90 40 1f 
6240	0	0	90 3c 19 
6240	0	0	90 39 19 
6360	120	0	ff 51 3 6 3f d4 
6360	0	0	90 4c 2c 
6480	120	0	90 4c 0 
6480	0	0	90 48 2a 
6600	120	0	90 48 0 
6600	0	0	90 45 2a 
6720	120	0	90 45 0 
6720	0	0	90 40 0 
6720	0	0	90 3c 0 
6720	0	0	90 39 0 
6720	0	0	90 4d 2e 
6840	120	0	90 4d 0 
6840	0	0	90 4a 2b 
6960	120	0	ff 51 3 6 fd 1f 
6960	0	0	90 4a 0 
6960	0	0	90 45 2b 
7080	120	0	90 45 0 
7200	120	0	ff 51 3 6 8a 1b 
7200	0	0	90 39 1b 
7200	0	0	90 3e 1b 
7200	0	0	90 41 22 
7320	120	0	ff 51 3 6 3a 63 
7320	0	0	90 4d 2e 
7440	120	0	90 4d 0 
7440	0	0	90 4a 2e 
7560	120	0	90 4a 0 
7560	0	0	90 45 2e 
7680	120	0	90 45 0 
7680	0	0	90 39 0 
7680	0	0	90 3e 0 
7680	0	0	90 41 0 
7680	0	0	90 4a 34 
7800	120	0	90 4a 0 
7800	0	0	90 47 2f 
7920	120	0	ff 51 3 6 fd 1f 
7920	0	0	90 47 0 
7920	0	0	90 44 2f 
8040	120	0	90 44 0 
8160	120	0	ff 51 3 6 8a 1b 
8160	0	0	90 3e 24 
8160	0	0	90 3b 1d 
8160	0	0	90 39 1d 
8280	120	0	ff 51 3 6 34 fc 
8280	0	0	90 4a 30 
8400	120	0	90 4a 0 
8400	0	0	90 47 30 
8520	120	0	90 47 0 
8520	0	0	90 44 30 
8640	120	0	ff 51 3 6 c8 1c 
8640	0	0	90 44 0 
8640	0	0	90 3e 0 
8640	0	0	90 3b 0 
8640	0	0	90 39 0 
8640	0	0	90 4c 38 
8760	120	0	90 4c 0 
8760	0	0	90 48 34 
8880	120	0	ff 51 3 6 bb 58 
8880	0	0	90 48 0 
8880	0	0	90 45 34 
8880	0	0	90 3c 1f 
8880	0	0	90 39 1f 
8880	0	0	90 40 26 
9000	120	0	90 40 0 
9000	0	0	90 45 0 
9000	0	0	90 3c 0 
9000	0	0	90 39 0 
9120	120	0	ff 51 3 6 8a 1b 
9120	0	0	90 41 26 
9120	0	0	90 3e 1f 
9120	0	0	90 39 1f 
9240	120	0	ff 51 3 6 34 fc 
9240	0	0	90 4a 37 
9360	120	0	90 4a 0 
9360	0	0	90 47 37 
9480	120	0	90 47 0 
9480	0	0	90 44 37 
9600	120	0	ff 51 3 6 bb 58 
9600	0	0	90 44 0 
9600	0	0	90 41 0 
9600	0	0	90 3e 0 
9600	0	0	90 39 0 
9600	0	0	90 4c 40 
9720	120	0	90 4c 0 
9720	0	0	90 48 37 
9840	120	0	ff 51 3 6 bb 58 
9840	0	0	90 48 0 
9840	0	0	90 45 37 
9840	0	0	90 39 22 
9840	0	0	90 3c 22 
9840	0	0	90 40 2a 
9960	120	0	90 40 0 
9960	0	0	90 45 0 
9960	0	0	90 39 0 
9960	0	0	90 3c 0 
10080	120	0	ff 51 3 6 5b 9b 
10080	0	0	90 41 2a 
10080	0	0	90 3e 22 
10080	0	0	90 39 22 
10200	120	0	ff 51 3 6 34 fc 
10200	0	0	90 4a 3a 
10320	120	0	90 4a 0 
10320	0	0	90 47 3a 
10440	120	0	90 47 0 
10440	0	0	90 44 3a 
10560	120	0	ff 51 3 6 b5 8 
10560	0	0	90 44 0 
10560	0	0	90 41 0 
10560	0	0	90 3e 0 
10560	0	0	90 39 0 
10560	0	0	90 4c 45 
10680	120	0	90 4c 0 
10680	0	0	90 48 39 
10800	120	0	ff 51 3 6 b5 8 
10800	0	0	90 48 0 
10800	0	0	90 45 3a 
10800	0	0	90 3c 25 
10800	0	0	90 39 25 
10800	0	0	90 40 2e 
10920	120	0	90 40 0 
10920	0	0	90 45 0 
10920	0	0	90 3c 0 
10920	0	0	90 39 0 
11040	120	0	ff 51 3 6 50 61 
11040	0	0	90 41 2e 
11040	0	0	90 3e 25 
11040	0	0	90 39 25 
11160	120	0	ff 51 3 6 2a 48 
11160	0	0	90 4a 40 
11280	120	0	90 4a 0 
11280	0	0	90 47 41 
11400	120	0	90 47 0 
11400	0	0	90 44 41 
11520	120	0	ff 51 3 6 2f 9d 
11520	0	0	90 44 0 
11520	0	0	90 41 0 
11520	0	0	90 3e 0 
11520	0	0	90 39 0 
11520	0	0	90 4c 47 
11576	56	0	b0 40 7f 
11600	24	0	ff 51 3 6 3a 63 
11640	40	0	90 4c 0 
11640	0	0	90 48 41 
11680	40	0	ff 51 3 6 45 4f 
11760	80	0	ff 51 3 6 50 61 
11760	0	0	90 48 0 
11760	0	0	90 45 40 
11800	40	0	ff 51 3 6 5b 9b 
11880	80	0	ff 51 3 6 66 fc 
11880	0	0	90 45 0 
11880	0	0	90 40 3f 
11960	80	0	ff 51 3 6 72 87 
12000	40	0	90 40 0 
12000	0	0	90 3c 3c 
12040	40	0	ff 51 3 6 7e 3c 
12080	40	0	ff 51 3 6 8a 1b 
12120	40	0	90 3c 0 
12120	0	0	90 39 3a 
12160	40	0	ff 51 3 6 96 27 
12240	80	0	ff 51 3 6 a2 5f 
12240	0	0	90 39 0 
12240	0	0	90 34 3a 
12320	80	0	ff 51 3 6 ae c4 
12360	40	0	ff 51 3 6 bb 58 
12360	0	0	90 34 0 
12360	0	0	90 30 39 
12400	40	0	ff 51 3 6 b5 8 
12440	40	0	ff 51 3 6 bb 58 
12480	40	0	ff 51 3 7 62 1f 
12480	0	0	90 30 0 
12480	0	0	90 21 39 
12480	0	0	90 2d 39 
12720	240	0	90 2d 0 
12720	0	0	90 21 0 
12727	7	0	b0 40 0 
12960	233	0	ff 51 3 6 bb 58 
12960	0	0	90 40 47 
12960	0	0	90 34 38 
13440	480	0	90 34 0 
13440	0	0	90 40 0 
13440	0	0	90 40 40 
13440	0	0	90 45 47 
13440	0	0	90 30 36 
13440	0	0	90 39 3a 
13567	127	0	b0 40 7f 
14160	593	0	ff 51 3 6 90 1c 
14160	0	0	90 39 0 
14160	0	0	90 40 0 
14160	0	0	90 45 0 
14160	0	0	90 30 0 
14160	0	0	90 40 3e 
14160	0	0	90 47 44 
14160	0	0	90 34 34 
14160	0	0	90 3b 39 
14400	240	0	ff 51 3 6 bb 58 
14400	0	0	90 3b 0 
14400	0	0	90 40 0 
14400	0	0	90 47 0 
14400	0	0	90 34 0 
14400	0	0	90 45 40 
14400	0	0	90 48 47 
14400	0	0	90 39 36 
14400	0	0	90 3c 3a 
14414	14	0	b0 40 0 
14880	466	0	90 3c 0 
14880	0	0	90 45 0 
14880	0	0	90 48 0 
14880	0	0	90 39 0 
14880	0	0	90 47 40 
14880	0	0	90 4a 47 
14880	0	0	90 3b 36 
14880	0	0	90 3e 3a 
15360	480	0	ff 51 3 6 e8 de 
15360	0	0	90 3e 0 
15360	0	0	90 47 0 
15360	0	0	90 4a 0 
15360	0	0	90 3b 0 
15360	0	0	90 48 40 
15360	0	0	90 4c 49 
15360	0	0	90 3c 36 
15360	0	0	90 40 3a 
15840	480	0	ff 51 3 6 bb 58 
15840	0	0	90 40 0 
15840	0	0	90 48 0 
15840	0	0	90 4c 0 
15840	0	0	90 3c 0 
15840	0	0	90 4c 44 
15840	0	0	90 4f 4c 
15840	0	0	90 40 39 
15840	0	0	90 43 41 
16800	960	0	ff 51 3 6 96 27 
16800	0	0	90 43 0 
16800	0	0	90 4c 0 
16800	0	0	90 4f 0 
16800	0	0	90 40 0 
16800	0	0	90 4a 40 
16800	0	0	90 4d 49 
16800	0	0	90 41 3f 
16800	0	0	90 3e 38 
17160	360	0	90 3e 0 
17160	0	0	90 4a 0 
17160	0	0	90 4d 0 
17160	0	0	90 41 0 
17160	0	0	90 48 3c 
17160	0	0	90 4c 43 
17160	0	0	90 3c 36 
17160	0	0	90 40 3a 
17280	120	0	ff 51 3 6 bb 58 
17280	0	0	90 40 0 
17280	0	0	90 48 0 
17280	0	0	90 4c 0 
17280	0	0	90 3c 0 
17280	0	0	90 48 40 
17280	0	0	90 4c 47 
17280	0	0	90 3c 38 
17280	0	0	90 40 3f 
17760	480	0	90 40 0 
17760	0	0	90 48 0 
17760	0	0	90 4c 0 
17760	0	0	90 3c 0 
17760	0	0	90 47 40 
17760	0	0	90 4a 47 
17760	0	0	90 3b 36 
17760	0	0	90 3e 3a 
17800	40	0	ff 51 3 6 a8 8c 
18120	320	0	90 3e 0 
18120	0	0	90 47 0 
18120	0	0	90 4a 0 
18120	0	0	90 3b 0 
18120	0	0	90 45 3c 
18120	0	0	90 48 43 
18120	0	0	90 39 32 
18120	0	0	90 3c 38 
18240	120	0	ff 51 3 6 b5 8 
18240	0	0	90 3c 0 
18240	0	0	90 45 0 
18240	0	0	90 48 0 
18240	0	0	90 39 0 
18240	0	0	90 45 40 
18240	0	0	90 48 47 
18240	0	0	90 39 36 
18240	0	0	90 3c 3a 
18480	240	0	ff 51 3 6 f6 52 
18720	240	0	ff 51 3 6 d5 11 
18720	0	0	90 3c 0 
18720	0	0	90 45 0 
18720	0	0	90 48 0 
18720	0	0	90 39 0 
18720	0	0	90 41 41 
18720	0	0	90 48 41 
18720	0	0	90 4c 4a 
18720	0	0	90 32 36 
18720	0	0	90 3c 38 
18720	0	0	90 40 3f 
18725	5	0	b0 40 7f 
19080	355	0	ff 51 3 7 5a 88 
19080	0	0	90 40 0 
19080	0	0	90 48 0 
19080	0	0	90 41 0 
19080	0	0	90 4c 0 
19080	0	0	90 3c 0 
19080	0	0	90 47 3c 
19080	0	0	90 4a 43 
19080	0	0	90 3e 38 
19080	0	0	90 3b 32 
19200	120	0	ff 51 3 6 ef 91 
19200	0	0	90 3b 0 
19200	0	0	90 4a 0 
19200	0	0	90 32 0 
19200	0	0	90 47 0 
19200	0	0	90 3e 0 
19200	0	0	90 45 3a 
19200	0	0	90 48 42 
19200	0	0	90 34 31 
19200	0	0	90 3c 38 
19200	0	0	90 39 31 
19210	10	0	b0 40 0 
20160	950	0	90 39 0 
20160	0	0	90 48 0 
20160	0	0	90 45 0 
20160	0	0	90 3c 0 
20160	0	0	90 44 39 
20160	0	0	90 47 41 
20160	0	0	90 38 30 
20160	0	0	90 3b 37 
20400	240	0	90 3b 0 
20400	0	0	90 47 0 
20400	0	0	90 34 0 
20400	0	0	90 44 0 
20400	0	0	90 38 0 
20640	240	0	ff 51 3 6 bb 58 
20640	0	0	90 3e 40 
20640	0	0	90 40 47 
20640	0	0	90 34 38 
21120	480	0	90 34 0 
21120	0	0	90 40 0 
21120	0	0	90 3e 0 
21120	0	0	90 3c 40 
21120	0	0	90 40 40 
21120	0	0	90 45 47 
21120	0	0	90 2d 36 
21120	0	0	90 30 36 
21120	0	0	90 39 3a 
21247	127	0	b0 40 7f 
21840	593	0	ff 51 3 6 90 1c 
21840	0	0	90 39 0 
21840	0	0	90 40 0 
21840	0	0	90 45 0 
21840	0	0	90 3c 0 
21840	0	0	90 30 0 
21840	0	0	90 2d 0 
21840	0	0	90 40 3e 
21840	0	0	90 47 44 
21840	0	0	90 34 34 
21840	0	0	90 3b 39 
22080	240	0	ff 51 3 6 bb 58 
22080	0	0	90 3b 0 
22080	0	0	90 40 0 
22080	0	0	90 47 0 
22080	0	0	90 34 0 
22080	0	0	90 45 40 
22080	0	0	90 48 47 
22080	0	0	90 39 36 
22080	0	0	90 3c 3a 
22094	14	0	b0 40 0 
22560	466	0	90 3c 0 
22560	0	0	90 45 0 
22560	0	0	90 48 0 
22560	0	0	90 39 0 
22560	0	0	90 47 40 
22560	0	0	90 4a 47 
22560	0	0	90 3b 36 
22560	0	0	90 3e 3a 
23040	480	0	ff 51 3 6 e8 de 
23040	0	0	90 3e 0 
23040	0	0	90 47 0 
23040	0	0	90 4a 0 
23040	0	0	90 3b 0 
23040	0	0	90 48 40 
23040	0	0	90 4c 49 
23040	0	0	90 3c 36 
23040	0	0	90 40 3a 
23520	480	0	ff 51 3 6 a2 5f 
23520	0	0	90 40 0 
23520	0	0	90 48 0 
23520	0	0	90 4c 0 
23520	0	0	90 3c 0 
23520	0	0	90 43 44 
23520	0	0	90 4c 44 
23520	0	0	90 4f 4c 
23520	0	0	90 34 43 
23520	0	0	90 40 43 
23640	120	0	90 34 0 
23760	120	0	ff 51 3 6 fd 1f 
23760	0	0	90 35 45 
23880	120	0	90 35 0 
24000	120	0	ff 51 3 6 bb 58 
24000	0	0	90 37 4b 
24480	480	0	ff 51 3 6 96 27 
24480	0	0	90 40 0 
24480	0	0	90 4f 0 
24480	0	0	90 43 0 
24480	0	0	90 4c 0 
24480	0	0	90 4a 40 
24480	0	0	90 4d 49 
24480	0	0	90 41 3f 
24480	0	0	90 3e 38 
24840	360	0	90 3e 0 
24840	0	0	90 4d 0 
24840	0	0	90 41 0 
24840	0	0	90 4a 0 
24840	0	0	90 48 3c 
24840	0	0	90 4c 43 
24840	0	0	90 3c 36 
24840	0	0	90 40 3a 
24960	120	0	ff 51 3 6 bb 58 
24960	0	0	90 40 0 
24960	0	0	90 4c 0 
24960	0	0	90 3c 0 
24960	0	0	90 48 0 
24960	0	0	90 48 40 
24960	0	0	90 4c 47 
24960	0	0	90 3c 38 
24960	0	0	90 40 3f 
25440	480	0	90 40 0 
25440	0	0	90 4c 0 
25440	0	0	90 37 0 
25440	0	0	90 48 0 
25440	0	0	90 3c 0 
25440	0	0	90 47 40 
25440	0	0	90 4a 47 
25440	0	0	90 37 36 
25440	0	0	90 3b 36 
25440	0	0	90 3e 3a 
25480	40	0	ff 51 3 6 a8 8c 
25800	320	0	90 3e 0 
25800	0	0	90 4a 0 
25800	0	0	90 47 0 
25800	0	0	90 3b 0 
25800	0	0	90 45 3c 
25800	0	0	90 48 43 
25800	0	0	90 39 32 
25800	0	0	90 3c 38 
25920	120	0	ff 51 3 6 b5 8 
25920	0	0	90 3c 0 
25920	0	0	90 48 0 
25920	0	0	90 37 0 
25920	0	0	90 45 0 
25920	0	0	90 39 0 
25920	0	0	90 45 40 
25920	0	0	90 48 47 
25920	0	0	90 39 36 
25920	0	0	90 3c 3a 
26160	240	0	ff 51 3 6 f6 52 
26400	240	0	ff 51 3 6 d5 11 
26400	0	0	90 3c 0 
26400	0	0	90 45 0 
26400	0	0	90 48 0 
26400	0	0	90 39 0 
26400	0	0	90 43 41 
26400	0	0	90 47 4a 
26400	0	0	90 34 34 
26400	0	0	90 37 34 
26400	0	0	90 3b 39 
26760	360	0	ff 51 3 7 5a 88 
26760	0	0	90 47 0 
26760	0	0	90 43 0 
26760	0	0	90 41 3c 
26760	0	0	90 45 43 
26880	120	0	ff 51 3 6 ef 91 
26880	0	0	90 45 0 
26880	0	0	90 37 0 
26880	0	0	90 3b 0 
26880	0	0	90 34 0 
26880	0	0	90 41 0 
26880	0	0	90 41 39 
26880	0	0	90 45 40 
26880	0	0	90 35 2a 
26880	0	0	90 39 2f 
27000	120	0	90 45 0 
27000	0	0	90 41 0 
27080	80	0	ff 51 3 6 e8 de 
27120	40	0	90 39 0 
27120	0	0	90 3b 39 
27120	0	0	90 44 39 
27120	0	0	90 47 41 
27120	0	0	90 38 31 
27240	120	0	ff 51 3 6 e2 38 
27240	0	0	90 47 0 
27240	0	0	90 44 0 
27240	0	0	90 3b 0 
27360	120	0	90 35 0 
27360	0	0	90 38 0 
27360	0	0	90 3c 3b 
27360	0	0	90 45 3b 
27360	0	0	90 48 43 
27360	0	0	90 34 2e 
27360	0	0	90 39 34 
27400	40	0	ff 51 3 6 db 9e 
27480	80	0	90 34 0 
27480	0	0	90 48 0 
27480	0	0	90 3c 0 
27480	0	0	90 45 0 
27560	80	0	ff 51 3 6 d5 11 
27600	40	0	90 39 0 
27600	0	0	90 3e 3e 
27600	0	0	90 47 3e 
27600	0	0	90 4a 45 
27600	0	0	90 32 2f 
27600	0	0	90 3b 36 
27720	120	0	ff 51 3 6 ce 91 
27720	0	0	90 32 0 
27720	0	0	90 4a 0 
27720	0	0	90 3e 0 
27720	0	0	90 47 0 
27840	120	0	90 3b 0 
27840	0	0	90 40 40 
27840	0	0	90 48 40 
27840	0	0	90 4c 47 
27840	0	0	90 30 30 
27840	0	0	90 3c 37 
27880	40	0	ff 51 3 6 c8 1c 
27960	80	0	ff 51 3 6 ce 91 
27960	0	0	90 30 0 
27960	0	0	90 4c 0 
27960	0	0	90 40 0 
27960	0	0	90 48 0 
28040	80	0	ff 51 3 6 d5 11 
28080	40	0	90 3c 0 
28080	0	0	90 3e 3e 
28080	0	0	90 47 3e 
28080	0	0	90 4a 45 
28080	0	0	90 32 2e 
28080	0	0	90 3b 35 
28120	40	0	ff 51 3 6 db 9e 
28200	80	0	ff 51 3 6 e2 38 
28200	0	0	90 32 0 
28200	0	0	90 4a 0 
28200	0	0	90 3e 0 
28200	0	0	90 47 0 
28240	40	0	ff 51 3 6 e8 de 
28320	80	0	ff 51 3 6 ef 91 
28320	0	0	90 3b 0 
28320	0	0	90 3c 3b 
28320	0	0	90 45 3b 
28320	0	0	90 48 43 
28320	0	0	90 34 2d 
28320	0	0	90 39 32 
28400	80	0	ff 51 3 6 f6 52 
28440	40	0	90 34 0 
28440	0	0	90 48 0 
28440	0	0	90 3c 0 
28440	0	0	90 45 0 
28480	40	0	ff 51 3 6 fd 1f 
28520	40	0	ff 51 3 7 3 fa 
28560	40	0	90 39 0 
28680	120	0	ff 51 3 7 71 7d 
28680	0	0	90 3b 39 
28680	0	0	90 40 39 
28680	0	0	90 47 41 
28680	0	0	90 34 30 
28800	120	0	ff 51 3 7 18 dc 
28800	0	0	90 34 0 
28800	0	0	90 3b 0 
28800	0	0	90 40 0 
28800	0	0	90 47 0 
28800	0	0	90 3b 35 
28800	0	0	90 40 35 
28800	0	0	90 47 42 
28800	0	0	90 34 34 
29760	960	0	90 34 0 
29760	0	0	90 3b 0 
29760	0	0	90 40 0 
29760	0	0	90 47 0 
29760	0	0	90 3c 39 
29760	0	0	90 45 41 
29760	0	0	90 2d 30 
29760	0	0	90 39 37 
30000	240	0	90 39 0 
30000	0	0	90 3c 0 
30000	0	0	90 45 0 
30000	0	0	90 2d 0 
30240	240	0	ff 51 3 6 8a 1b 
30360	120	0	ff 51 3 6 3a 63 
30480	120	0	90 44 23 
30600	120	0	90 44 0 
30600	0	0	90 45 23 
30720	120	0	90 45 0 
30720	0	0	90 47 29 
30840	120	0	90 47 0 
30840	0	0	90 44 23 
30960	120	0	ff 51 3 7 a e2 
30960	0	0	90 44 0 
30960	0	0	90 40 23 
31080	120	0	90 40 0 
31200	120	0	ff 51 3 6 8a 1b 
31200	0	0	90 3b 1b 
31200	0	0	90 38 17 
31200	0	0	90 34 17 
31320	120	0	ff 51 3 6 34 fc 
31320	0	0	90 47 23 
31440	120	0	90 47 0 
31440	0	0	90 44 23 
31560	120	0	90 44 0 
31560	0	0	90 40 23 
31680	120	0	90 40 0 
31680	0	0	90 3b 0 
31680	0	0	90 38 0 
31680	0	0	90 34 0 
31680	0	0	90 48 29 
31800	120	0	90 48 0 
31800	0	0	90 45 23 
31920	120	0	ff 51 3 7 3 fa 
31920	0	0	90 45 0 
31920	0	0	90 40 23 
32040	120	0	90 40 0 
32160	120	0	ff 51 3 6 8a 1b 
32160	0	0	90 34 17 
32160	0	0	90 39 17 
32160	0	0	90 3c 1b 
32280	120	0	ff 51 3 6 3a 63 
32280	0	0	90 48 24 
32400	120	0	90 48 0 
32400	0	0	90 45 24 
32520	120	0	90 45 0 
32520	0	0	90 40 24 
32640	120	0	90 40 0 
32640	0	0	90 34 0 
32640	0	0	90 39 0 
32640	0	0	90 3c 0 
32640	0	0	90 45 29 
32760	120	0	90 45 0 
32760	0	0	90 42 23 
32880	120	0	ff 51 3 7 a e2 
32880	0	0	90 42 0 
32880	0	0	90 3f 23 
33000	120	0	90 3f 0 
33120	120	0	ff 51 3 6 8a 1b 
33120	0	0	90 39 1b 
33120	0	0	90 36 17 
33120	0	0	90 34 17 
33240	120	0	ff 51 3 6 34 fc 
33240	0	0	90 45 24 
33360	120	0	90 45 0 
33360	0	0	90 42 24 
33480	120	0	90 42 0 
33480	0	0	90 3f 24 
33600	120	0	90 3f 0 
33600	0	0	90 39 0 
33600	0	0	90 36 0 
33600	0	0	90 34 0 
33600	0	0	90 47 29 
33720	120	0	90 47 0 
33720	0	0	90 44 23 
33840	120	0	ff 51 3 6 fd 1f 
33840	0	0	90 44 0 
33840	0	0	90 40 23 
33960	120	0	90 40 0 
34080	120	0	ff 51 3 6 8a 1b 
34080	0	0	90 3b 1b 
34080	0	0	90 38 17 
34080	0	0	90 34 17 
34200	120	0	ff 51 3 6 3a 63 
34200	0	0	90 42 26 
34320	120	0	90 42 0 
34320	0	0	90 44 26 
34440	120	0	90 44 0 
34440	0	0	90 45 26 
34560	120	0	90 45 0 
34560	0	0	90 3b 0 
34560	0	0	90 38 0 
34560	0	0	90 34 0 
34560	0	0	90 47 2d 
34680	120	0	90 47 0 
34680	0	0	90 44 25 
34800	120	0	ff 51 3 7 3 fa 
34800	0	0	90 44 0 
34800	0	0	90 40 26 
34920	120	0	90 40 0 
35040	120	0	ff 51 3 6 8a 1b 
35040	0	0	90 3e 1f 
35040	0	0	90 3b 19 
35040	0	0	90 34 19 
35160	120	0	ff 51 3 6 3a 63 
35160	0	0	90 47 2d 
35280	120	0	90 47 0 
35280	0	0	90 44 2e 
35400	120	0	90 44 0 
35400	0	0	90 40 2e 
35520	120	0	90 40 0 
35520	0	0	90 3e 0 
35520	0	0	90 3b 0 
35520	0	0	90 34 0 
35520	0	0	90 48 32 
35640	120	0	90 48 0 
35640	0	0	90 45 2e 
35760	120	0	ff 51 3 6 fd 1f 
35760	0	0	90 45 0 
35760	0	0	90 40 2e 
35880	120	0	90 40 0 
36000	120	0	ff 51 3 6 8a 1b 
36000	0	0	90 34 1d 
36000	0	0	90 39 1d 
36000	0	0	90 3c 25 
36120	120	0	ff 51 3 6 34 fc 
36120	0	0	90 48 34 
36240	120	0	90 48 0 
36240	0	0	90 45 34 
36360	120	0	90 45 0 
36360	0	0	90 40 34 
36480	120	0	90 40 0 
36480	0	0	90 34 0 
36480	0	0	90 39 0 
36480	0	0	90 3c 0 
36480	0	0	90 45 39 
36600	120	0	90 45 0 
36600	0	0	90 42 35 
36720	120	0	ff 51 3 6 fd 1f 
36720	0	0	90 42 0 
36720	0	0	90 3f 35 
36840	120	0	90 3f 0 
36960	120	0	ff 51 3 6 8a 1b 
36960	0	0	90 39 23 
36960	0	0	90 3c 2a 
36960	0	0	90 36 23 
36960	0	0	90 34 23 
37080	120	0	ff 51 3 6 3f d4 
37080	0	0	90 45 3a 
37200	120	0	90 45 0 
37200	0	0	90 42 3a 
37320	120	0	90 42 0 
37320	0	0	90 3f 3c 
37440	120	0	ff 51 3 6 c8 1c 
37440	0	0	90 3f 0 
37440	0	0	90 36 0 
37440	0	0	90 39 0 
37440	0	0	90 3c 0 
37440	0	0	90 34 0 
37440	0	0	90 47 42 
37560	120	0	90 47 0 
37560	0	0	90 44 3a 
37680	120	0	ff 51 3 6 bb 58 
37680	0	0	90 44 0 
37680	0	0	90 40 39 
37800	120	0	90 40 0 
37920	120	0	ff 51 3 6 ef 91 
37920	0	0	90 34 38 
37920	0	0	90 38 38 
37920	0	0	90 3b 42 
38160	240	0	90 3b 0 
38160	0	0	90 38 0 
38160	0	0	90 34 0 
38160	0	0	90 40 47 
38160	0	0	90 34 38 
38400	240	0	ff 51 3 6 bb 58 
38400	0	0	90 34 0 
38400	0	0	90 40 0 
38400	0	0	90 40 40 
38400	0	0	90 47 47 
38400	0	0	90 38 36 
38400	0	0	90 3b 3a 
38518	118	0	b0 40 7f 
39120	602	0	ff 51 3 6 90 1c 
39120	0	0	90 3b 0 
39120	0	0	90 40 0 
39120	0	0	90 47 0 
39120	0	0	90 38 0 
39120	0	0	90 45 3e 
39120	0	0	90 48 44 
39120	0	0	90 39 34 
39120	0	0	90 3c 39 
39360	240	0	ff 51 3 6 bb 58 
39360	0	0	90 3c 0 
39360	0	0	90 45 0 
39360	0	0	90 48 0 
39360	0	0	90 39 0 
39360	0	0	90 44 40 
39360	0	0	90 4a 47 
39360	0	0	90 3b 36 
39360	0	0	90 3e 3a 
39374	14	0	b0 40 0 
39840	466	0	90 3e 0 
39840	0	0	90 44 0 
39840	0	0	90 4a 0 
39840	0	0	90 3b 0 
39840	0	0	90 45 40 
39840	0	0	90 48 47 
39840	0	0	90 39 36 
39840	0	0	90 3c 3a 
40320	480	0	ff 51 3 6 e8 de 
40320	0	0	90 3c 0 
40320	0	0	90 45 0 
40320	0	0	90 48 0 
40320	0	0	90 39 0 
40320	0	0	90 44 40 
40320	0	0	90 4d 49 
40320	0	0	90 3e 36 
40320	0	0	90 41 3a 
40440	120	0	90 41 0 
40440	0	0	90 44 0 
40440	0	0	90 4d 0 
40440	0	0	90 3e 0 
40680	240	0	90 44 40 
40680	0	0	90 4c 49 
40680	0	0	90 3c 36 
40680	0	0	90 40 3a 
40770	90	0	90 40 0 
40770	0	0	90 44 0 
40770	0	0	90 4c 0 
40770	0	0	90 3c 0 
40800	30	0	ff 51 3 6 bb 58 
40800	0	0	90 44 44 
40800	0	0	90 4a 4c 
40800	0	0	90 3b 39 
40800	0	0	90 3e 41 
41760	960	0	ff 51 3 6 96 27 
41760	0	0	90 3e 0 
41760	0	0	90 44 0 
41760	0	0	90 4a 0 
41760	0	0	90 3b 0 
41760	0	0	90 44 40 
41760	0	0	90 4d 49 
41760	0	0	90 41 3f 
41760	0	0	90 3e 38 
42240	480	0	ff 51 3 6 bb 58 
42240	0	0	90 3e 0 
42240	0	0	90 44 0 
42240	0	0	90 4d 0 
42240	0	0	90 41 0 
42240	0	0	90 45 40 
42240	0	0	90 4c 47 
42240	0	0	90 3c 38 
42240	0	0	90 40 3f 
42720	480	0	90 40 0 
42720	0	0	90 45 0 
42720	0	0	90 4c 0 
42720	0	0	90 3c 0 
42720	0	0	90 40 40 
42720	0	0	90 48 47 
42720	0	0	90 39 36 
42720	0	0	90 3c 3a 
42760	40	0	ff 51 3 6 a8 8c 
43200	440	0	ff 51 3 6 b5 8 
43200	0	0	90 3c 0 
43200	0	0	90 40 0 
43200	0	0	90 48 0 
43200	0	0	90 39 0 
43200	0	0	90 40 40 
43200	0	0	90 47 45 
43200	0	0	90 38 38 
43200	0	0	90 3b 3d 
43440	240	0	ff 51 3 6 f6 52 
43680	240	0	ff 51 3 6 d5 11 
43680	0	0	90 3b 0 
43680	0	0	90 40 0 
43680	0	0	90 47 0 
43680	0	0	90 38 0 
43680	0	0	90 3c 39 
43680	0	0	90 3f 41 
43680	0	0	90 45 46 
43680	0	0	90 36 37 
43680	0	0	90 39 3c 
43765	85	0	b0 40 7f 
44040	275	0	ff 51 3 7 5a 88 
44040	0	0	90 39 0 
44040	0	0	90 45 0 
44040	0	0	90 47 43 
44040	0	0	90 3b 38 
44160	120	0	ff 51 3 6 ef 91 
44160	0	0	90 3b 0 
44160	0	0	90 3c 0 
44160	0	0	90 36 0 
44160	0	0	90 3f 0 
44160	0	0	90 47 0 
44160	0	0	90 3c 3a 
44160	0	0	90 3f 3a 
44160	0	0	90 45 42 
44160	0	0	b0 40 0 
44160	0	0	90 34 31 
44160	0	0	90 39 38 
45120	960	0	90 39 0 
45120	0	0	90 3c 0 
45120	0	0	90 45 0 
45120	0	0	90 3f 0 
45120	0	0	90 3b 39 
45120	0	0	90 40 39 
45120	0	0	90 44 41 
45120	0	0	90 38 37 
45600	480	0	ff 51 3 6 bb 58 
45600	0	0	90 38 0 
45600	0	0	90 40 0 
45600	0	0	90 34 0 
45600	0	0	90 3b 0 
45600	0	0	90 44 0 
45600	0	0	90 40 47 
45600	0	0	90 34 38 
46080	480	0	90 34 0 
46080	0	0	90 40 0 
46080	0	0	90 3b 40 
46080	0	0	90 40 40 
46080	0	0	90 47 47 
46080	0	0	90 38 3a 
46207	127	0	b0 40 7f 
46800	593	0	ff 51 3 6 90 1c 
46800	0	0	90 38 0 
46800	0	0	90 3b 0 
46800	0	0	90 40 0 
46800	0	0	90 47 0 
46800	0	0	90 3c 3e 
46800	0	0	90 45 3e 
46800	0	0	90 48 44 
46800	0	0	90 39 39 
47040	240	0	ff 51 3 6 bb 58 
47040	0	0	90 39 0 
47040	0	0	90 3c 0 
47040	0	0	90 45 0 
47040	0	0	90 48 0 
47040	0	0	90 3e 40 
47040	0	0	90 44 40 
47040	0	0	90 4a 47 
47040	0	0	90 3b 3a 
47049	9	0	b0 40 0 
47520	471	0	90 3b 0 
47520	0	0	90 3e 0 
47520	0	0	90 44 0 
47520	0	0	90 4a 0 
47520	0	0	90 41 40 
47520	0	0	90 44 40 
47520	0	0	90 4d 47 
47520	0	0	90 3e 3a 
48000	480	0	ff 51 3 6 e8 de 
48000	0	0	90 3e 0 
48000	0	0	90 41 0 
48000	0	0	90 44 0 
48000	0	0	90 4d 0 
48000	0	0	90 45 40 
48000	0	0	90 40 40 
48000	0	0	90 4c 49 
48000	0	0	90 3c 3a 
48120	120	0	90 3c 0 
48120	0	0	90 45 0 
48120	0	0	90 40 0 
48120	0	0	90 4c 0 
48360	240	0	90 45 40 
48360	0	0	90 3e 40 
48360	0	0	90 4a 49 
48360	0	0	90 3b 3a 
48450	90	0	90 3b 0 
48450	0	0	90 45 0 
48450	0	0	90 3e 0 
48450	0	0	90 4a 0 
48480	30	0	ff 51 3 6 bb 58 
48480	0	0	90 3c 40 
48480	0	0	90 45 44 
48480	0	0	90 48 4b 
48480	0	0	90 39 3c 
49440	960	0	ff 51 3 6 db 9e 
49440	0	0	90 39 0 
49440	0	0	90 3c 0 
49440	0	0	90 45 0 
49440	0	0	90 48 0 
49440	0	0	90 48 45 
49440	0	0	90 40 45 
49440	0	0	90 4c 4e 
49440	0	0	90 36 44 
49440	0	0	90 2d 3d 
49920	480	0	ff 51 3 6 d5 11 
49920	0	0	90 2d 0 
49920	0	0	90 4c 0 
49920	0	0	90 48 0 
49920	0	0	90 40 0 
49920	0	0	90 36 0 
49920	0	0	90 47 45 
49920	0	0	90 3e 45 
49920	0	0	90 4a 4d 
49920	0	0	90 2f 3d 
49920	0	0	90 37 44 
50400	480	0	ff 51 3 6 b5 8 
50400	0	0	90 37 0 
50400	0	0	90 4a 0 
50400	0	0	90 47 0 
50400	0	0	90 3e 0 
50400	0	0	90 2f 0 
50400	0	0	90 45 45 
50400	0	0	90 40 45 
50400	0	0	90 48 4d 
50400	0	0	90 30 3a 
50400	0	0	90 3c 41 
50880	480	0	ff 51 3 6 d5 11 
50880	0	0	90 3c 0 
50880	0	0	90 48 0 
50880	0	0	90 45 0 
50880	0	0	90 40 0 
50880	0	0	90 30 0 
50880	0	0	90 43 48 
50880	0	0	90 3e 44 
50880	0	0	90 47 4b 
50880	0	0	90 32 3a 
50880	0	0	90 3b 41 
51120	240	0	ff 51 3 7 35 79 
51360	240	0	ff 51 3 6 d5 11 
51360	0	0	90 3b 0 
51360	0	0	90 47 0 
51360	0	0	90 43 0 
51360	0	0	90 3e 0 
51360	0	0	90 32 0 
51360	0	0	90 42 47 
51360	0	0	90 3c 47 
51360	0	0	90 3e 47 
51360	0	0	90 45 4f 
51360	0	0	90 32 3d 
51360	0	0	90 39 44 
51438	78	0	b0 40 7f 
51720	282	0	ff 51 3 7 5a 88 
51720	0	0	90 39 0 
51720	0	0	90 45 0 
51720	0	0	90 47 4a 
51720	0	0	90 3b 3e 
51840	120	0	ff 51 3 6 ef 91 
51840	0	0	90 3b 0 
51840	0	0	90 3c 0 
51840	0	0	90 32 0 
51840	0	0	90 42 0 
51840	0	0	90 47 0 
51840	0	0	90 3e 0 
51840	0	0	90 42 41 
51840	0	0	90 3c 41 
51840	0	0	90 3e 41 
51840	0	0	90 45 49 
51840	0	0	b0 40 0 
51840	0	0	90 32 37 
51840	0	0	90 39 3e 
52800	960	0	ff 51 3 7 18 dc 
52800	0	0	90 39 0 
52800	0	0	90 3c 0 
52800	0	0	90 3e 0 
52800	0	0	90 42 0 
52800	0	0	90 32 0 
52800	0	0	90 45 0 
52800	0	0	90 3b 40 
52800	0	0	90 3e 40 
52800	0	0	90 43 47 
52800	0	0	90 2b 34 
52800	0	0	90 37 3b 
53280	480	0	ff 51 3 7 44 1e 
53280	0	0	90 37 0 
53280	0	0	90 43 0 
53280	0	0	90 3b 0 
53280	0	0	90 3e 0 
53280	0	0	90 2b 0 
53280	0	0	90 43 52 
53280	0	0	90 35 3e 
53280	0	0	90 37 43 
53760	480	0	ff 51 3 6 bb 58 
53760	0	0	90 37 0 
53760	0	0	90 35 0 
53760	0	0	90 43 0 
53760	0	0	90 43 47 
53760	0	0	90 4c 47 
53760	0	0	90 4f 4f 
53760	0	0	90 34 3f 
53760	0	0	90 40 42 
53887	127	0	b0 40 7f 
54480	593	0	ff 51 3 6 90 1c 
54480	0	0	90 40 0 
54480	0	0	90 43 0 
54480	0	0	90 4f 0 
54480	0	0	90 4c 0 
54480	0	0	90 41 45 
54480	0	0	90 4a 45 
54480	0	0	90 4d 4c 
54480	0	0	90 3e 40 
54720	240	0	ff 51 3 6 bb 58 
54720	0	0	90 3e 0 
54720	0	0	90 4a 0 
54720	0	0	90 4d 0 
54720	0	0	90 41 0 
54720	0	0	90 40 47 
54720	0	0	90 48 47 
54720	0	0	90 4c 4f 
54720	0	0	90 3c 42 
54730	10	0	b0 40 0 
55200	470	0	90 3c 0 
55200	0	0	90 48 0 
55200	0	0	90 34 0 
55200	0	0	90 40 0 
55200	0	0	90 4c 0 
55200	0	0	90 41 47 
55200	0	0	90 4a 47 
55200	0	0	90 4d 4f 
55200	0	0	90 32 3b 
55200	0	0	90 3e 42 
55680	480	0	ff 51 3 6 e8 de 
55680	0	0	90 3e 0 
55680	0	0	90 4d 0 
55680	0	0	90 41 0 
55680	0	0	90 4a 0 
55680	0	0	90 32 0 
55680	0	0	90 48 47 
55680	0	0	90 40 47 
55680	0	0	90 4c 50 
55680	0	0	90 37 42 
55680	0	0	90 3c 42 
56160	480	0	ff 51 3 6 bb 58 
56160	0	0	90 3c 0 
56160	0	0	90 48 0 
56160	0	0	90 4c 0 
56160	0	0	90 40 0 
56160	0	0	90 3e 49 
56160	0	0	90 47 49 
56160	0	0	90 4a 50 
56160	0	0	90 3b 44 
56259	99	0	b0 40 7f 
56520	261	0	90 3b 0 
56520	0	0	90 47 0 
56520	0	0	90 4a 0 
56520	0	0	90 3e 0 
56520	0	0	90 3c 45 
56520	0	0	90 45 45 
56520	0	0	90 48 4c 
56520	0	0	90 39 49 
56640	120	0	90 39 0 
56640	0	0	90 45 0 
56640	0	0	90 48 0 
56640	0	0	90 3c 0 
56640	0	0	90 3e 45 
56640	0	0	90 47 45 
56640	0	0	90 4a 4f 
56640	0	0	90 3b 42 
56650	10	0	b0 40 0 
56880	230	0	90 37 0 
56880	0	0	90 35 49 
57000	120	0	90 35 0 
57120	120	0	ff 51 3 6 96 27 
57120	0	0	90 3b 0 
57120	0	0	90 3e 0 
57120	0	0	90 47 0 
57120	0	0	90 4a 0 
57120	0	0	90 41 46 
57120	0	0	90 43 55 
57120	0	0	90 34 4c 
57120	0	0	90 37 47 
57240	120	0	90 34 0 
57360	120	0	90 32 49 
57480	120	0	90 32 0 
57600	120	0	ff 51 3 6 bb 58 
57600	0	0	90 37 0 
57600	0	0	90 43 0 
57600	0	0	90 41 0 
57600	0	0	90 48 47 
57600	0	0	90 40 47 
57600	0	0	90 4c 4f 
57600	0	0	90 30 3e 
57600	0	0	90 3c 46 
57664	64	0	b0 40 7f 
58120	456	0	ff 51 3 6 a8 8c 
58320	200	0	90 3c 0 
58320	0	0	90 48 0 
58320	0	0	90 4c 0 
58320	0	0	90 40 0 
58320	0	0	90 3e 47 
58320	0	0	90 47 47 
58320	0	0	90 4a 4f 
58320	0	0	b0 40 0 
58320	0	0	90 3b 3f 
58440	120	0	90 4a 0 
58440	0	0	90 47 0 
58440	0	0	90 3e 0 
58560	120	0	ff 51 3 6 b5 8 
58560	0	0	90 3b 0 
58560	0	0	90 3c 40 
58560	0	0	90 45 40 
58560	0	0	90 48 4c 
58560	0	0	90 39 40 
58680	120	0	90 48 0 
58680	0	0	90 45 0 
58680	0	0	90 3c 0 
58800	120	0	ff 51 3 6 f6 52 
58800	0	0	90 39 0 
58800	0	0	90 3e 41 
58800	0	0	90 47 41 
58800	0	0	90 4a 4d 
58800	0	0	90 3b 44 
58920	120	0	90 4a 0 
58920	0	0	90 47 0 
58920	0	0	90 3e 0 
59040	120	0	ff 51 3 6 d5 11 
59040	0	0	90 30 0 
59040	0	0	90 3b 0 
59040	0	0	90 40 43 
59040	0	0	90 48 43 
59040	0	0	90 4c 4f 
59040	0	0	90 2f 44 
59040	0	0	90 3c 44 
59160	120	0	90 4c 0 
59160	0	0	90 40 0 
59160	0	0	90 48 0 
59280	120	0	90 3c 0 
59280	0	0	90 3e 41 
59280	0	0	90 47 41 
59280	0	0	90 4a 4d 
59280	0	0	90 3b 42 
59400	120	0	ff 51 3 7 5a 88 
59400	0	0	90 4a 0 
59400	0	0	90 47 0 
59400	0	0	90 3e 0 
59520	120	0	ff 51 3 6 e8 de 
59520	0	0	90 2f 0 
59520	0	0	90 3b 0 
59520	0	0	90 45 47 
59520	0	0	90 3c 47 
59520	0	0	90 48 50 
59520	0	0	90 34 42 
59520	0	0	90 39 42 
60000	480	0	ff 51 3 6 bb 58 
60000	0	0	90 39 0 
60000	0	0	90 45 0 
60000	0	0	90 48 0 
60000	0	0	90 3c 0 
60000	0	0	90 3b 49 
60000	0	0	90 44 49 
60000	0	0	90 47 50 
60000	0	0	90 38 44 
60086	86	0	b0 40 7f 
60360	274	0	90 38 0 
60360	0	0	90 44 0 
60360	0	0	90 47 0 
60360	0	0	90 3b 0 
60360	0	0	90 39 41 
60360	0	0	90 42 41 
60360	0	0	90 45 49 
60360	0	0	90 36 44 
60480	120	0	90 36 0 
60480	0	0	90 42 0 
60480	0	0	90 45 0 
60480	0	0	90 39 0 
60480	0	0	90 3b 41 
60480	0	0	90 44 41 
60480	0	0	90 47 4c 
60480	0	0	90 38 3e 
60490	10	0	b0 40 0 
60720	230	0	90 34 0 
60720	0	0	90 32 4c 
60840	120	0	90 32 0 
60960	120	0	ff 51 3 6 ef 91 
60960	0	0	90 38 0 
60960	0	0	90 3b 0 
60960	0	0	90 44 0 
60960	0	0	90 47 0 
60960	0	0	90 3e 47 
60960	0	0	90 40 50 
60960	0	0	90 30 4f 
60960	0	0	90 34 4a 
61080	120	0	90 30 0 
61200	120	0	90 2d 4c 
61320	120	0	90 2d 0 
61440	120	0	ff 51 3 6 bb 58 
61440	0	0	90 34 0 
61440	0	0	90 40 0 
61440	0	0	90 3e 0 
61440	0	0	90 3c 47 
61440	0	0	90 40 47 
61440	0	0	90 45 4f 
61440	0	0	90 2d 3b 
61440	0	0	90 30 3b 
61440	0	0	90 39 42 
61567	127	0	b0 40 7f 
62160	593	0	ff 51 3 6 90 1c 
62160	0	0	90 39 0 
62160	0	0	90 40 0 
62160	0	0	90 45 0 
62160	0	0	90 3c 0 
62160	0	0	90 30 0 
62160	0	0	90 2d 0 
62160	0	0	90 40 45 
62160	0	0	90 47 4c 
62160	0	0	90 34 39 
62160	0	0	90 3b 40 
62400	240	0	ff 51 3 6 bb 58 
62400	0	0	90 3b 0 
62400	0	0	90 40 0 
62400	0	0	90 47 0 
62400	0	0	90 34 0 
62400	0	0	90 45 47 
62400	0	0	90 48 4f 
62400	0	0	90 39 3b 
62400	0	0	90 3c 42 
62410	10	0	b0 40 0 
62880	470	0	90 3c 0 
62880	0	0	90 45 0 
62880	0	0	90 48 0 
62880	0	0	90 39 0 
62880	0	0	90 47 47 
62880	0	0	90 4a 4f 
62880	0	0	90 3b 3b 
62880	0	0	90 3e 42 
63360	480	0	ff 51 3 6 e8 de 
63360	0	0	90 3e 0 
63360	0	0	90 47 0 
63360	0	0	90 4a 0 
63360	0	0	90 3b 0 
63360	0	0	90 48 47 
63360	0	0	90 4c 50 
63360	0	0	90 3c 3b 
63360	0	0	90 40 42 
63840	480	0	ff 51 3 6 a2 5f 
63840	0	0	90 40 0 
63840	0	0	90 48 0 
63840	0	0	90 4c 0 
63840	0	0	90 3c 0 
63840	0	0	90 43 4c 
63840	0	0	90 4c 4c 
63840	0	0	90 4f 56 
63840	0	0	90 34 4c 
63840	0	0	90 40 4c 
63960	120	0	90 34 0 
64080	120	0	ff 51 3 6 fd 1f 
64080	0	0	90 35 4d 
64200	120	0	90 35 0 
64320	120	0	ff 51 3 6 bb 58 
64320	0	0	90 37 54 
64800	480	0	ff 51 3 6 96 27 
64800	0	0	90 40 0 
64800	0	0	90 4f 0 
64800	0	0	90 43 0 
64800	0	0	90 4c 0 
64800	0	0	90 4a 47 
64800	0	0	90 4d 50 
64800	0	0	90 41 46 
64800	0	0	90 3e 3e 
65160	360	0	90 3e 0 
65160	0	0	90 4d 0 
65160	0	0	90 41 0 
65160	0	0	90 4a 0 
65160	0	0	90 48 44 
65160	0	0	90 4c 4c 
65160	0	0	90 3c 3b 
65160	0	0	90 40 42 
65280	120	0	ff 51 3 6 bb 58 
65280	0	0	90 40 0 
65280	0	0	90 4c 0 
65280	0	0	90 3c 0 
65280	0	0	90 48 0 
65280	0	0	90 48 47 
65280	0	0	90 4c 4f 
65280	0	0	90 3c 3e 
65280	0	0	90 40 46 
65760	480	0	90 40 0 
65760	0	0	90 4c 0 
65760	0	0	90 37 0 
65760	0	0	90 48 0 
65760	0	0	90 3c 0 
65760	0	0	90 47 47 
65760	0	0	90 4a 4f 
65760	0	0	90 38 3b 
65760	0	0	90 3b 3b 
65760	0	0	90 3e 42 
65800	40	0	ff 51 3 6 a8 8c 
66120	320	0	90 3e 0 
66120	0	0	90 4a 0 
66120	0	0	90 47 0 
66120	0	0	90 3b 0 
66120	0	0	90 45 44 
66120	0	0	90 48 4c 
66120	0	0	90 39 39 
66120	0	0	90 3c 3f 
66240	120	0	ff 51 3 6 b5 8 
66240	0	0	90 3c 0 
66240	0	0	90 48 0 
66240	0	0	90 38 0 
66240	0	0	90 45 0 
66240	0	0	90 39 0 
66240	0	0	90 45 47 
66240	0	0	90 48 4f 
66240	0	0	90 39 3b 
66240	0	0	90 3c 42 
66480	240	0	ff 51 3 6 f6 52 
66480	0	0	90 48 0 
66480	0	0	90 45 0 
66480	0	0	90 48 55 
66720	240	0	ff 51 3 7 35 79 
66720	0	0	90 48 0 
66720	0	0	90 39 0 
66720	0	0	90 3c 0 
66720	0	0	90 40 44 
66720	0	0	90 41 49 
66720	0	0	90 48 49 
66720	0	0	90 4c 4f 
66720	0	0	90 32 39 
66720	0	0	90 3c 40 
66819	99	0	b0 40 7f 
67080	261	0	ff 51 3 7 c2 3b 
67080	0	0	90 3c 0 
67080	0	0	90 41 0 
67080	0	0	90 48 0 
67080	0	0	90 40 0 
67080	0	0	90 4c 0 
67080	0	0	90 47 44 
67080	0	0	90 4a 4c 
67080	0	0	90 3b 3f 
67080	0	0	90 3e 3f 
67200	120	0	ff 51 3 6 ef 91 
67200	0	0	90 3e 0 
67200	0	0	90 4a 0 
67200	0	0	90 32 0 
67200	0	0	90 47 0 
67200	0	0	90 3b 0 
67200	0	0	90 45 42 
67200	0	0	90 48 4b 
67200	0	0	90 34 38 
67200	0	0	90 3c 3f 
67200	0	0	90 39 38 
67210	10	0	b0 40 0 
67680	470	0	ff 51 3 7 11 d8 
67680	0	0	90 3f 4c 
68000	320	0	ff 51 3 7 4b 88 
68040	40	0	90 3f 0 
68040	0	0	90 40 42 
68160	120	0	ff 51 3 6 ef 91 
68160	0	0	90 40 0 
68160	0	0	90 39 0 
68160	0	0	90 48 0 
68160	0	0	90 45 0 
68160	0	0	90 3c 0 
68160	0	0	90 44 3d 
68160	0	0	90 47 45 
68160	0	0	90 38 34 
68160	0	0	90 3b 39 
68400	240	0	90 3b 0 
68400	0	0	90 47 0 
68400	0	0	90 34 0 
68400	0	0	90 44 0 
68400	0	0	90 38 0 
68640	240	0	ff 51 3 6 ef 91 
68640	0	0	90 3e 47 
68640	0	0	90 40 50 
68640	0	0	90 34 4a 
69120	480	0	ff 51 3 6 bb 58 
69120	0	0	90 34 0 
69120	0	0	90 40 0 
69120	0	0	90 3e 0 
69120	0	0	90 3c 47 
69120	0	0	90 40 47 
69120	0	0	90 45 4f 
69120	0	0	90 2d 3b 
69120	0	0	90 30 3b 
69120	0	0	90 39 42 
69247	127	0	b0 40 7f 
69840	593	0	ff 51 3 6 90 1c 
69840	0	0	90 39 0 
69840	0	0	90 40 0 
69840	0	0	90 45 0 
69840	0	0	90 3c 0 
69840	0	0	90 30 0 
69840	0	0	90 2d 0 
69840	0	0	90 40 45 
69840	0	0	90 47 4c 
69840	0	0	90 34 39 
69840	0	0	90 3b 40 
70080	240	0	ff 51 3 6 bb 58 
70080	0	0	90 3b 0 
70080	0	0	90 40 0 
70080	0	0	90 47 0 
70080	0	0	90 34 0 
70080	0	0	90 45 47 
70080	0	0	90 48 4f 
70080	0	0	90 3c 43 
70080	0	0	90 39 3b 
70090	10	0	b0 40 0 
70200	110	0	b0 40 7f 
70440	240	0	90 39 0 
70440	0	0	90 45 0 
70440	0	0	90 48 0 
70440	0	0	90 3c 0 
70440	0	0	90 40 47 
70440	0	0	90 47 4f 
70440	0	0	90 3b 3f 
70440	0	0	90 34 35 
70560	120	0	90 34 0 
70560	0	0	90 40 0 
70560	0	0	90 47 0 
70560	0	0	90 3b 0 
70560	0	0	90 45 47 
70560	0	0	90 48 4f 
70560	0	0	90 3c 44 
70560	0	0	90 39 39 
70570	10	0	b0 40 0 
70680	110	0	b0 40 7f 
70920	240	0	90 39 0 
70920	0	0	90 45 0 
70920	0	0	90 48 0 
70920	0	0	90 3c 0 
70920	0	0	90 4a 4f 
70920	0	0	90 47 47 
70920	0	0	90 3e 36 
70920	0	0	90 3b 34 
71040	120	0	ff 51 3 6 e8 de 
71040	0	0	90 3b 0 
71040	0	0	90 4a 0 
71040	0	0	90 47 0 
71040	0	0	90 3e 0 
71040	0	0	90 48 47 
71040	0	0	90 4c 50 
71040	0	0	90 40 42 
71040	0	0	90 3c 3b 
71047	7	0	b0 40 0 
71520	473	0	ff 51 3 6 a2 5f 
71520	0	0	90 3c 0 
71520	0	0	90 48 0 
71520	0	0	90 4c 0 
71520	0	0	90 40 0 
71520	0	0	90 4c 4c 
71520	0	0	90 4f 56 
71520	0	0	90 43 4c 
71520	0	0	90 40 4c 
71760	240	0	ff 51 3 6 fd 1f 
72000	240	0	ff 51 3 6 bb 58 
72480	480	0	ff 51 3 6 96 27 
72480	0	0	90 40 0 
72480	0	0	90 4c 0 
72480	0	0	90 4f 0 
72480	0	0	90 43 0 
72480	0	0	90 4f 4d 
72480	0	0	90 52 58 
72480	0	0	90 43 4b 
72480	0	0	90 46 4b 
72960	480	0	ff 51 3 6 bb 58 
73200	240	0	90 41 4b 
73320	120	0	90 41 0 
73440	120	0	ff 51 3 6 78 5c 
73440	0	0	90 40 47 
73560	120	0	90 40 0 
73680	120	0	90 3e 47 
73800	120	0	ff 51 3 6 96 27 
73800	0	0	90 3e 0 
73920	120	0	ff 51 3 6 b5 8 
73920	0	0	90 3d 42 
74160	240	0	ff 51 3 6 ce 91 
74280	120	0	90 43 0 
74280	0	0	90 46 0 
74280	0	0	90 4f 0 
74280	0	0	90 52 0 
74280	0	0	90 46 43 
74280	0	0	90 4f 43 
74280	0	0	90 52 4f 
74280	0	0	90 43 3f 
74370	90	0	90 43 0 
74370	0	0	90 4f 0 
74370	0	0	90 52 0 
74370	0	0	90 46 0 
74400	30	0	ff 51 3 6 9c 3d 
74400	0	0	90 3d 0 
74400	0	0	90 45 49 
74400	0	0	90 4d 49 
74400	0	0	90 51 51 
74400	0	0	90 41 41 
74457	57	0	b0 40 7f 
74490	33	0	90 51 0 
74520	30	0	90 45 0 
74520	0	0	90 4d 0 
74520	0	0	90 41 0 
74760	240	0	ff 51 3 6 fd 1f 
74760	0	0	90 43 44 
74760	0	0	90 4c 44 
74760	0	0	90 4f 4c 
74760	0	0	90 40 3b 
74850	90	0	90 40 0 
74850	0	0	90 43 0 
74850	0	0	90 4c 0 
74850	0	0	90 4f 0 
74880	30	0	ff 51 3 6 bb 58 
74880	0	0	90 41 4b 
74880	0	0	90 4a 4b 
74880	0	0	90 4d 54 
74880	0	0	90 3e 47 
74884	4	0	b0 40 0 
75120	236	0	90 3c 47 
75240	120	0	ff 51 3 6 96 27 
75240	0	0	90 3c 0 
75360	120	0	ff 51 3 6 78 5c 
75360	0	0	90 3b 47 
75480	120	0	90 3b 0 
75600	120	0	90 39 47 
75720	120	0	ff 51 3 6 a2 5f 
75720	0	0	90 39 0 
75840	120	0	ff 51 3 6 b5 8 
75840	0	0	90 38 42 
76080	240	0	ff 51 3 6 ce 91 
76200	120	0	90 4d 0 
76200	0	0	90 3e 0 
76200	0	0	90 41 0 
76200	0	0	90 4a 0 
76200	0	0	90 41 43 
76200	0	0	90 4a 43 
76200	0	0	90 4d 4f 
76200	0	0	90 3e 3f 
76290	90	0	90 3e 0 
76290	0	0	90 4a 0 
76290	0	0	90 4d 0 
76290	0	0	90 41 0 
76320	30	0	ff 51 3 6 96 27 
76320	0	0	90 38 0 
76320	0	0	90 40 49 
76320	0	0	90 48 49 
76320	0	0	90 4c 51 
76320	0	0	90 3c 41 
76355	35	0	b0 40 7f 
76440	85	0	90 3c 0 
76440	0	0	90 40 0 
76440	0	0	90 48 0 
76440	0	0	90 4c 0 
76680	240	0	ff 51 3 6 ef 91 
76680	0	0	90 3e 44 
76680	0	0	90 47 44 
76680	0	0	90 4a 4c 
76680	0	0	90 3b 3b 
76770	90	0	90 3b 0 
76770	0	0	90 3e 0 
76770	0	0	90 47 0 
76770	0	0	90 4a 0 
76800	30	0	ff 51 3 6 bb 58 
76800	0	0	90 3c 4b 
76800	0	0	90 45 4b 
76800	0	0	90 48 54 
76800	0	0	90 39 47 
76805	5	0	b0 40 0 
77040	235	0	90 37 47 
77160	120	0	ff 51 3 6 90 1c 
77160	0	0	90 37 0 
77280	120	0	ff 51 3 6 ae c4 
77280	0	0	90 36 47 
77400	120	0	90 36 0 
77520	120	0	90 34 47 
77640	120	0	90 34 0 
77760	120	0	ff 51 3 6 84 26 
77760	0	0	90 33 42 
78000	240	0	ff 51 3 6 ce 91 
78000	0	0	90 3c 0 
78000	0	0	90 48 0 
78000	0	0	90 45 0 
78000	0	0	90 3b 43 
78000	0	0	90 44 43 
78000	0	0	90 47 4f 
78000	0	0	90 38 3f 
78090	90	0	90 38 0 
78090	0	0	90 44 0 
78090	0	0	90 3b 0 
78090	0	0	90 47 0 
78120	30	0	90 39 0 
78240	120	0	ff 51 3 6 ce 91 
78240	0	0	90 33 0 
78240	0	0	90 39 49 
78240	0	0	90 42 49 
78240	0	0	90 45 51 
78240	0	0	90 36 41 
78360	120	0	90 36 0 
78360	0	0	90 39 0 
78360	0	0	90 42 0 
78360	0	0	90 45 0 
78480	120	0	90 3b 44 
78480	0	0	90 44 44 
78480	0	0	90 47 4c 
78480	0	0	90 38 3b 
78570	90	0	90 38 0 
78570	0	0	90 3b 0 
78570	0	0	90 44 0 
78570	0	0	90 47 0 
78600	30	0	ff 51 3 6 d5 11 
78720	120	0	ff 51 3 6 ce 91 
78720	0	0	90 3c 40 
78720	0	0	90 45 40 
78720	0	0	90 48 4c 
78720	0	0	90 34 3b 
78720	0	0	90 39 47 
78840	120	0	ff 51 3 6 c8 1c 
78840	0	0	90 39 0 
78840	0	0	90 3c 0 
78840	0	0	90 48 0 
78840	0	0	90 45 0 
78960	120	0	ff 51 3 6 c1 b4 
78960	0	0	90 3e 41 
78960	0	0	90 47 41 
78960	0	0	90 4a 4d 
78960	0	0	90 3b 49 
79080	120	0	ff 51 3 6 bb 58 
79080	0	0	90 3b 0 
79080	0	0	90 47 0 
79080	0	0	90 4a 0 
79080	0	0	90 3e 0 
79160	80	0	ff 51 3 6 b5 8 
79200	40	0	90 40 43 
79200	0	0	90 48 43 
79200	0	0	90 4c 4f 
79200	0	0	90 3c 4a 
79280	80	0	ff 51 3 6 ae c4 
79320	40	0	90 3c 0 
79320	0	0	90 48 0 
79320	0	0	90 4c 0 
79320	0	0	90 40 0 
79400	80	0	ff 51 3 6 a8 8c 
79440	40	0	90 41 45 
79440	0	0	90 4a 45 
79440	0	0	90 4d 51 
79440	0	0	90 3e 4b 
79480	40	0	ff 51 3 6 a2 5f 
79560	80	0	ff 51 3 6 a8 8c 
79560	0	0	90 3e 0 
79560	0	0	90 4a 0 
79560	0	0	90 4d 0 
79560	0	0	90 41 0 
79600	40	0	ff 51 3 6 ae c4 
79640	40	0	ff 51 3 6 b5 8 
79680	40	0	ff 51 3 6 bb 58 
79680	0	0	90 40 42 
79680	0	0	90 48 42 
79680	0	0	90 4c 4e 
79680	0	0	90 3c 4c 
79720	40	0	ff 51 3 6 c1 b4 
79760	40	0	ff 51 3 6 c8 1c 
79800	40	0	ff 51 3 6 ce 91 
79800	0	0	90 3c 0 
79800	0	0	90 48 0 
79800	0	0	90 4c 0 
79800	0	0	90 40 0 
79840	40	0	ff 51 3 6 d5 11 
79880	40	0	ff 51 3 6 db 9e 
79920	40	0	ff 51 3 6 e2 38 
79920	0	0	90 3e 41 
79920	0	0	90 47 41 
79920	0	0	90 4a 4d 
79920	0	0	90 3b 4b 
79960	40	0	ff 51 3 6 e8 de 
80000	40	0	ff 51 3 6 ef 91 
80040	40	0	ff 51 3 6 f6 52 
80040	0	0	90 3b 0 
80040	0	0	90 47 0 
80040	0	0	90 4a 0 
80040	0	0	90 3e 0 
80080	40	0	ff 51 3 6 fd 1f 
80160	80	0	ff 51 3 7 a e2 
80160	0	0	90 3c 40 
80160	0	0	90 45 40 
80160	0	0	90 48 4c 
80160	0	0	90 39 49 
80280	120	0	90 39 0 
80280	0	0	90 45 0 
80280	0	0	90 48 0 
80280	0	0	90 3c 0 
80320	40	0	90 34 0 
80400	80	0	ff 51 3 7 b1 8a 
80520	120	0	90 40 40 
80520	0	0	90 47 4c 
80520	0	0	90 34 3a 
80520	0	0	90 3b 46 
80610	90	0	90 3b 0 
80610	0	0	90 40 0 
80610	0	0	90 47 0 
80610	0	0	90 34 0 
80640	30	0	90 40 40 
80640	0	0	90 47 4c 
80640	0	0	90 34 3a 
80640	0	0	90 3b 46 
81600	960	0	90 3b 0 
81600	0	0	90 40 0 
81600	0	0	90 47 0 
81600	0	0	90 34 0 
81600	0	0	90 3c 40 
81600	0	0	90 45 4c 
81600	0	0	90 2d 3b 
81600	0	0	90 39 47 
82080	480	0	ff 51 3 6 8a 1b 
82080	0	0	90 39 0 
82080	0	0	90 3c 0 
82080	0	0	90 45 0 
82080	0	0	90 2d 0 
82200	120	0	90 45 22 
82320	120	0	90 45 0 
82320	0	0	90 44 22 
82440	120	0	90 44 0 
82440	0	0	90 45 22 
82560	120	0	ff 51 3 6 3f d4 
82560	0	0	90 45 0 
82560	0	0	90 47 29 
82680	120	0	90 47 0 
82680	0	0	90 44 23 
82800	120	0	ff 51 3 7 a e2 
82800	0	0	90 44 0 
82800	0	0	90 40 23 
82920	120	0	90 40 0 
83040	120	0	ff 51 3 6 8a 1b 
83040	0	0	90 3b 1b 
83040	0	0	90 38 17 
83040	0	0	90 34 17 
83160	120	0	ff 51 3 6 50 61 
83160	0	0	90 47 22 
83280	120	0	90 47 0 
83280	0	0	90 44 22 
83400	120	0	90 44 0 
83400	0	0	90 40 22 
83520	120	0	ff 51 3 6 3a 63 
83520	0	0	90 40 0 
83520	0	0	90 3b 0 
83520	0	0	90 38 0 
83520	0	0	90 34 0 
83520	0	0	90 48 29 
83640	120	0	90 48 0 
83640	0	0	90 45 22 
83760	120	0	ff 51 3 7 3 fa 
83760	0	0	90 45 0 
83760	0	0	90 40 22 
83880	120	0	90 40 0 
84000	120	0	ff 51 3 6 8a 1b 
84000	0	0	90 34 17 
84000	0	0	90 39 17 
84000	0	0	90 3c 1b 
84120	120	0	ff 51 3 6 55 f9 
84120	0	0	90 48 24 
84240	120	0	90 48 0 
84240	0	0	90 45 24 
84360	120	0	90 45 0 
84360	0	0	90 40 24 
84480	120	0	ff 51 3 6 45 4f 
84480	0	0	90 40 0 
84480	0	0	90 34 0 
84480	0	0	90 39 0 
84480	0	0	90 3c 0 
84480	0	0	90 45 29 
84600	120	0	90 45 0 
84600	0	0	90 42 24 
84720	120	0	ff 51 3 7 a e2 
84720	0	0	90 42 0 
84720	0	0	90 3f 24 
84840	120	0	90 3f 0 
84960	120	0	ff 51 3 6 8a 1b 
84960	0	0	90 39 1b 
84960	0	0	90 36 17 
84960	0	0	90 34 17 
85080	120	0	ff 51 3 6 55 f9 
85080	0	0	90 45 24 
85200	120	0	90 45 0 
85200	0	0	90 42 24 
85320	120	0	90 42 0 
85320	0	0	90 3f 24 
85440	120	0	ff 51 3 6 3f d4 
85440	0	0	90 3f 0 
85440	0	0	90 39 0 
85440	0	0	90 36 0 
85440	0	0	90 34 0 
85440	0	0	90 47 29 
85560	120	0	90 47 0 
85560	0	0	90 44 23 
85680	120	0	ff 51 3 6 fd 1f 
85680	0	0	90 44 0 
85680	0	0	90 40 23 
85800	120	0	90 40 0 
85920	120	0	ff 51 3 6 8a 1b 
85920	0	0	90 3b 1b 
85920	0	0	90 38 17 
85920	0	0	90 34 17 
86040	120	0	ff 51 3 6 4a d3 
86040	0	0	90 42 27 
86160	120	0	90 42 0 
86160	0	0	90 44 27 
86280	120	0	90 44 0 
86280	0	0	90 45 27 
86400	120	0	ff 51 3 6 3a 63 
86400	0	0	90 45 0 
86400	0	0	90 3b 0 
86400	0	0	90 38 0 
86400	0	0	90 34 0 
86400	0	0	90 47 2a 
86400	0	0	90 28 1b 
86400	0	0	90 34 20 
86451	51	0	b0 40 7f 
86520	69	0	90 47 0 
86520	0	0	90 44 26 
86640	120	0	ff 51 3 7 3 fa 
86640	0	0	90 44 0 
86640	0	0	90 40 26 
86760	120	0	90 40 0 
86880	120	0	ff 51 3 6 8a 1b 
86880	0	0	90 34 0 
86880	0	0	90 28 0 
86880	0	0	90 3e 1f 
86880	0	0	90 3b 19 
86880	0	0	90 34 19 
86883	3	0	b0 40 0 
87000	117	0	ff 51 3 6 45 4f 
87000	0	0	90 47 2e 
87006	6	0	b0 40 7f 
87120	114	0	90 47 0 
87120	0	0	90 44 2f 
87240	120	0	90 44 0 
87240	0	0	90 40 2f 
87360	120	0	ff 51 3 6 34 fc 
87360	0	0	90 40 0 
87360	0	0	90 3e 0 
87360	0	0	90 3b 0 
87360	0	0	90 34 0 
87360	0	0	90 48 35 
87367	7	0	b0 40 0 
87446	79	0	b0 40 7f 
87480	34	0	90 48 0 
87480	0	0	90 45 30 
87600	120	0	ff 51 3 6 fd 1f 
87600	0	0	90 45 0 
87600	0	0	90 40 30 
87720	120	0	90 40 0 
87840	120	0	ff 51 3 6 8a 1b 
87840	0	0	90 34 20 
87840	0	0	90 39 20 
87840	0	0	90 3c 26 
87844	4	0	b0 40 0 
87960	116	0	ff 51 3 6 4a d3 
87960	0	0	90 48 35 
88000	40	0	b0 40 7f 
88080	80	0	90 48 0 
88080	0	0	90 45 36 
88200	120	0	90 45 0 
88200	0	0	90 40 36 
88320	120	0	ff 51 3 6 3a 63 
88320	0	0	90 40 0 
88320	0	0	90 34 0 
88320	0	0	90 39 0 
88320	0	0	90 3c 0 
88320	0	0	90 45 3c 
88320	0	0	90 28 21 
88320	0	0	90 34 26 
88325	5	0	b0 40 0 
88366	41	0	b0 40 7f 
88440	74	0	90 45 0 
88440	0	0	90 42 38 
88560	120	0	ff 51 3 6 fd 1f 
88560	0	0	90 42 0 
88560	0	0	90 3f 38 
88680	120	0	90 3f 0 
88800	120	0	ff 51 3 6 8a 1b 
88800	0	0	90 34 0 
88800	0	0	90 28 0 
88800	0	0	90 39 25 
88800	0	0	90 3c 2d 
88800	0	0	90 36 25 
88800	0	0	90 34 25 
88807	7	0	b0 40 0 
88920	113	0	ff 51 3 6 50 61 
88920	0	0	90 45 3a 
88966	46	0	b0 40 7f 
89040	74	0	90 45 0 
89040	0	0	90 42 3a 
89160	120	0	90 42 0 
89160	0	0	90 3f 3a 
89280	120	0	ff 51 3 6 c8 1c 
89280	0	0	90 3f 0 
89280	0	0	90 36 0 
89280	0	0	90 39 0 
89280	0	0	90 3c 0 
89280	0	0	90 34 0 
89280	0	0	90 47 47 
89286	6	0	b0 40 0 
89349	63	0	b0 40 7f 
89400	51	0	90 47 0 
89400	0	0	90 44 3b 
89520	120	0	ff 51 3 6 bb 58 
89520	0	0	90 44 0 
89520	0	0	90 40 3c 
89640	120	0	90 40 0 
89760	120	0	ff 51 3 6 ef 91 
89760	0	0	90 34 39 
89760	0	0	90 38 3f 
89760	0	0	90 3b 4e 
89769	9	0	b0 40 0 
89834	65	0	b0 40 7f 
90000	166	0	ff 51 3 6 e8 de 
90000	0	0	90 3b 0 
90000	0	0	90 38 0 
90000	0	0	90 34 0 
90000	0	0	90 40 4f 
90000	0	0	90 28 39 
90000	0	0	90 34 3f 
90240	240	0	ff 51 3 6 bb 58 
90240	0	0	90 34 0 
90240	0	0	90 28 0 
90240	0	0	90 40 0 
90240	0	0	90 3b 47 
90240	0	0	90 40 47 
90240	0	0	90 47 4f 
90240	0	0	90 2c 3b 
90240	0	0	90 34 42 
90245	5	0	b0 40 0 
90367	122	0	b0 40 7f 
90960	593	0	ff 51 3 6 90 1c 
90960	0	0	90 34 0 
90960	0	0	90 47 0 
90960	0	0	90 3b 0 
90960	0	0	90 40 0 
90960	0	0	90 2c 0 
90960	0	0	90 3c 45 
90960	0	0	90 40 45 
90960	0	0	90 48 4c 
90960	0	0	90 2d 39 
90960	0	0	90 34 40 
91200	240	0	ff 51 3 6 bb 58 
91200	0	0	90 34 0 
91200	0	0	90 48 0 
91200	0	0	90 3c 0 
91200	0	0	90 40 0 
91200	0	0	90 2d 0 
91200	0	0	90 3e 47 
91200	0	0	90 40 47 
91200	0	0	90 4a 4f 
91200	0	0	90 2f 3b 
91200	0	0	90 34 42 
91210	10	0	b0 40 0 
91680	470	0	90 34 0 
91680	0	0	90 4a 0 
91680	0	0	90 3e 0 
91680	0	0	90 40 0 
91680	0	0	90 2f 0 
91680	0	0	90 3c 47 
91680	0	0	90 40 47 
91680	0	0	90 48 4f 
91680	0	0	90 2d 3b 
91680	0	0	90 34 42 
92160	480	0	ff 51 3 6 e8 de 
92160	0	0	90 34 0 
92160	0	0	90 48 0 
92160	0	0	90 3c 0 
92160	0	0	90 40 0 
92160	0	0	90 2d 0 
92160	0	0	90 41 47 
92160	0	0	90 44 47 
92160	0	0	90 4d 50 
92160	0	0	90 32 3b 
92160	0	0	90 34 42 
92280	120	0	90 34 0 
92280	0	0	90 4d 0 
92280	0	0	90 41 0 
92280	0	0	90 44 0 
92280	0	0	90 32 0 
92520	240	0	90 40 47 
92520	0	0	90 44 47 
92520	0	0	90 4c 50 
92520	0	0	90 30 3b 
92520	0	0	90 34 42 
92610	90	0	90 34 0 
92610	0	0	90 4c 0 
92610	0	0	90 40 0 
92610	0	0	90 44 0 
92610	0	0	90 30 0 
92640	30	0	ff 51 3 6 bb 58 
92640	0	0	90 3e 4c 
92640	0	0	90 44 4c 
92640	0	0	90 4a 56 
92640	0	0	90 2f 40 
92640	0	0	90 34 49 
93600	960	0	ff 51 3 6 96 27 
93600	0	0	90 34 0 
93600	0	0	90 4a 0 
93600	0	0	90 3e 0 
93600	0	0	90 44 0 
93600	0	0	90 2f 0 
93600	0	0	90 41 47 
93600	0	0	90 44 47 
93600	0	0	90 4d 50 
93600	0	0	90 32 3e 
93600	0	0	90 3e 46 
93600	0	0	90 34 3e 
94080	480	0	ff 51 3 6 bb 58 
94080	0	0	90 34 0 
94080	0	0	90 44 0 
94080	0	0	90 4d 0 
94080	0	0	90 41 0 
94080	0	0	90 3e 0 
94080	0	0	90 32 0 
94080	0	0	90 40 47 
94080	0	0	90 45 47 
94080	0	0	90 4c 4f 
94080	0	0	90 30 3e 
94080	0	0	90 34 3e 
94080	0	0	90 3c 46 
94560	480	0	90 3c 0 
94560	0	0	90 45 0 
94560	0	0	90 4c 0 
94560	0	0	90 40 0 
94560	0	0	90 34 0 
94560	0	0	90 30 0 
94560	0	0	90 3c 47 
94560	0	0	90 40 47 
94560	0	0	90 48 4f 
94560	0	0	90 34 3b 
94560	0	0	90 2d 3b 
94560	0	0	90 39 42 
94600	40	0	ff 51 3 6 a8 8c 
95040	440	0	ff 51 3 6 b5 8 
95040	0	0	90 39 0 
95040	0	0	90 40 0 
95040	0	0	90 48 0 
95040	0	0	90 3c 0 
95040	0	0	90 2d 0 
95040	0	0	90 34 0 
95040	0	0	90 3b 4b 
95040	0	0	90 40 47 
95040	0	0	90 47 4b 
95040	0	0	90 34 3e 
95040	0	0	90 2c 3e 
95040	0	0	90 38 45 
95280	240	0	ff 51 3 6 f6 52 
95520	240	0	ff 51 3 6 d5 11 
95520	0	0	90 38 0 
95520	0	0	90 40 0 
95520	0	0	90 47 0 
95520	0	0	90 3b 0 
95520	0	0	90 2c 0 
95520	0	0	90 34 0 
95520	0	0	90 3c 42 
95520	0	0	90 3f 49 
95520	0	0	90 45 4c 
95520	0	0	90 34 39 
95520	0	0	90 2a 39 
95520	0	0	90 36 46 
95591	71	0	b0 40 7f 
95880	289	0	ff 51 3 7 5a 88 
95880	0	0	90 45 0 
95880	0	0	90 47 4c 
96000	120	0	ff 51 3 7 27 e 
96000	0	0	90 47 0 
96000	0	0	90 36 0 
96000	0	0	90 34 0 
96000	0	0	90 3c 0 
96000	0	0	90 3f 0 
96000	0	0	90 2a 0 
96000	0	0	90 3c 42 
96000	0	0	90 3f 42 
96000	0	0	90 45 4b 
96000	0	0	90 28 38 
96000	0	0	90 34 43 
96006	6	0	b0 40 0 
96183	177	0	b0 40 7f 
96480	297	0	ff 51 3 7 35 79 
96480	0	0	90 34 0 
96480	0	0	90 28 0 
96480	0	0	90 1c 42 
96480	0	0	90 28 4c 
96960	480	0	ff 51 3 6 ef 91 
96960	0	0	90 3c 0 
96960	0	0	90 45 0 
96960	0	0	90 3f 0 
96960	0	0	90 3b 41 
96960	0	0	90 40 41 
96960	0	0	90 44 49 
96970	10	0	b0 40 0 
97440	470	0	ff 51 3 7 a e2 
97440	0	0	90 44 0 
97440	0	0	90 3b 0 
97440	0	0	90 28 0 
97440	0	0	90 1c 0 
97440	0	0	90 40 0 
97440	0	0	90 40 4f 
97440	0	0	90 28 38 
97440	0	0	90 34 3f 
97920	480	0	ff 51 3 6 ce 91 
97920	0	0	90 34 0 
97920	0	0	90 28 0 
97920	0	0	90 40 0 
97920	0	0	90 3b 47 
97920	0	0	90 40 47 
97920	0	0	90 47 4f 
97920	0	0	90 32 38 
97920	0	0	90 34 38 
97920	0	0	90 38 42 
98047	127	0	b0 40 7f 
98640	593	0	ff 51 3 6 90 1c 
98640	0	0	90 38 0 
98640	0	0	90 40 0 
98640	0	0	90 47 0 
98640	0	0	90 3b 0 
98640	0	0	90 34 0 
98640	0	0	90 32 0 
98640	0	0	90 3c 45 
98640	0	0	90 45 45 
98640	0	0	90 48 4c 
98640	0	0	90 30 36 
98640	0	0	90 34 36 
98640	0	0	90 39 40 
98880	240	0	ff 51 3 6 bb 58 
98880	0	0	90 39 0 
98880	0	0	90 45 0 
98880	0	0	90 48 0 
98880	0	0	90 3c 0 
98880	0	0	90 34 0 
98880	0	0	90 30 0 
98880	0	0	90 3e 47 
98880	0	0	90 44 47 
98880	0	0	90 4a 4f 
98880	0	0	90 2f 38 
98880	0	0	90 34 38 
98880	0	0	90 3b 42 
98890	10	0	b0 40 0 
99358	468	0	90 3e 0 
99360	2	0	90 4a 0 
99360	0	0	90 2f 0 
99360	0	0	90 44 0 
99360	0	0	90 3b 0 
99360	0	0	90 34 0 
99360	0	0	90 41 47 
99360	0	0	90 44 47 
99360	0	0	90 4d 4f 
99360	0	0	90 32 38 
99360	0	0	90 34 38 
99360	0	0	90 3e 42 
99840	480	0	ff 51 3 6 e8 de 
99840	0	0	90 3e 0 
99840	0	0	90 44 0 
99840	0	0	90 4d 0 
99840	0	0	90 41 0 
99840	0	0	90 34 0 
99840	0	0	90 32 0 
99840	0	0	90 45 47 
99840	0	0	90 40 47 
99840	0	0	90 4c 50 
99840	0	0	90 30 38 
99840	0	0	90 34 38 
99840	0	0	90 3c 42 
99960	120	0	90 3c 0 
99960	0	0	90 40 0 
99960	0	0	90 4c 0 
99960	0	0	90 45 0 
99960	0	0	90 34 0 
99960	0	0	90 30 0 
100200	240	0	90 45 47 
100200	0	0	90 3e 47 
100200	0	0	90 4a 50 
100200	0	0	90 2f 38 
100200	0	0	90 34 38 
100200	0	0	90 3b 42 
100290	90	0	90 3b 0 
100290	0	0	90 3e 0 
100290	0	0	90 4a 0 
100290	0	0	90 45 0 
100290	0	0	90 34 0 
100290	0	0	90 2f 0 
100320	30	0	ff 51 3 6 bb 58 
100320	0	0	90 3c 47 
100320	0	0	90 45 4c 
100320	0	0	90 48 54 
100320	0	0	90 2d 39 
100320	0	0	90 34 39 
100320	0	0	90 39 44 
101280	960	0	ff 51 3 7 1f ee 
101280	0	0	90 39 0 
101280	0	0	90 45 0 
101280	0	0	90 48 0 
101280	0	0	90 3c 0 
101280	0	0	90 34 0 
101280	0	0	90 2d 0 
101280	0	0	90 42 4b 
101280	0	0	90 48 4b 
101280	0	0	90 40 4b 
101280	0	0	90 4c 54 
101280	0	0	90 2d 4a 
101280	0	0	90 21 41 
101760	480	0	ff 51 3 7 53 0 
101760	0	0	90 21 0 
101760	0	0	90 48 0 
101760	0	0	90 40 0 
101760	0	0	90 42 0 
101760	0	0	90 2d 0 
101760	0	0	90 4c 0 
101760	0	0	90 43 4b 
101760	0	0	90 47 4b 
101760	0	0	90 3e 4b 
101760	0	0	90 4a 53 
101760	0	0	90 23 41 
101760	0	0	90 2f 4a 
102240	480	0	ff 51 3 7 18 dc 
102240	0	0	90 2f 0 
102240	0	0	90 47 0 
102240	0	0	90 3e 0 
102240	0	0	90 43 0 
102240	0	0	90 23 0 
102240	0	0	90 4a 0 
102240	0	0	90 3c 4b 
102240	0	0	90 45 4b 
102240	0	0	90 40 4b 
102240	0	0	90 48 53 
102240	0	0	90 24 3e 
102240	0	0	90 30 45 
102720	480	0	ff 51 3 7 3c c4 
102720	0	0	90 30 0 
102720	0	0	90 45 0 
102720	0	0	90 40 0 
102720	0	0	90 3c 0 
102720	0	0	90 24 0 
102720	0	0	90 48 0 
102720	0	0	90 3b 4a 
102720	0	0	90 43 4c 
102720	0	0	90 3e 4a 
102720	0	0	90 47 50 
102720	0	0	90 26 3e 
102720	0	0	90 32 45 
103200	480	0	ff 51 3 7 71 7d 
103200	0	0	90 32 0 
103200	0	0	90 43 0 
103200	0	0	90 3e 0 
103200	0	0	90 3b 0 
103200	0	0	90 26 0 
103200	0	0	90 47 0 
103200	0	0	90 42 4c 
103200	0	0	90 39 4c 
103200	0	0	90 3c 4c 
103200	0	0	90 45 55 
103200	0	0	90 26 41 
103200	0	0	90 32 4a 
103264	64	0	b0 40 7f 
103560	296	0	ff 51 3 7 e4 79 
103560	0	0	90 45 0 
103560	0	0	90 3b 4e 
103560	0	0	90 47 4e 
103680	120	0	ff 51 3 6 e2 38 
103680	0	0	90 47 0 
103680	0	0	90 39 0 
103680	0	0	90 32 0 
103680	0	0	90 3c 0 
103680	0	0	90 42 0 
103680	0	0	90 3b 0 
103680	0	0	90 26 0 
103680	0	0	90 42 45 
103680	0	0	90 39 45 
103680	0	0	90 3c 45 
103680	0	0	90 45 4d 
103680	0	0	90 1f 3f 
103680	0	0	90 2b 49 
103686	6	0	b0 40 0 
103920	234	0	b0 40 7f 
104160	240	0	ff 51 3 7 27 e 
104160	0	0	90 2b 0 
104160	0	0	90 1f 0 
104160	0	0	90 2b 4d 
104160	0	0	90 37 5a 
104640	480	0	ff 51 3 7 62 1f 
104640	0	0	90 3c 0 
104640	0	0	90 45 0 
104640	0	0	90 42 0 
104640	0	0	90 39 0 
104640	0	0	90 3b 44 
104640	0	0	90 3e 44 
104640	0	0	90 43 4c 
104650	10	0	b0 40 0 
105120	470	0	ff 51 3 7 f6 b 
105120	0	0	90 43 0 
105120	0	0	90 3b 0 
105120	0	0	90 2b 0 
105120	0	0	90 37 0 
105120	0	0	90 3e 0 
105120	0	0	90 43 58 
105120	0	0	90 29 45 
105120	0	0	90 35 4e 
105600	480	0	ff 51 3 7 5a 88 
105600	0	0	90 35 0 
105600	0	0	90 29 0 
105600	0	0	90 43 0 
105600	0	0	90 43 4b 
105600	0	0	90 4c 4c 
105600	0	0	90 4f 58 
105600	0	0	90 28 42 
105600	0	0	90 2b 42 
105600	0	0	90 30 42 
105600	0	0	90 34 46 
105727	127	0	b0 40 7f 
106080	353	0	ff 51 3 7 18 dc 
106080	0	0	90 34 0 
106080	0	0	90 2b 0 
106080	0	0	90 28 0 
106080	0	0	90 30 0 
106080	0	0	90 34 42 
106080	0	0	90 37 42 
106080	0	0	90 3c 42 
106080	0	0	90 40 42 
106320	240	0	ff 51 3 6 b5 8 
106320	0	0	90 43 0 
106320	0	0	90 4c 0 
106320	0	0	90 4f 0 
106320	0	0	90 41 49 
106320	0	0	90 4a 49 
106320	0	0	90 4d 4f 
106560	240	0	ff 51 3 6 e8 de 
106560	0	0	90 4d 0 
106560	0	0	90 41 0 
106560	0	0	90 4a 0 
106560	0	0	90 40 4b 
106560	0	0	90 48 4b 
106560	0	0	90 4c 53 
107040	480	0	90 4c 0 
107040	0	0	90 40 0 
107040	0	0	90 3c 0 
107040	0	0	90 37 0 
107040	0	0	90 34 0 
107040	0	0	90 48 0 
107040	0	0	90 40 0 
107040	0	0	90 41 4b 
107040	0	0	90 4a 4b 
107040	0	0	90 4d 53 
107040	0	0	90 26 39 
107040	0	0	90 32 45 
107050	10	0	b0 40 0 
107520	470	0	ff 51 3 7 1f ee 
107520	0	0	90 32 0 
107520	0	0	90 4d 0 
107520	0	0	90 41 0 
107520	0	0	90 4a 0 
107520	0	0	90 26 0 
107520	0	0	90 48 4b 
107520	0	0	90 40 4b 
107520	0	0	90 4c 54 
107520	0	0	90 2b 30 
107520	0	0	90 37 39 
108000	480	0	ff 51 3 6 d5 11 
108000	0	0	90 37 0 
108000	0	0	90 4c 0 
108000	0	0	90 48 0 
108000	0	0	90 40 0 
108000	0	0	90 2b 0 
108000	0	0	90 3e 4c 
108000	0	0	90 47 4c 
108000	0	0	90 4a 54 
108000	0	0	90 1f 30 
108000	0	0	90 2b 39 
108085	85	0	b0 40 7f 
108360	275	0	90 4a 0 
108360	0	0	90 3e 0 
108360	0	0	90 47 0 
108360	0	0	90 3c 49 
108360	0	0	90 45 49 
108360	0	0	90 48 4f 
108480	120	0	ff 51 3 6 e8 de 
108480	0	0	90 48 0 
108480	0	0	90 3c 0 
108480	0	0	90 45 0 
108480	0	0	90 3e 49 
108480	0	0	90 47 49 
108480	0	0	90 4a 53 
108489	9	0	b0 40 0 
108720	231	0	90 1f 0 
108720	0	0	90 2b 0 
108720	0	0	90 29 3b 
108720	0	0	90 35 45 
108960	240	0	ff 51 3 7 3 fa 
108960	0	0	90 35 0 
108960	0	0	90 47 0 
108960	0	0	90 4a 0 
108960	0	0	90 3e 0 
108960	0	0	90 29 0 
108960	0	0	90 41 4a 
108960	0	0	90 43 59 
108960	0	0	90 28 3d 
108960	0	0	90 34 49 
109140	180	0	90 34 0 
109140	0	0	90 28 0 
109200	60	0	90 26 3b 
109200	0	0	90 32 45 
109380	180	0	90 32 0 
109380	0	0	90 26 0 
109440	60	0	ff 51 3 6 fd 1f 
109440	0	0	90 43 0 
109440	0	0	90 41 0 
109440	0	0	90 48 4c 
109440	0	0	90 40 4b 
109440	0	0	90 4c 55 
109440	0	0	90 24 42 
109440	0	0	90 30 47 
109602	162	0	b0 40 7f 
109920	318	0	90 30 0 
109920	0	0	90 24 0 
109920	0	0	90 30 42 
109920	0	0	90 34 42 
109920	0	0	90 39 42 
109920	0	0	90 3c 42 
109960	40	0	ff 51 3 6 c1 b4 
110160	200	0	90 48 0 
110160	0	0	90 4c 0 
110160	0	0	90 40 0 
110160	0	0	90 3e 4b 
110160	0	0	90 47 4b 
110160	0	0	90 4a 53 
110280	120	0	90 4a 0 
110280	0	0	90 3e 0 
110280	0	0	90 47 0 
110400	120	0	ff 51 3 6 db 9e 
110400	0	0	90 3c 43 
110400	0	0	90 45 43 
110400	0	0	90 48 4e 
110520	120	0	90 48 0 
110520	0	0	90 3c 0 
110520	0	0	90 45 0 
110640	120	0	90 3e 44 
110640	0	0	90 47 44 
110640	0	0	90 4a 50 
110760	120	0	90 4a 0 
110760	0	0	90 3e 0 
110760	0	0	90 47 0 
110880	120	0	ff 51 3 6 fd 1f 
110880	0	0	90 3c 0 
110880	0	0	90 30 0 
110880	0	0	90 39 0 
110880	0	0	90 34 0 
110880	0	0	90 40 46 
110880	0	0	90 48 46 
110880	0	0	90 4c 53 
110880	0	0	90 23 43 
110880	0	0	90 2f 47 
110890	10	0	b0 40 0 
111000	110	0	90 4c 0 
111000	0	0	90 40 0 
111000	0	0	90 48 0 
111120	120	0	90 3e 44 
111120	0	0	90 47 44 
111120	0	0	90 4a 50 
111240	120	0	90 4a 0 
111240	0	0	90 3e 0 
111240	0	0	90 47 0 
111360	120	0	ff 51 3 7 a e2 
111360	0	0	90 23 0 
111360	0	0	90 2f 0 
111360	0	0	90 45 4b 
111360	0	0	90 3c 4b 
111360	0	0	90 48 54 
111360	0	0	90 28 39 
111360	0	0	90 34 45 
111840	480	0	ff 51 3 6 e2 38 
111840	0	0	90 34 0 
111840	0	0	90 48 0 
111840	0	0	90 45 0 
111840	0	0	90 3c 0 
111840	0	0	90 28 0 
111840	0	0	90 3b 4c 
111840	0	0	90 44 4c 
111840	0	0	90 47 54 
111840	0	0	90 1c 39 
111840	0	0	90 28 45 
111863	23	0	b0 40 7f 
112200	337	0	90 47 0 
112200	0	0	90 3b 0 
112200	0	0	90 44 0 
112200	0	0	90 39 44 
112200	0	0	90 42 44 
112200	0	0	90 45 4c 
112320	120	0	ff 51 3 6 ce 91 
112320	0	0	90 45 0 
112320	0	0	90 39 0 
112320	0	0	90 42 0 
112320	0	0	90 3b 44 
112320	0	0	90 44 44 
112320	0	0	90 47 4e 
112330	10	0	b0 40 0 
112560	230	0	90 1c 0 
112560	0	0	90 28 0 
112560	0	0	90 26 3f 
112560	0	0	90 32 4c 
112800	240	0	ff 51 3 7 27 e 
112800	0	0	90 32 0 
112800	0	0	90 44 0 
112800	0	0	90 47 0 
112800	0	0	90 3b 0 
112800	0	0	90 26 0 
112800	0	0	90 3e 4b 
112800	0	0	90 40 54 
112800	0	0	90 24 43 
112800	0	0	90 30 4f 
112840	40	0	ff 51 3 7 1f ee 
112880	40	0	ff 51 3 7 35 79 
112920	40	0	ff 51 3 7 4b 88 
112960	40	0	ff 51 3 7 62 1f 
112980	20	0	90 30 0 
112980	0	0	90 24 0 
113000	20	0	ff 51 3 7 79 44 
113040	40	0	ff 51 3 7 90 fc 
113040	0	0	90 23 3f 
113040	0	0	90 2f 4c 
113080	40	0	ff 51 3 7 a9 4c 
113120	40	0	ff 51 3 7 c2 3b 
113160	40	0	ff 51 3 7 db cd 
113200	40	0	ff 51 3 7 f6 b 
113220	20	0	90 2f 0 
113220	0	0	90 23 0 
113240	20	0	ff 51 3 8 10 fa 
113280	40	0	ff 51 3 6 e2 38 
113280	0	0	90 40 0 
113280	0	0	90 3e 0 
113280	0	0	90 39 4b 
113280	0	0	90 3c 4b 
113280	0	0	90 40 4b 
113280	0	0	90 45 53 
113280	0	0	90 21 41 
113280	0	0	90 2d 4c 
113322	42	0	b0 40 7f 
113520	198	0	ff 51 3 6 db 9e 
113520	0	0	90 2d 0 
113520	0	0	90 21 0 
113520	0	0	90 28 39 
113520	0	0	90 34 45 
113760	240	0	ff 51 3 6 d5 11 
113760	0	0	90 34 0 
113760	0	0	90 28 0 
113760	0	0	90 24 3c 
113760	0	0	90 30 4a 
114000	240	0	ff 51 3 6 96 27 
114000	0	0	90 30 0 
114000	0	0	90 3c 0 
114000	0	0	90 40 0 
114000	0	0	90 39 0 
114000	0	0	90 24 0 
114000	0	0	90 45 0 
114000	0	0	90 3b 49 
114000	0	0	90 40 49 
114000	0	0	90 47 4f 
114000	0	0	90 28 39 
114000	0	0	90 34 45 
114240	240	0	ff 51 3 6 d5 11 
114240	0	0	90 34 0 
114240	0	0	90 47 0 
114240	0	0	90 3b 0 
114240	0	0	90 40 0 
114240	0	0	90 28 0 
114240	0	0	90 3c 4b 
114240	0	0	90 45 4b 
114240	0	0	90 48 53 
114240	0	0	90 2d 3e 
114240	0	0	90 39 4b 
114250	10	0	b0 40 0 
114395	145	0	b0 40 7f 
114480	85	0	90 39 0 
114480	0	0	90 2d 0 
114480	0	0	90 28 39 
114480	0	0	90 34 45 
114720	240	0	ff 51 3 6 e8 de 
114720	0	0	90 34 0 
114720	0	0	90 3c 0 
114720	0	0	90 48 0 
114720	0	0	90 45 0 
114720	0	0	90 28 0 
114720	0	0	90 3e 4b 
114720	0	0	90 47 4b 
114720	0	0	90 4a 53 
114720	0	0	90 2f 3e 
114720	0	0	90 3b 4b 
114730	10	0	b0 40 0 
114875	145	0	b0 40 7f 
114960	85	0	90 3b 0 
114960	0	0	90 2f 0 
114960	0	0	90 28 39 
114960	0	0	90 34 45 
115200	240	0	ff 51 3 6 d5 11 
115200	0	0	90 34 0 
115200	0	0	90 3e 0 
115200	0	0	90 4a 0 
115200	0	0	90 47 0 
115200	0	0	90 28 0 
115200	0	0	90 40 4b 
115200	0	0	90 48 4b 
115200	0	0	90 4c 54 
115200	0	0	90 30 3f 
115200	0	0	90 3c 4c 
115209	9	0	b0 40 0 
115440	231	0	90 3c 0 
115440	0	0	90 30 0 
115440	0	0	90 2f 39 
115440	0	0	90 3b 45 
115680	240	0	ff 51 3 6 a2 5f 
115680	0	0	90 3b 0 
115680	0	0	90 40 0 
115680	0	0	90 4c 0 
115680	0	0	90 48 0 
115680	0	0	90 2f 0 
115680	0	0	90 43 4f 
115680	0	0	90 4c 4f 
115680	0	0	90 4f 5a 
115680	0	0	90 30 3a 
115680	0	0	90 3c 46 
115920	240	0	ff 51 3 6 d8 13 
115920	0	0	90 3c 0 
115920	0	0	90 30 0 
115920	0	0	90 32 3b 
115920	0	0	90 3e 49 
116160	240	0	ff 51 3 6 c1 b4 
116160	0	0	90 3e 0 
116160	0	0	90 32 0 
116160	0	0	90 34 3c 
116160	0	0	90 40 4a 
116400	240	0	90 40 0 
116400	0	0	90 34 0 
116400	0	0	90 2b 38 
116400	0	0	90 37 43 
116640	240	0	ff 51 3 6 73 3a 
116640	0	0	90 37 0 
116640	0	0	90 43 0 
116640	0	0	90 4f 0 
116640	0	0	90 4c 0 
116640	0	0	90 2b 0 
116640	0	0	90 41 4b 
116640	0	0	90 4a 4b 
116640	0	0	90 4d 54 
116640	0	0	90 2d 3a 
116640	0	0	90 39 46 
116675	35	0	b0 40 7f 
116880	205	0	ff 51 3 6 c1 b4 
116880	0	0	90 39 0 
116880	0	0	90 2d 0 
116880	0	0	90 2f 3c 
116880	0	0	90 3b 4a 
117000	120	0	90 41 0 
117000	0	0	90 4d 0 
117000	0	0	90 4a 0 
117000	0	0	90 40 47 
117000	0	0	90 48 47 
117000	0	0	90 4c 4e 
117120	120	0	ff 51 3 6 97 9c 
117120	0	0	90 4c 0 
117120	0	0	90 40 0 
117120	0	0	90 3b 0 
117120	0	0	90 2f 0 
117120	0	0	90 48 0 
117120	0	0	90 40 4b 
117120	0	0	90 48 4b 
117120	0	0	90 4c 53 
117120	0	0	90 30 3f 
117120	0	0	90 3c 4c 
117127	7	0	b0 40 0 
117360	233	0	90 3c 0 
117360	0	0	90 30 0 
117360	0	0	90 28 38 
117360	0	0	90 34 43 
117600	240	0	90 34 0 
117600	0	0	90 40 0 
117600	0	0	90 4c 0 
117600	0	0	90 48 0 
117600	0	0	90 28 0 
117600	0	0	90 3e 4b 
117600	0	0	90 47 4b 
117600	0	0	90 4a 53 
117600	0	0	90 2a 39 
117600	0	0	90 36 45 
117614	14	0	b0 40 7f 
117640	26	0	ff 51 3 6 85 38 
117840	200	0	ff 51 3 6 bb 58 
117840	0	0	90 36 0 
117840	0	0	90 2a 0 
117840	0	0	90 2c 3a 
117840	0	0	90 38 46 
117960	120	0	90 3e 0 
117960	0	0	90 4a 0 
117960	0	0	90 47 0 
117960	0	0	90 3c 47 
117960	0	0	90 45 47 
117960	0	0	90 48 4e 
118080	120	0	ff 51 3 6 e8 de 
118080	0	0	90 48 0 
118080	0	0	90 3c 0 
118080	0	0	90 38 0 
118080	0	0	90 2c 0 
118080	0	0	90 45 0 
118080	0	0	90 3c 4b 
118080	0	0	90 45 4b 
118080	0	0	90 48 53 
118080	0	0	90 2d 3b 
118080	0	0	90 39 49 
118090	10	0	b0 40 0 
118320	230	0	ff 51 3 6 d1 6c 
118320	0	0	90 39 0 
118320	0	0	90 2d 0 
118320	0	0	90 24 39 
118320	0	0	90 30 45 
118560	240	0	ff 51 3 7 f 32 
118560	0	0	90 30 0 
118560	0	0	90 3c 0 
118560	0	0	90 48 0 
118560	0	0	90 45 0 
118560	0	0	90 24 0 
118560	0	0	90 40 4c 
118560	0	0	90 48 4c 
118560	0	0	90 4c 55 
118560	0	0	90 29 3c 
118560	0	0	90 35 4a 
118624	64	0	b0 40 7f 
118800	176	0	90 35 0 
118800	0	0	90 29 0 
118800	0	0	90 26 39 
118800	0	0	90 32 45 
118920	120	0	ff 51 3 7 99 5 
118920	0	0	90 40 0 
118920	0	0	90 4c 0 
118920	0	0	90 48 0 
118920	0	0	90 3e 47 
118920	0	0	90 47 47 
118920	0	0	90 4a 4e 
119040	120	0	ff 51 3 6 e8 de 
119040	0	0	90 4a 0 
119040	0	0	90 3e 0 
119040	0	0	90 32 0 
119040	0	0	90 26 0 
119040	0	0	90 47 0 
119040	0	0	90 3c 45 
119040	0	0	90 45 45 
119040	0	0	90 48 4d 
119040	0	0	90 28 3e 
119040	0	0	90 34 4b 
119050	10	0	b0 40 0 
119280	230	0	90 34 0 
119280	0	0	90 28 0 
119280	0	0	90 27 39 
119280	0	0	90 33 45 
119520	240	0	90 33 0 
119520	0	0	90 27 0 
119520	0	0	90 28 39 
119520	0	0	90 34 45 
119760	240	0	90 34 0 
119760	0	0	90 28 0 
119760	0	0	90 27 39 
119760	0	0	90 33 45 
120000	240	0	90 33 0 
120000	0	0	90 3c 0 
120000	0	0	90 48 0 
120000	0	0	90 45 0 
120000	0	0	90 27 0 
120000	0	0	90 3b 44 
120000	0	0	90 44 44 
120000	0	0	90 47 4c 
120000	0	0	90 28 3c 
120000	0	0	90 34 4a 
120057	57	0	b0 40 7f 
120240	183	0	90 34 0 
120240	0	0	90 28 0 
120240	0	0	90 26 39 
120240	0	0	90 32 45 
120480	240	0	ff 51 3 6 ca d1 
120480	0	0	90 32 0 
120480	0	0	90 3b 0 
120480	0	0	90 47 0 
120480	0	0	90 44 0 
120480	0	0	90 26 0 
120480	0	0	90 3e 4b 
120480	0	0	90 40 54 
120480	0	0	90 23 39 
120480	0	0	90 2f 45 
120488	8	0	b0 40 0 
120617	129	0	b0 40 7f 
120720	103	0	90 2f 0 
120720	0	0	90 23 0 
120720	0	0	90 24 39 
120720	0	0	90 30 45 
120960	240	0	ff 51 3 6 c1 b4 
120960	0	0	90 30 0 
120960	0	0	90 3e 0 
120960	0	0	90 40 0 
120960	0	0	90 24 0 
120960	0	0	90 39 4b 
120960	0	0	90 3c 4b 
120960	0	0	90 40 4b 
120960	0	0	90 45 53 
120960	0	0	90 21 41 
120960	0	0	90 2d 4c 
120966	6	0	b0 40 0 
121023	57	0	b0 40 7f 
121080	57	0	ff 51 3 6 bb 58 
121200	120	0	ff 51 3 6 b5 8 
121200	0	0	90 2d 0 
121200	0	0	90 21 0 
121200	0	0	90 34 45 
121200	0	0	90 28 39 
121320	120	0	ff 51 3 6 ae c4 
121440	120	0	ff 51 3 6 a8 8c 
121440	0	0	90 28 0 
121440	0	0	90 34 0 
121440	0	0	90 24 3c 
121440	0	0	90 30 4a 
121680	240	0	ff 51 3 6 78 5c 
121680	0	0	90 30 0 
121680	0	0	90 3c 0 
121680	0	0	90 40 0 
121680	0	0	90 39 0 
121680	0	0	90 24 0 
121680	0	0	90 45 0 
121680	0	0	90 3b 49 
121680	0	0	90 40 49 
121680	0	0	90 47 4f 
121680	0	0	90 28 39 
121680	0	0	90 34 45 
121920	240	0	ff 51 3 6 a2 5f 
121920	0	0	90 34 0 
121920	0	0	90 47 0 
121920	0	0	90 3b 0 
121920	0	0	90 40 0 
121920	0	0	90 28 0 
121920	0	0	90 3c 4b 
121920	0	0	90 45 4b 
121920	0	0	90 48 53 
121920	0	0	90 2d 3e 
121920	0	0	90 39 4b 
121930	10	0	b0 40 0 
121994	64	0	b0 40 7f 
122160	166	0	90 39 0 
122160	0	0	90 2d 0 
122160	0	0	90 28 39 
122160	0	0	90 34 45 
122280	120	0	90 3c 0 
122280	0	0	90 48 0 
122280	0	0	90 45 0 
122280	0	0	90 3b 4b 
122280	0	0	90 44 4b 
122280	0	0	90 47 53 
122400	120	0	90 47 0 
122400	0	0	90 3b 0 
122400	0	0	90 34 0 
122400	0	0	90 28 0 
122400	0	0	90 44 0 
122400	0	0	90 3c 4b 
122400	0	0	90 45 4b 
122400	0	0	90 48 53 
122400	0	0	90 2d 3e 
122400	0	0	90 39 4b 
122410	10	0	b0 40 0 
122497	87	0	b0 40 7f 
122640	143	0	90 39 0 
122640	0	0	90 2d 0 
122640	0	0	90 3b 45 
122640	0	0	90 2f 39 
122760	120	0	90 3c 0 
122760	0	0	90 48 0 
122760	0	0	90 45 0 
122760	0	0	90 3e 4b 
122760	0	0	90 4a 53 
122760	0	0	90 47 4b 
122880	120	0	ff 51 3 6 c4 43 
122880	0	0	90 47 0 
122880	0	0	90 3e 0 
122880	0	0	90 2f 0 
122880	0	0	90 3b 0 
122880	0	0	90 4a 0 
122880	0	0	90 40 4b 
122880	0	0	90 48 4b 
122880	0	0	90 4c 54 
122880	0	0	90 3c 4c 
122880	0	0	90 30 3f 
122887	7	0	b0 40 0 
123120	233	0	90 30 0 
123120	0	0	90 3c 0 
123120	0	0	90 3b 45 
123120	0	0	90 2f 39 
123360	240	0	ff 51 3 6 7f 2d 
123360	0	0	90 2f 0 
123360	0	0	90 40 0 
123360	0	0	90 4c 0 
123360	0	0	90 48 0 
123360	0	0	90 3b 0 
123360	0	0	90 43 4f 
123360	0	0	90 4c 4f 
123360	0	0	90 4f 5a 
123360	0	0	90 30 3a 
123360	0	0	90 3c 46 
123600	240	0	ff 51 3 6 d8 13 
123600	0	0	90 3c 0 
123600	0	0	90 30 0 
123600	0	0	90 32 3b 
123600	0	0	90 3e 49 
123840	240	0	ff 51 3 6 aa 68 
123840	0	0	90 3e 0 
123840	0	0	90 32 0 
123840	0	0	90 40 4a 
123840	0	0	90 34 3c 
124080	240	0	90 34 0 
124080	0	0	90 40 0 
124080	0	0	90 35 38 
124080	0	0	90 41 43 
124320	240	0	ff 51 3 6 d8 13 
124320	0	0	90 41 0 
124320	0	0	90 43 0 
124320	0	0	90 4f 0 
124320	0	0	90 4c 0 
124320	0	0	90 35 0 
124320	0	0	90 46 50 
124320	0	0	90 4f 50 
124320	0	0	90 52 5c 
124320	0	0	90 43 46 
124320	0	0	90 37 3a 
124560	240	0	ff 51 3 7 4a b 
124560	0	0	90 37 0 
124560	0	0	90 43 0 
124560	0	0	90 45 4a 
124560	0	0	90 39 3c 
124800	240	0	ff 51 3 6 bd a1 
124800	0	0	90 39 0 
124800	0	0	90 45 0 
124800	0	0	90 3a 3e 
124800	0	0	90 46 4c 
124856	56	0	b0 40 7f 
125040	184	0	90 46 0 
125040	0	0	90 3a 0 
125040	0	0	90 37 42 
125040	0	0	90 43 4d 
125280	240	0	ff 51 3 6 7e 3c 
125280	0	0	90 43 0 
125280	0	0	90 37 0 
125280	0	0	90 34 3e 
125280	0	0	90 40 4b 
125520	240	0	90 40 0 
125520	0	0	90 34 0 
125520	0	0	90 32 3e 
125520	0	0	90 3e 4b 
125760	240	0	ff 51 3 6 91 6f 
125760	0	0	90 3e 0 
125760	0	0	90 32 0 
125760	0	0	90 31 41 
125760	0	0	90 3d 45 
125767	7	0	b0 40 0 
126000	233	0	ff 51 3 6 d1 6c 
126064	64	0	b0 40 7f 
126120	56	0	90 52 0 
126120	0	0	90 46 0 
126120	0	0	90 4f 0 
126120	0	0	90 46 4c 
126120	0	0	90 4f 4c 
126120	0	0	90 52 53 
126120	0	0	90 43 42 
126240	120	0	ff 51 3 7 f 32 
126240	0	0	90 43 0 
126240	0	0	90 31 0 
126240	0	0	90 46 0 
126240	0	0	90 3d 0 
126240	0	0	90 52 0 
126240	0	0	90 4f 0 
126240	0	0	90 45 4c 
126240	0	0	90 4d 4c 
126240	0	0	90 51 55 
126240	0	0	90 41 44 
126600	360	0	ff 51 3 7 99 5 
126600	0	0	90 41 0 
126600	0	0	90 45 0 
126600	0	0	90 4d 0 
126600	0	0	90 51 0 
126600	0	0	90 43 47 
126600	0	0	90 4c 47 
126600	0	0	90 4f 4e 
126600	0	0	90 40 3e 
126720	120	0	ff 51 3 6 bd a1 
126720	0	0	90 40 0 
126720	0	0	90 43 0 
126720	0	0	90 4c 0 
126720	0	0	90 4f 0 
126720	0	0	90 41 4d 
126720	0	0	90 4a 4d 
126720	0	0	90 4d 58 
126720	0	0	90 32 41 
126720	0	0	90 3e 4d 
126726	6	0	b0 40 0 
126960	234	0	90 3e 0 
126960	0	0	90 32 0 
126960	0	0	90 30 41 
126960	0	0	90 3c 4a 
127080	120	0	90 3c 0 
127080	0	0	90 30 0 
127200	120	0	ff 51 3 6 84 26 
127200	0	0	90 2f 41 
127200	0	0	90 3b 4a 
127320	120	0	90 3b 0 
127320	0	0	90 2f 0 
127440	120	0	ff 51 3 6 d8 13 
127440	0	0	90 2d 41 
127440	0	0	90 39 4a 
127560	120	0	90 39 0 
127560	0	0	90 2d 0 
127680	120	0	ff 51 3 6 91 6f 
127680	0	0	90 2c 3b 
127680	0	0	90 38 49 
127920	240	0	ff 51 3 6 d1 6c 
128019	99	0	b0 40 7f 
128040	21	0	90 4d 0 
128040	0	0	90 41 0 
128040	0	0	90 4a 0 
128040	0	0	90 41 46 
128040	0	0	90 4a 46 
128040	0	0	90 4d 53 
128040	0	0	90 3e 42 
128160	120	0	ff 51 3 7 f 32 
128160	0	0	90 3e 0 
128160	0	0	90 2c 0 
128160	0	0	90 41 0 
128160	0	0	90 38 0 
128160	0	0	90 4d 0 
128160	0	0	90 4a 0 
128160	0	0	90 40 4c 
128160	0	0	90 48 4c 
128160	0	0	90 4c 55 
128160	0	0	90 3c 44 
128520	360	0	ff 51 3 7 99 5 
128520	0	0	90 3c 0 
128520	0	0	90 40 0 
128520	0	0	90 48 0 
128520	0	0	90 4c 0 
128520	0	0	90 3e 47 
128520	0	0	90 47 47 
128520	0	0	90 4a 4e 
128520	0	0	90 3b 3e 
128640	120	0	ff 51 3 6 c4 43 
128640	0	0	90 3b 0 
128640	0	0	90 3e 0 
128640	0	0	90 47 0 
128640	0	0	90 4a 0 
128640	0	0	90 3c 4a 
128640	0	0	90 45 4d 
128640	0	0	90 48 52 
128640	0	0	90 2d 41 
128640	0	0	90 39 49 
128648	8	0	b0 40 0 
128880	232	0	90 39 0 
128880	0	0	90 2d 0 
128880	0	0	90 2b 3f 
128880	0	0	90 37 49 
129000	120	0	90 37 0 
129000	0	0	90 2b 0 
129120	120	0	ff 51 3 6 9d d4 
129120	0	0	90 2a 41 
129120	0	0	90 36 4a 
129240	120	0	90 36 0 
129240	0	0	90 2a 0 
129360	120	0	ff 51 3 6 de c8 
129360	0	0	90 28 41 
129360	0	0	90 34 4a 
129480	120	0	90 34 0 
129480	0	0	90 28 0 
129600	120	0	ff 51 3 6 a4 18 
129600	0	0	90 27 3b 
129600	0	0	90 33 49 
129703	103	0	ff 51 3 6 c8 1c 
129840	137	0	ff 51 3 6 ce 91 
129840	0	0	90 33 0 
129840	0	0	90 27 0 
129840	0	0	90 3b 2a 
129840	0	0	90 44 2a 
129840	0	0	90 47 3c 
129840	0	0	90 38 31 
129960	120	0	90 38 0 
129960	0	0	90 44 0 
129960	0	0	90 45 0 
129960	0	0	90 3c 0 
129960	0	0	90 48 0 
129960	0	0	90 47 0 
129960	0	0	90 3b 0 
130080	120	0	ff 51 3 6 a8 8c 
130080	0	0	90 39 35 
130080	0	0	90 42 35 
130080	0	0	90 45 40 
130080	0	0	90 36 35 
130200	120	0	90 36 0 
130200	0	0	90 39 0 
130200	0	0	90 42 0 
130200	0	0	90 45 0 
130320	120	0	90 3b 34 
130320	0	0	90 44 34 
130320	0	0	90 47 3e 
130320	0	0	90 38 30 
130440	120	0	90 38 0 
130440	0	0	90 3b 0 
130440	0	0	90 44 0 
130440	0	0	90 47 0 
130560	120	0	ff 51 3 6 8a 1b 
130560	0	0	90 45 34 
130560	0	0	90 48 3f 
130560	0	0	90 3c 34 
130560	0	0	90 28 30 
130560	0	0	90 34 34 
130680	120	0	90 34 0 
130680	0	0	90 3c 0 
130680	0	0	90 45 0 
130680	0	0	90 48 0 
130680	0	0	90 28 0 
130800	120	0	ff 51 3 6 bb 58 
130800	0	0	90 3e 36 
130800	0	0	90 4a 41 
130800	0	0	90 47 36 
130800	0	0	90 3b 36 
130920	120	0	90 3b 0 
130920	0	0	90 3e 0 
130920	0	0	90 4a 0 
130920	0	0	90 47 0 
131040	120	0	ff 51 3 6 84 26 
131040	0	0	90 40 38 
131040	0	0	90 4c 43 
131040	0	0	90 48 38 
131040	0	0	90 3c 37 
131160	120	0	90 3c 0 
131160	0	0	90 40 0 
131160	0	0	90 4c 0 
131160	0	0	90 48 0 
131280	120	0	ff 51 3 6 ae c4 
131280	0	0	90 41 39 
131280	0	0	90 4a 39 
131280	0	0	90 4d 45 
131280	0	0	90 3e 39 
131400	120	0	90 3e 0 
131400	0	0	90 41 0 
131400	0	0	90 4a 0 
131400	0	0	90 4d 0 
131520	120	0	ff 51 3 6 7b 2d 
131520	0	0	90 40 39 
131520	0	0	90 48 39 
131520	0	0	90 4c 44 
131520	0	0	90 3c 3a 
131640	120	0	90 3c 0 
131640	0	0	90 40 0 
131640	0	0	90 48 0 
131640	0	0	90 4c 0 
131760	120	0	ff 51 3 6 93 d9 
131760	0	0	90 47 39 
131760	0	0	90 4a 44 
131760	0	0	90 3e 39 
131760	0	0	90 3b 3a 
131880	120	0	90 3b 0 
131880	0	0	90 47 0 
131880	0	0	90 4a 0 
131880	0	0	90 3e 0 
132000	120	0	ff 51 3 6 87 5d 
132000	0	0	90 45 39 
132000	0	0	90 48 44 
132000	0	0	90 3c 39 
132000	0	0	90 39 39 
132120	120	0	90 39 0 
132120	0	0	90 45 0 
132120	0	0	90 48 0 
132120	0	0	90 3c 0 
132240	120	0	90 44 3a 
132240	0	0	90 47 44 
132240	0	0	90 3b 3a 
132240	0	0	90 34 38 
132360	120	0	90 34 0 
132360	0	0	90 44 0 
132360	0	0	90 47 0 
132360	0	0	90 3b 0 
132480	120	0	ff 51 3 6 72 87 
132480	0	0	90 48 46 
132480	0	0	90 3c 3b 
132480	0	0	90 45 3b 
132480	0	0	90 39 39 
132600	120	0	90 39 0 
132600	0	0	90 48 0 
132600	0	0	90 3c 0 
132600	0	0	90 45 0 
132720	120	0	ff 51 3 6 9a b 
132720	0	0	90 3e 3b 
132720	0	0	90 47 3b 
132720	0	0	90 4a 47 
132720	0	0	90 3b 3a 
132840	120	0	90 3b 0 
132840	0	0	90 3e 0 
132840	0	0	90 47 0 
132840	0	0	90 4a 0 
132960	120	0	ff 51 3 6 6c bd 
132960	0	0	90 48 3f 
132960	0	0	90 4c 4c 
132960	0	0	90 40 3f 
132960	0	0	90 3c 3e 
133080	120	0	90 3c 0 
133080	0	0	90 48 0 
133080	0	0	90 4c 0 
133080	0	0	90 40 0 
133200	120	0	ff 51 3 6 a0 67 
133200	0	0	90 41 41 
133200	0	0	90 4d 4e 
133200	0	0	90 4a 41 
133200	0	0	90 3e 40 
133320	120	0	90 3e 0 
133320	0	0	90 41 0 
133320	0	0	90 4d 0 
133320	0	0	90 4a 0 
133440	120	0	ff 51 3 6 72 87 
133440	0	0	90 40 3f 
133440	0	0	90 4c 4c 
133440	0	0	90 48 3f 
133440	0	0	90 3c 41 
133560	120	0	90 3c 0 
133560	0	0	90 40 0 
133560	0	0	90 4c 0 
133560	0	0	90 48 0 
133680	120	0	90 3e 40 
133680	0	0	90 47 40 
133680	0	0	90 4a 4c 
133680	0	0	90 3b 42 
133800	120	0	90 3b 0 
133800	0	0	90 3e 0 
133800	0	0	90 47 0 
133800	0	0	90 4a 0 
133920	120	0	ff 51 3 6 61 46 
133920	0	0	90 3c 40 
133920	0	0	90 45 40 
133920	0	0	90 48 4c 
133920	0	0	90 39 41 
134040	120	0	90 39 0 
134040	0	0	90 3c 0 
134040	0	0	90 45 0 
134040	0	0	90 48 0 
134160	120	0	90 44 40 
134160	0	0	90 47 4c 
134160	0	0	90 3b 40 
134160	0	0	90 2c 35 
134160	0	0	90 2f 35 
134160	0	0	90 38 3f 
134280	120	0	90 38 0 
134280	0	0	90 47 0 
134280	0	0	90 3b 0 
134280	0	0	90 44 0 
134280	0	0	90 2f 0 
134280	0	0	90 2c 0 
134400	120	0	ff 51 3 6 72 87 
134400	0	0	90 45 42 
134400	0	0	90 48 4f 
134400	0	0	90 3c 42 
134400	0	0	90 2d 38 
134400	0	0	90 39 42 
134400	0	0	90 30 38 
134520	120	0	90 30 0 
134520	0	0	90 48 0 
134520	0	0	90 3c 0 
134520	0	0	90 45 0 
134520	0	0	90 39 0 
134520	0	0	90 2d 0 
134640	120	0	ff 51 3 6 9a b 
134640	0	0	90 4a 51 
134640	0	0	90 47 44 
134640	0	0	90 3e 44 
134640	0	0	90 2f 39 
134640	0	0	90 32 39 
134640	0	0	90 3b 44 
134760	120	0	90 3b 0 
134760	0	0	90 47 0 
134760	0	0	90 3e 0 
134760	0	0	90 4a 0 
134760	0	0	90 32 0 
134760	0	0	90 2f 0 
134880	120	0	ff 51 3 6 50 61 
134880	0	0	90 4c 54 
134880	0	0	90 48 46 
134880	0	0	90 40 46 
134880	0	0	90 30 3a 
134880	0	0	90 34 3a 
134880	0	0	90 3c 45 
135000	120	0	90 3c 0 
135000	0	0	90 48 0 
135000	0	0	90 40 0 
135000	0	0	90 4c 0 
135000	0	0	90 34 0 
135000	0	0	90 30 0 
135120	120	0	ff 51 3 6 72 87 
135120	0	0	90 41 49 
135120	0	0	90 4a 49 
135120	0	0	90 4d 56 
135120	0	0	90 32 3a 
135120	0	0	90 35 3a 
135120	0	0	90 3e 46 
135240	120	0	90 3e 0 
135240	0	0	90 4a 0 
135240	0	0	90 4d 0 
135240	0	0	90 41 0 
135240	0	0	90 35 0 
135240	0	0	90 32 0 
135360	120	0	ff 51 3 6 72 87 
135360	0	0	90 4c 53 
135360	0	0	90 40 45 
135360	0	0	90 48 45 
135360	0	0	90 30 3b 
135360	0	0	90 34 3b 
135360	0	0	90 3c 47 
135480	120	0	90 3c 0 
135480	0	0	90 40 0 
135480	0	0	90 48 0 
135480	0	0	90 4c 0 
135480	0	0	90 34 0 
135480	0	0	90 30 0 
135600	120	0	90 3e 44 
135600	0	0	90 47 44 
135600	0	0	90 4a 51 
135600	0	0	90 2f 3a 
135600	0	0	90 32 3a 
135600	0	0	90 3b 46 
135720	120	0	90 3b 0 
135720	0	0	90 47 0 
135720	0	0	90 4a 0 
135720	0	0	90 3e 0 
135720	0	0	90 32 0 
135720	0	0	90 2f 0 
135840	120	0	ff 51 3 6 81 30 
135840	0	0	90 3c 43 
135840	0	0	90 45 43 
135840	0	0	90 48 50 
135840	0	0	90 2d 39 
135840	0	0	90 30 39 
135840	0	0	90 39 44 
135880	40	0	ff 51 3 6 61 46 
135960	80	0	90 39 0 
135960	0	0	90 45 0 
135960	0	0	90 48 0 
135960	0	0	90 3c 0 
135960	0	0	90 30 0 
135960	0	0	90 2d 0 
136080	120	0	90 44 44 
136080	0	0	90 3b 44 
136080	0	0	90 47 50 
136080	0	0	90 2c 39 
136080	0	0	90 2f 39 
136080	0	0	90 38 43 
136200	120	0	90 38 0 
136200	0	0	90 3b 0 
136200	0	0	90 47 0 
136200	0	0	90 44 0 
136200	0	0	90 2f 0 
136200	0	0	90 2c 0 
136320	120	0	ff 51 3 6 66 fc 
136320	0	0	90 3c 46 
136320	0	0	90 45 46 
136320	0	0	90 48 54 
136320	0	0	90 2d 38 
136320	0	0	90 30 38 
136320	0	0	90 39 42 
136440	120	0	90 39 0 
136440	0	0	90 45 0 
136440	0	0	90 48 0 
136440	0	0	90 3c 0 
136440	0	0	90 30 0 
136440	0	0	90 2d 0 
136560	120	0	ff 51 3 6 9a b 
136560	0	0	90 4a 55 
136560	0	0	90 3e 47 
136560	0	0	90 47 47 
136560	0	0	90 2f 38 
136560	0	0	90 32 38 
136560	0	0	90 3b 43 
136680	120	0	90 3b 0 
136680	0	0	90 3e 0 
136680	0	0	90 47 0 
136680	0	0	90 4a 0 
136680	0	0	90 32 0 
136680	0	0	90 2f 0 
136800	120	0	ff 51 3 6 6c bd 
136800	0	0	90 40 4a 
136800	0	0	90 48 4a 
136800	0	0	90 4c 58 
136800	0	0	90 30 39 
136800	0	0	90 34 39 
136800	0	0	90 3c 44 
136920	120	0	90 3c 0 
136920	0	0	90 48 0 
136920	0	0	90 4c 0 
136920	0	0	90 40 0 
136920	0	0	90 34 0 
136920	0	0	90 30 0 
137040	120	0	ff 51 3 6 a0 67 
137040	0	0	90 4d 5a 
137040	0	0	90 41 4c 
137040	0	0	90 4a 4c 
137040	0	0	90 32 3a 
137040	0	0	90 35 3a 
137040	0	0	90 3e 45 
137160	120	0	90 3e 0 
137160	0	0	90 41 0 
137160	0	0	90 4a 0 
137160	0	0	90 4d 0 
137160	0	0	90 35 0 
137160	0	0	90 32 0 
137280	120	0	ff 51 3 6 6c bd 
137280	0	0	90 40 4a 
137280	0	0	90 48 4a 
137280	0	0	90 4c 57 
137280	0	0	90 30 3b 
137280	0	0	90 34 3b 
137280	0	0	90 3c 47 
137400	120	0	90 3c 0 
137400	0	0	90 48 0 
137400	0	0	90 4c 0 
137400	0	0	90 40 0 
137400	0	0	90 34 0 
137400	0	0	90 30 0 
137520	120	0	90 3e 4a 
137520	0	0	90 4a 57 
137520	0	0	90 47 4a 
137520	0	0	90 2f 3b 
137520	0	0	90 32 3b 
137520	0	0	90 3b 47 
137640	120	0	90 3b 0 
137640	0	0	90 4a 0 
137640	0	0	90 47 0 
137640	0	0	90 3e 0 
137640	0	0	90 32 0 
137640	0	0	90 2f 0 
137760	120	0	90 45 49 
137760	0	0	90 3c 49 
137760	0	0	90 48 56 
137760	0	0	90 2d 39 
137760	0	0	90 30 39 
137760	0	0	90 39 44 
137880	120	0	90 39 0 
137880	0	0	90 3c 0 
137880	0	0	90 48 0 
137880	0	0	90 45 0 
137880	0	0	90 30 0 
137880	0	0	90 2d 0 
138000	120	0	ff 51 3 6 b5 8 
138000	0	0	90 44 49 
138000	0	0	90 3b 49 
138000	0	0	90 47 56 
138000	0	0	90 2c 39 
138000	0	0	90 2f 39 
138000	0	0	90 38 43 
138120	120	0	90 38 0 
138120	0	0	90 3b 0 
138120	0	0	90 47 0 
138120	0	0	90 44 0 
138120	0	0	90 2f 0 
138120	0	0	90 2c 0 
138200	80	0	ff 51 3 6 9a b 
138240	40	0	ff 51 3 6 84 26 
138240	0	0	90 45 48 
138240	0	0	90 48 5d 
138240	0	0	90 3c 48 
138240	0	0	90 2d 36 
138240	0	0	90 30 36 
138240	0	0	90 39 47 
138360	120	0	ff 51 3 6 90 1c 
138420	60	0	90 39 0 
138420	0	0	90 48 0 
138420	0	0	90 3c 0 
138420	0	0	90 45 0 
138420	0	0	90 30 0 
138420	0	0	90 2d 0 
138480	60	0	90 47 59 
138480	0	0	90 3b 45 
138480	0	0	90 44 45 
138480	0	0	90 2f 34 
138480	0	0	90 38 41 
138480	0	0	90 2c 34 
138560	80	0	ff 51 3 6 96 27 
138660	100	0	90 2c 0 
138660	0	0	90 3b 0 
138660	0	0	90 44 0 
138660	0	0	90 47 0 
138660	0	0	90 38 0 
138660	0	0	90 2f 0 
138720	60	0	90 48 5d 
138720	0	0	90 3c 48 
138720	0	0	90 45 48 
138720	0	0	90 30 36 
138720	0	0	90 39 47 
138720	0	0	90 2d 36 
138760	40	0	ff 51 3 6 9c 3d 
138900	140	0	90 2d 0 
138900	0	0	90 3c 0 
138900	0	0	90 45 0 
138900	0	0	90 48 0 
138900	0	0	90 39 0 
138900	0	0	90 30 0 
138960	60	0	ff 51 3 6 a2 5f 
138960	0	0	90 3b 43 
138960	0	0	90 44 43 
138960	0	0	90 47 55 
138960	0	0	90 2f 33 
138960	0	0	90 38 40 
138960	0	0	90 2c 33 
139120	160	0	ff 51 3 6 a8 8c 
139140	20	0	90 2c 0 
139140	0	0	90 44 0 
139140	0	0	90 47 0 
139140	0	0	90 3b 0 
139140	0	0	90 38 0 
139140	0	0	90 2f 0 
139200	60	0	90 3c 48 
139200	0	0	90 48 5d 
139200	0	0	90 45 48 
139200	0	0	90 30 36 
139200	0	0	90 39 47 
139200	0	0	90 2d 36 
139320	120	0	ff 51 3 6 ae c4 
139380	60	0	90 2d 0 
139380	0	0	90 48 0 
139380	0	0	90 45 0 
139380	0	0	90 3c 0 
139380	0	0	90 39 0 
139380	0	0	90 30 0 
139440	60	0	90 47 53 
139440	0	0	90 44 42 
139440	0	0	90 3b 42 
139440	0	0	90 2f 33 
139440	0	0	90 38 40 
139440	0	0	90 2c 33 
139520	80	0	ff 51 3 6 b5 8 
139620	100	0	90 2c 0 
139620	0	0	90 44 0 
139620	0	0	90 3b 0 
139620	0	0	90 47 0 
139620	0	0	90 38 0 
139620	0	0	90 2f 0 
139680	60	0	ff 51 3 6 bb 58 
139680	0	0	90 3c 48 
139680	0	0	90 45 48 
139680	0	0	90 48 5d 
139680	0	0	90 30 36 
139680	0	0	90 39 47 
139680	0	0	90 2d 36 
139720	40	0	ff 51 3 6 c1 b4 
139760	40	0	ff 51 3 6 c8 1c 
139800	40	0	ff 51 3 6 ce 91 
139840	40	0	ff 51 3 6 db 9e 
139860	20	0	90 2d 0 
139860	0	0	90 45 0 
139860	0	0	90 48 0 
139860	0	0	90 3c 0 
139860	0	0	90 39 0 
139860	0	0	90 30 0 
139880	20	0	ff 51 3 6 e2 38 
139920	40	0	ff 51 3 6 e8 de 
139920	0	0	90 47 53 
139920	0	0	90 3b 42 
139920	0	0	90 44 42 
139920	0	0	90 2f 32 
139920	0	0	90 38 3f 
139920	0	0	90 2c 32 
139960	40	0	ff 51 3 6 f6 52 
140000	40	0	ff 51 3 6 fd 1f 
140040	40	0	ff 51 3 7 3 fa 
140080	40	0	ff 51 3 7 11 d8 
140100	20	0	90 2c 0 
140100	0	0	90 3b 0 
140100	0	0	90 44 0 
140100	0	0	90 47 0 
140100	0	0	90 38 0 
140100	0	0	90 2f 0 
140120	20	0	ff 51 3 7 a e2 
140160	40	0	ff 51 3 7 1f ee 
140160	0	0	90 3c 48 
140160	0	0	90 45 48 
140160	0	0	90 48 5d 
140160	0	0	90 30 36 
140160	0	0	90 39 47 
140160	0	0	90 2d 36 
140340	180	0	90 48 0 
140340	0	0	90 3c 0 
140340	0	0	90 45 0 
140400	60	0	90 3b 43 
140400	0	0	90 44 43 
140400	0	0	90 47 55 
140580	180	0	90 47 0 
140580	0	0	90 3b 0 
140580	0	0	90 44 0 
140640	60	0	ff 51 3 7 4b 88 
140640	0	0	90 2d 0 
140640	0	0	90 30 0 
140640	0	0	90 39 0 
140640	0	0	90 45 48 
140640	0	0	90 3c 48 
140640	0	0	90 48 5d 
140640	0	0	90 2d 35 
140640	0	0	90 35 42 
140640	0	0	90 29 35 
140691	51	0	b0 40 7f 
140820	129	0	90 48 0 
140820	0	0	90 45 0 
140820	0	0	90 3c 0 
140880	60	0	ff 51 3 7 89 3 
140880	0	0	90 3e 42 
140880	0	0	90 47 42 
140880	0	0	90 4a 53 
141060	180	0	90 4a 0 
141060	0	0	90 3e 0 
141060	0	0	90 47 0 
141120	60	0	90 29 0 
141120	0	0	90 2d 0 
141120	0	0	90 35 0 
141120	0	0	90 4c 5d 
141120	0	0	90 40 48 
141120	0	0	90 48 48 
141120	0	0	90 2c 35 
141120	0	0	90 34 42 
141120	0	0	90 28 35 
141166	46	0	b0 40 0 
141600	434	0	90 28 0 
141600	0	0	90 40 0 
141600	0	0	90 48 0 
141600	0	0	90 4c 0 
141600	0	0	90 34 0 
141600	0	0	90 2c 0 
141600	0	0	90 3b 44 
141600	0	0	90 40 44 
141600	0	0	90 47 58 
141600	0	0	90 28 34 
141600	0	0	90 34 43 
141600	0	0	90 2f 43 
141703	103	0	b0 40 7f 
141960	257	0	90 2f 0 
141960	0	0	90 40 0 
141960	0	0	90 3b 0 
141960	0	0	90 47 0 
141960	0	0	90 3c 3f 
141960	0	0	90 48 51 
141960	0	0	90 30 3a 
142080	120	0	ff 51 3 7 b9 d9 
142080	0	0	90 30 0 
142080	0	0	90 3c 0 
142080	0	0	90 34 0 
142080	0	0	90 28 0 
142080	0	0	90 48 0 
142080	0	0	90 40 44 
142080	0	0	90 3b 44 
142080	0	0	90 47 58 
142080	0	0	90 28 34 
142080	0	0	90 2f 34 
142080	0	0	90 34 43 
142086	6	0	b0 40 0 
143040	954	0	90 34 0 
143040	0	0	90 3b 0 
143040	0	0	90 47 0 
143040	0	0	90 40 0 
143040	0	0	90 2f 0 
143040	0	0	90 28 0 
143040	0	0	90 39 3f 
143040	0	0	90 45 51 
143040	0	0	90 21 31 
143040	0	0	90 2d 3e 
143520	480	0	ff 51 3 6 8a 1b 
143520	0	0	90 2d 0 
143520	0	0	90 39 0 
143520	0	0	90 45 0 
143520	0	0	90 21 0 
143640	120	0	ff 51 3 6 50 61 
143640	0	0	90 47 44 
143760	120	0	90 47 0 
143760	0	0	90 48 45 
143880	120	0	90 48 0 
143880	0	0	90 4a 42 
144000	120	0	ff 51 3 6 2a 48 
144000	0	0	90 4a 0 
144000	0	0	90 4c 4c 
144056	56	0	b0 40 7f 
144120	64	0	90 4c 0 
144120	0	0	90 48 40 
144240	120	0	ff 51 3 7 a e2 
144240	0	0	90 48 0 
144240	0	0	90 45 40 
144360	120	0	90 45 0 
144381	21	0	b0 40 0 
144480	99	0	ff 51 3 6 8a 1b 
144480	0	0	90 40 2e 
144480	0	0	90 3c 26 
144480	0	0	90 39 26 
144600	120	0	ff 51 3 6 55 f9 
144600	0	0	90 4c 46 
144720	120	0	90 4c 0 
144720	0	0	90 48 45 
144840	120	0	90 48 0 
144840	0	0	90 45 45 
144960	120	0	ff 51 3 6 2a 48 
144960	0	0	90 45 0 
144960	0	0	90 40 0 
144960	0	0	90 3c 0 
144960	0	0	90 39 0 
144960	0	0	90 4d 4c 
145031	71	0	b0 40 7f 
145080	49	0	90 4d 0 
145080	0	0	90 4a 40 
145200	120	0	ff 51 3 7 3 fa 
145200	0	0	90 4a 0 
145200	0	0	90 45 40 
145320	120	0	90 45 0 
145391	71	0	b0 40 0 
145440	49	0	ff 51 3 6 8a 1b 
145440	0	0	90 39 26 
145440	0	0	90 3e 26 
145440	0	0	90 41 2e 
145560	120	0	ff 51 3 6 50 61 
145560	0	0	90 4d 44 
145680	120	0	90 4d 0 
145680	0	0	90 4a 44 
145800	120	0	90 4a 0 
145800	0	0	90 45 44 
145880	80	0	ff 51 3 6 66 fc 
145920	40	0	ff 51 3 6 2f 9d 
145920	0	0	90 45 0 
145920	0	0	90 39 0 
145920	0	0	90 3e 0 
145920	0	0	90 41 0 
145920	0	0	90 4a 4c 
145920	0	0	b0 40 7f 
146040	120	0	90 4a 0 
146040	0	0	90 47 40 
146160	120	0	ff 51 3 7 a e2 
146160	0	0	90 47 0 
146160	0	0	90 44 40 
146280	120	0	90 44 0 
146280	0	0	b0 40 0 
146400	120	0	ff 51 3 6 8a 1b 
146400	0	0	90 3e 30 
146400	0	0	90 3b 27 
146400	0	0	90 39 27 
146520	120	0	ff 51 3 6 5b 9b 
146520	0	0	90 4a 40 
146640	120	0	90 4a 0 
146640	0	0	90 47 40 
146760	120	0	90 47 0 
146760	0	0	90 44 40 
146880	120	0	ff 51 3 6 2a 48 
146880	0	0	90 44 0 
146880	0	0	90 3e 0 
146880	0	0	90 3b 0 
146880	0	0	90 39 0 
146880	0	0	90 4c 4b 
146960	80	0	b0 40 7f 
147000	40	0	90 4c 0 
147000	0	0	90 48 3e 
147120	120	0	ff 51 3 6 fd 1f 
147120	0	0	90 48 0 
147120	0	0	90 45 3f 
147240	120	0	90 45 0 
147291	51	0	b0 40 0 
147360	69	0	ff 51 3 6 8a 1b 
147360	0	0	90 40 26 
147360	0	0	90 3c 21 
147360	0	0	90 39 21 
147480	120	0	ff 51 3 6 55 f9 
147480	0	0	90 47 2f 
147600	120	0	90 47 0 
147600	0	0	90 48 2f 
147720	120	0	90 48 0 
147720	0	0	90 4a 30 
147840	120	0	ff 51 3 6 2a 48 
147840	0	0	90 4a 0 
147840	0	0	90 40 0 
147840	0	0	90 3c 0 
147840	0	0	90 39 0 
147840	0	0	90 4c 39 
147869	29	0	b0 40 7f 
147960	91	0	90 4c 0 
147960	0	0	90 49 2e 
148080	120	0	ff 51 3 7 3 fa 
148080	0	0	90 49 0 
148080	0	0	90 45 2e 
148200	120	0	90 45 0 
148217	17	0	b0 40 0 
148320	103	0	ff 51 3 6 8a 1b 
148320	0	0	90 43 25 
148320	0	0	90 40 20 
148320	0	0	90 39 20 
148440	120	0	ff 51 3 6 55 f9 
148440	0	0	90 4c 2c 
148560	120	0	90 4c 0 
148560	0	0	90 49 2c 
148680	120	0	90 49 0 
148680	0	0	90 45 2c 
148800	120	0	ff 51 3 6 2f 9d 
148800	0	0	90 45 0 
148800	0	0	90 43 0 
148800	0	0	90 40 0 
148800	0	0	90 39 0 
148800	0	0	90 4d 34 
148869	69	0	b0 40 7f 
148920	51	0	90 4d 0 
148920	0	0	90 4a 2a 
149040	120	0	ff 51 3 6 fd 1f 
149040	0	0	90 4a 0 
149040	0	0	90 45 2a 
149160	120	0	90 45 0 
149200	40	0	b0 40 0 
149280	80	0	ff 51 3 6 8a 1b 
149280	0	0	90 39 1c 
149280	0	0	90 3e 1c 
149280	0	0	90 41 24 
149400	120	0	ff 51 3 6 55 f9 
149400	0	0	90 4d 2c 
149520	120	0	90 4d 0 
149520	0	0	90 4a 2c 
149640	120	0	90 4a 0 
149640	0	0	90 45 2c 
149760	120	0	ff 51 3 6 2a 48 
149760	0	0	90 45 0 
149760	0	0	90 39 0 
149760	0	0	90 3e 0 
149760	0	0	90 41 0 
149760	0	0	90 4a 32 
149783	23	0	b0 40 7f 
149880	97	0	90 4a 0 
149880	0	0	90 47 2a 
150000	120	0	ff 51 3 6 fd 1f 
150000	0	0	90 47 0 
150000	0	0	90 44 2a 
150120	120	0	90 44 0 
150171	51	0	b0 40 0 
150240	69	0	ff 51 3 6 8a 1b 
150240	0	0	90 3e 1b 
150240	0	0	90 41 21 
150240	0	0	90 3b 1b 
150240	0	0	90 39 1b 
150360	120	0	ff 51 3 6 55 f9 
150360	0	0	90 4a 2b 
150480	120	0	90 4a 0 
150480	0	0	90 47 2b 
150600	120	0	90 47 0 
150600	0	0	90 44 2b 
150720	120	0	ff 51 3 6 3a 63 
150720	0	0	90 44 0 
150720	0	0	90 3b 0 
150720	0	0	90 3e 0 
150720	0	0	90 41 0 
150720	0	0	90 39 0 
150720	0	0	90 4c 31 
150737	17	0	b0 40 7f 
150840	103	0	90 4c 0 
150840	0	0	90 48 29 
150960	120	0	ff 51 3 6 bb 58 
150960	0	0	90 48 0 
150960	0	0	90 45 29 
150960	0	0	90 3c 1a 
150960	0	0	90 39 1a 
150960	0	0	90 40 23 
151029	69	0	b0 40 0 
151080	51	0	90 40 0 
151080	0	0	90 45 0 
151080	0	0	90 3c 0 
151080	0	0	90 39 0 
151200	120	0	ff 51 3 6 8a 1b 
151200	0	0	90 41 22 
151200	0	0	90 3e 1a 
151200	0	0	90 39 1a 
151320	120	0	ff 51 3 6 5b 9b 
151320	0	0	90 4a 2b 
151440	120	0	90 4a 0 
151440	0	0	90 47 2b 
151560	120	0	90 47 0 
151560	0	0	90 44 2b 
151680	120	0	ff 51 3 6 45 4f 
151680	0	0	90 44 0 
151680	0	0	90 41 0 
151680	0	0	90 3e 0 
151680	0	0	90 39 0 
151680	0	0	90 4c 34 
151680	0	0	b0 40 7f 
151800	120	0	90 4c 0 
151800	0	0	90 48 2b 
151920	120	0	ff 51 3 6 bb 58 
151920	0	0	90 48 0 
151920	0	0	90 45 2b 
151920	0	0	90 39 1c 
151920	0	0	90 3c 1c 
151920	0	0	90 40 25 
151977	57	0	b0 40 0 
152040	63	0	90 40 0 
152040	0	0	90 45 0 
152040	0	0	90 39 0 
152040	0	0	90 3c 0 
152160	120	0	ff 51 3 6 78 5c 
152160	0	0	90 41 22 
152160	0	0	90 3e 1b 
152160	0	0	90 39 1b 
152280	120	0	ff 51 3 6 55 f9 
152280	0	0	90 4a 27 
152400	120	0	90 4a 0 
152400	0	0	90 47 27 
152520	120	0	90 47 0 
152520	0	0	90 44 27 
152640	120	0	ff 51 3 6 45 4f 
152640	0	0	90 44 0 
152640	0	0	90 41 0 
152640	0	0	90 3e 0 
152640	0	0	90 39 0 
152640	0	0	90 4c 2f 
152640	0	0	90 39 1b 
152640	0	0	90 40 22 
152640	0	0	90 3c 1b 
152657	17	0	b0 40 7f 
152760	103	0	90 4c 0 
152760	0	0	90 48 27 
152880	120	0	ff 51 3 6 84 26 
152880	0	0	90 48 0 
152880	0	0	90 45 26 
153000	120	0	90 45 0 
153000	0	0	90 4a 26 
153120	120	0	ff 51 3 6 78 5c 
153120	0	0	90 4a 0 
153120	0	0	90 3c 0 
153120	0	0	90 40 0 
153120	0	0	90 47 26 
153120	0	0	90 3e 19 
153120	0	0	90 41 1f 
153130	10	0	b0 40 0 
153200	70	0	b0 40 7f 
153240	40	0	90 47 0 
153240	0	0	90 44 26 
153360	120	0	ff 51 3 6 3f d4 
153360	0	0	90 44 0 
153360	0	0	90 4c 2e 
153480	120	0	90 4c 0 
153480	0	0	90 48 29 
153600	120	0	ff 51 3 6 6c bd 
153600	0	0	90 48 0 
153600	0	0	90 41 0 
153600	0	0	90 3e 0 
153600	0	0	90 45 26 
153600	0	0	90 40 20 
153600	0	0	90 3c 19 
153607	7	0	b0 40 0 
153651	44	0	b0 40 7f 
153720	69	0	ff 51 3 6 4a d3 
153720	0	0	90 45 0 
153720	0	0	90 4a 26 
153840	120	0	90 4a 0 
153840	0	0	90 3c 0 
153840	0	0	90 40 0 
153840	0	0	90 47 26 
153840	0	0	90 3e 19 
153840	0	0	90 41 20 
153960	120	0	90 47 0 
153960	0	0	90 44 26 
154080	120	0	ff 51 3 6 3f d4 
154080	0	0	90 44 0 
154080	0	0	90 41 0 
154080	0	0	90 3e 0 
154080	0	0	90 39 0 
154080	0	0	90 4c 2d 
154080	0	0	90 40 21 
154080	0	0	90 3c 1b 
154080	0	0	90 39 21 
154087	7	0	b0 40 0 
154114	27	0	b0 40 7f 
154200	86	0	90 4c 0 
154200	0	0	90 48 26 
154320	120	0	ff 51 3 6 78 5c 
154320	0	0	90 48 0 
154320	0	0	90 45 26 
154440	120	0	90 45 0 
154440	0	0	90 4a 26 
154560	120	0	90 4a 0 
154560	0	0	90 40 0 
154560	0	0	90 3c 0 
154560	0	0	90 47 26 
154560	0	0	90 3e 18 
154560	0	0	90 41 1d 
154569	9	0	b0 40 0 
154629	60	0	b0 40 7f 
154680	51	0	90 47 0 
154680	0	0	90 44 25 
154800	120	0	ff 51 3 6 45 4f 
154800	0	0	90 44 0 
154800	0	0	90 4c 2c 
154920	120	0	90 4c 0 
154920	0	0	90 48 25 
155040	120	0	ff 51 3 6 6c bd 
155040	0	0	90 48 0 
155040	0	0	90 41 0 
155040	0	0	90 3e 0 
155040	0	0	90 45 25 
155040	0	0	90 3c 18 
155040	0	0	90 40 1c 
155050	10	0	b0 40 0 
155097	47	0	b0 40 7f 
155160	63	0	90 45 0 
155160	0	0	90 4a 25 
155280	120	0	90 4a 0 
155280	0	0	90 40 0 
155280	0	0	90 3c 0 
155280	0	0	90 47 25 
155280	0	0	90 3e 18 
155280	0	0	90 41 1c 
155400	120	0	90 47 0 
155400	0	0	90 44 25 
155520	120	0	ff 51 3 6 96 27 
155520	0	0	90 44 0 
155520	0	0	90 41 0 
155520	0	0	90 3e 0 
155520	0	0	90 39 0 
155520	0	0	90 4c 29 
155520	0	0	90 40 20 
155520	0	0	90 3c 19 
155520	0	0	90 39 19 
155530	10	0	b0 40 0 
155576	46	0	b0 40 7f 
155640	64	0	90 4c 0 
155640	0	0	90 48 23 
155760	120	0	90 48 0 
155760	0	0	90 45 23 
155880	120	0	90 45 0 
155880	0	0	90 4c 23 
156000	120	0	ff 51 3 6 7e 3c 
156000	0	0	90 4c 0 
156000	0	0	90 48 23 
156120	120	0	90 48 0 
156120	0	0	90 45 22 
156200	80	0	ff 51 3 6 84 26 
156240	40	0	90 45 0 
156240	0	0	90 4c 2a 
156360	120	0	90 4c 0 
156360	0	0	90 48 23 
156400	40	0	ff 51 3 6 8a 1b 
156480	80	0	90 48 0 
156480	0	0	90 45 23 
156600	120	0	ff 51 3 6 90 1c 
156600	0	0	90 45 0 
156600	0	0	90 4c 23 
156720	120	0	90 4c 0 
156720	0	0	90 48 24 
156800	80	0	ff 51 3 6 96 27 
156840	40	0	90 48 0 
156840	0	0	90 45 24 
156960	120	0	90 45 0 
156960	0	0	90 4c 29 
157000	40	0	ff 51 3 6 9c 3d 
157080	80	0	90 4c 0 
157080	0	0	90 48 24 
157200	120	0	ff 51 3 6 a2 5f 
157200	0	0	90 48 0 
157200	0	0	90 45 24 
157320	120	0	90 45 0 
157320	0	0	90 4c 24 
157400	80	0	ff 51 3 6 a8 8c 
157440	40	0	ff 51 3 6 ae c4 
157440	0	0	90 4c 0 
157440	0	0	90 48 24 
157560	120	0	ff 51 3 6 b5 8 
157560	0	0	90 48 0 
157560	0	0	90 45 22 
157640	80	0	ff 51 3 6 bb 58 
157680	40	0	90 45 0 
157680	0	0	90 4c 27 
157720	40	0	ff 51 3 6 c1 b4 
157800	80	0	ff 51 3 6 c8 1c 
157800	0	0	90 4c 0 
157800	0	0	90 48 21 
157880	80	0	ff 51 3 6 ce 91 
157920	40	0	90 48 0 
157920	0	0	90 45 21 
158000	80	0	ff 51 3 6 d5 11 
158040	40	0	90 45 0 
158040	0	0	90 4c 21 
158080	40	0	ff 51 3 6 db 9e 
158160	80	0	ff 51 3 6 e2 38 
158160	0	0	90 4c 0 
158160	0	0	90 48 21 
158240	80	0	ff 51 3 6 e8 de 
158280	40	0	90 48 0 
158280	0	0	90 45 21 
158320	40	0	ff 51 3 6 ef 91 
158400	80	0	90 45 0 
158400	0	0	90 4c 26 
158400	0	0	90 21 19 
158400	0	0	90 2d 1f 
158440	40	0	ff 51 3 6 f6 52 
158520	80	0	ff 51 3 6 fd 1f 
158600	80	0	ff 51 3 7 3 fa 
158680	80	0	ff 51 3 7 a e2 
158760	80	0	ff 51 3 7 11 d8 
158840	80	0	ff 51 3 7 18 dc 
158880	40	0	ff 51 3 7 69 c6 
159360	480	0	ff 51 3 8 8e 6c 
159360	0	0	90 4c 0 
159360	0	0	90 48 23 
159840	480	0	ff 51 3 9 27 c0 
159840	0	0	90 48 0 
159840	0	0	90 45 23 
161280	1440	0	90 45 0 
161280	0	0	90 3c 0 
161280	0	0	90 39 0 
161280	0	0	90 40 0 
161280	0	0	90 2d 0 
161280	0	0	90 21 0 
162827	1547	0	b0 40 0 
163200	373	0	ff 51 3 8 52 af 
163200	0	0	ff 2f 0 
