TPQ: 384
TRACKS: 1
0	0	0	ff 3 8 4d 50 20 4d 61 6d 61 20 
0	0	0	ff 51 3 8 cd 98 
0	0	0	ff 58 4 4 2 18 8 
0	0	0	ff 1 a 4d 50 20 4d 61 6d 61 20 0 0 
0	0	0	f0 7e 7f 9 1 f7 
8	8	0	b9 5b 28 
8	0	0	b9 7 69 
72	64	0	cc 8 
72	0	0	cb b 
118	46	0	c0 4b 
126	8	0	ce 31 
128	2	0	ca b 
128	0	0	c8 30 
128	0	0	c5 19 
128	0	0	c3 19 
128	0	0	c2 21 
128	0	0	c1 30 
168	40	0	bc 7 52 
168	0	0	bb 7 52 
214	46	0	b0 7 55 
224	10	0	ba 7 52 
224	0	0	b8 7 43 
224	0	0	b5 7 51 
224	0	0	c4 19 
224	0	0	b3 7 51 
224	0	0	b2 7 5a 
224	0	0	b1 7 5a 
318	94	0	be a 78 
320	2	0	b4 7 51 
360	40	0	bc a 2c 
360	0	0	bb a 5b 
416	56	0	ba a 28 
416	0	0	b5 a 68 
510	94	0	be 5b 4b 
512	2	0	b4 a 14 
552	40	0	bc 5b 46 
552	0	0	bb 5b 46 
598	46	0	b0 5b 55 
608	10	0	ba 5b 46 
608	0	0	b8 5b 46 
608	0	0	b5 5b 59 
608	0	0	b3 5b 59 
608	0	0	b2 5b 0 
608	0	0	b1 5b 4f 
702	94	0	be 7 3d 
704	2	0	b4 5b 59 
756	52	0	cd c 
768	12	0	99 2e 31 
790	22	0	b0 1 14 
800	10	0	89 2e 0 
840	40	0	bd 7 52 
936	96	0	bd a 2c 
950	14	0	90 4f 54 
1032	82	0	bd 5b 46 
1090	58	0	80 4f 0 
1118	28	0	98 40 40 
1120	2	0	98 3c 40 
1122	2	0	98 37 40 
1150	28	0	90 4f 57 
1152	2	0	99 24 49 
1152	0	0	99 33 3b 
1154	2	0	92 24 5a 
1184	30	0	89 33 0 
1184	0	0	89 24 0 
1316	132	0	80 4f 0 
1336	20	0	93 37 51 
1352	16	0	90 4f 56 
1494	142	0	80 4f 0 
1536	42	0	99 25 38 
1536	0	0	99 2c 45 
1536	0	0	94 3c 4d 
1548	12	0	90 51 59 
1568	20	0	89 2c 0 
1568	0	0	89 25 0 
1602	34	0	83 37 0 
1714	112	0	80 51 0 
1720	6	0	93 37 41 
1736	16	0	90 4f 54 
1856	120	0	80 4f 0 
1912	56	0	90 48 57 
1920	8	0	99 25 3e 
1920	0	0	99 2c 36 
1922	2	0	94 40 44 
1952	30	0	89 2c 0 
1952	0	0	89 25 0 
1952	0	0	84 3c 0 
2098	146	0	80 48 0 
2120	22	0	94 3c 49 
2138	18	0	90 4a 41 
2274	136	0	80 4a 0 
2300	26	0	90 4c 4c 
2302	2	0	93 2b 57 
2304	2	0	99 24 44 
2304	0	0	99 33 39 
2306	2	0	82 24 0 
2308	2	0	92 1f 5a 
2320	12	0	84 3c 0 
2336	16	0	89 33 0 
2336	0	0	89 24 0 
2338	2	0	83 37 0 
2340	2	0	84 40 0 
2496	156	0	9b 40 60 
2498	2	0	93 37 51 
2630	132	0	80 4c 0 
2672	42	0	95 3c 47 
2678	6	0	90 4c 4c 
2688	10	0	99 25 40 
2688	0	0	99 2c 39 
2688	0	0	9b 43 42 
2720	32	0	89 2c 0 
2720	0	0	89 25 0 
2762	42	0	83 37 0 
2874	112	0	94 37 42 
2880	6	0	9b 48 41 
3072	192	0	99 25 41 
3072	0	0	99 2c 39 
3072	0	0	93 40 43 
3072	0	0	99 4b 31 
3072	0	0	9a 4c 36 
3082	10	0	80 4c 0 
3098	16	0	85 3c 0 
3104	6	0	89 4b 0 
3104	0	0	89 2c 0 
3104	0	0	89 25 0 
3264	160	0	94 3c 49 
3270	6	0	90 4f 59 
3382	112	0	80 4f 0 
3412	30	0	83 2b 0 
3442	30	0	92 24 5a 
3444	2	0	82 1f 0 
3444	0	0	90 54 57 
3456	12	0	99 24 41 
3456	0	0	99 33 3f 
3458	2	0	93 30 50 
3488	30	0	89 33 0 
3488	0	0	89 24 0 
3498	10	0	84 3c 0 
3516	18	0	84 37 0 
3532	16	0	83 40 0 
3600	68	0	80 54 0 
3638	38	0	90 53 4d 
3640	2	0	94 37 4f 
3796	156	0	80 53 0 
3826	30	0	95 3c 47 
3834	8	0	92 26 5a 
3836	2	0	90 56 57 
3840	4	0	99 25 42 
3840	0	0	99 2c 3b 
3842	2	0	82 24 0 
3872	30	0	89 2c 0 
3872	0	0	89 25 0 
3896	24	0	84 37 0 
3972	76	0	80 56 0 
4018	46	0	93 37 45 
4024	6	0	90 54 53 
4176	152	0	80 54 0 
4204	28	0	90 58 55 
4218	14	0	94 40 47 
4224	6	0	99 24 32 
4224	0	0	99 25 45 
4224	0	0	92 28 5a 
4224	0	0	99 2c 36 
4234	10	0	82 26 0 
4248	14	0	85 3c 0 
4256	8	0	89 2c 0 
4256	0	0	89 25 0 
4256	0	0	89 24 0 
4372	116	0	80 58 0 
4386	14	0	8b 43 0 
4408	22	0	90 54 53 
4416	8	0	93 3c 4c 
4422	6	0	8b 40 0 
4446	24	0	83 30 0 
4448	2	0	8a 4c 0 
4456	8	0	8b 48 0 
4464	8	0	88 37 0 
4558	94	0	80 54 0 
4584	26	0	88 40 0 
4594	10	0	92 29 5a 
4596	2	0	93 35 4d 
4604	8	0	90 51 55 
4606	2	0	98 41 40 
4608	2	0	82 28 0 
4608	0	0	99 24 49 
4608	0	0	99 33 3d 
4608	0	0	98 39 40 
4610	2	0	83 37 0 
4620	10	0	83 3c 0 
4622	2	0	84 40 0 
4640	18	0	89 33 0 
4640	0	0	89 24 0 
4778	138	0	95 39 51 
4800	22	0	9b 41 60 
4978	178	0	93 3c 47 
4992	14	0	99 25 40 
4992	0	0	99 2c 3a 
4992	0	0	9a 45 51 
5024	32	0	89 2c 0 
5024	0	0	89 25 0 
5028	4	0	85 39 0 
5168	140	0	95 39 42 
5184	16	0	9b 48 4d 
5376	192	0	99 25 3d 
5376	0	0	99 2c 39 
5376	0	0	99 4b 37 
5376	0	0	9b 4d 44 
5384	8	0	93 41 4b 
5400	16	0	83 3c 0 
5408	8	0	89 4b 0 
5408	0	0	89 2c 0 
5408	0	0	89 25 0 
5420	12	0	80 51 0 
5564	144	0	93 3c 49 
5580	16	0	90 4a 44 
5606	26	0	83 35 0 
5702	96	0	80 4a 0 
5716	14	0	85 39 0 
5746	30	0	94 30 4d 
5748	2	0	83 3c 0 
5750	2	0	92 24 5a 
5752	2	0	83 41 0 
5758	6	0	90 4a 47 
5760	2	0	99 24 46 
5760	0	0	99 33 3a 
5762	2	0	82 29 0 
5792	30	0	89 33 0 
5792	0	0	89 24 0 
5912	120	0	80 4a 0 
5938	26	0	93 39 4e 
5956	18	0	90 4a 44 
6062	106	0	80 4a 0 
6130	68	0	94 3c 49 
6144	14	0	99 25 41 
6144	0	0	99 2c 3e 
6150	6	0	90 4a 41 
6176	26	0	89 2c 0 
6176	0	0	89 25 0 
6176	0	0	83 39 0 
6320	144	0	80 4a 0 
6324	4	0	93 39 49 
6330	6	0	90 54 52 
6462	132	0	80 54 0 
6520	58	0	90 53 55 
6520	0	0	94 41 4d 
6528	8	0	99 25 47 
6528	0	0	99 2c 3d 
6540	12	0	84 3c 0 
6560	20	0	89 2c 0 
6560	0	0	89 25 0 
6696	136	0	80 53 0 
6710	14	0	8b 48 0 
6718	8	0	95 3c 4b 
6732	14	0	8b 41 0 
6732	0	0	90 51 56 
6734	2	0	8a 45 0 
6772	38	0	84 30 0 
6782	10	0	8b 4d 0 
6792	10	0	88 3c 0 
6826	34	0	88 39 0 
6866	40	0	80 51 0 
6884	18	0	98 43 31 
6886	2	0	82 24 0 
6896	10	0	90 4f 57 
6896	0	0	92 2b 5a 
6906	10	0	98 3e 40 
6910	4	0	88 41 0 
6912	2	0	99 24 4b 
6912	0	0	99 33 2e 
6914	2	0	98 3b 40 
6918	4	0	84 41 0 
6920	2	0	93 37 56 
6926	6	0	85 3c 0 
6926	0	0	83 39 0 
6944	18	0	89 33 0 
6944	0	0	89 24 0 
7090	146	0	95 3b 51 
7104	14	0	9a 43 4a 
7218	114	0	80 4f 0 
7268	50	0	90 4f 5b 
7274	6	0	94 3e 47 
7296	22	0	99 25 4b 
7296	0	0	99 2c 3f 
7296	0	0	9b 47 4a 
7318	22	0	85 3b 0 
7328	10	0	89 2c 0 
7328	0	0	89 25 0 
7460	132	0	95 3b 46 
7488	28	0	9a 4a 26 
7656	168	0	80 4f 0 
7670	14	0	95 43 3c 
7680	10	0	99 25 42 
7680	0	0	99 2c 40 
7680	0	0	99 4b 2e 
7680	0	0	9b 4d 48 
7688	8	0	84 3e 0 
7712	24	0	89 4b 0 
7712	0	0	89 2c 0 
7712	0	0	89 25 0 
7864	152	0	94 3e 51 
7878	14	0	90 4f 59 
7990	112	0	83 37 0 
8008	18	0	80 4f 0 
8022	14	0	85 3b 0 
8048	26	0	93 32 52 
8060	12	0	90 4f 56 
8060	0	0	92 26 5a 
8064	4	0	82 2b 0 
8064	0	0	99 24 47 
8064	0	0	99 33 3e 
8092	28	0	84 3e 0 
8094	2	0	85 43 0 
8096	2	0	89 33 0 
8096	0	0	89 24 0 
8238	142	0	80 4f 0 
8242	4	0	95 3b 4b 
8264	22	0	90 51 55 
8392	128	0	80 51 0 
8426	34	0	94 3e 47 
8444	18	0	90 53 55 
8448	4	0	99 25 4a 
8448	0	0	99 2c 43 
8480	32	0	89 2c 0 
8480	0	0	89 25 0 
8482	2	0	85 3b 0 
8620	138	0	80 53 0 
8622	2	0	93 3b 4d 
8628	6	0	90 51 54 
8712	84	0	8b 4d 0 
8712	0	0	8b 47 0 
8714	2	0	8a 43 0 
8720	6	0	8a 4a 0 
8784	64	0	80 51 0 
8798	14	0	84 3e 0 
8810	12	0	94 41 58 
8818	8	0	90 4f 55 
8832	14	0	99 25 49 
8832	0	0	99 2c 43 
8864	32	0	89 2c 0 
8864	0	0	89 25 0 
8948	84	0	83 32 0 
8998	50	0	80 4f 0 
9014	16	0	94 3e 4e 
9024	10	0	90 51 52 
9134	110	0	88 3b 0 
9166	32	0	80 51 0 
9196	30	0	82 26 0 
9200	4	0	84 3e 0 
9200	0	0	93 30 5a 
9204	4	0	98 40 40 
9210	6	0	84 41 0 
9210	0	0	90 4c 4e 
9210	0	0	92 24 5a 
9210	0	0	98 3c 40 
9212	2	0	83 3b 0 
9216	4	0	99 24 44 
9216	0	0	99 33 3a 
9230	14	0	88 3e 0 
9248	18	0	89 33 0 
9248	0	0	89 24 0 
9384	136	0	95 37 56 
9408	24	0	9a 40 5f 
9570	162	0	94 3c 46 
9600	30	0	99 25 46 
9600	0	0	99 2c 41 
9600	0	0	9b 43 47 
9632	32	0	89 2c 0 
9632	0	0	89 25 0 
9648	16	0	85 37 0 
9766	118	0	93 37 42 
9792	26	0	9b 48 4d 
9914	122	0	80 4c 0 
9968	54	0	93 40 4b 
9984	16	0	99 25 45 
9984	0	0	99 2c 3e 
9984	0	0	99 4b 2d 
9984	0	0	9a 4c 32 
9992	8	0	84 3c 0 
10016	24	0	89 4b 0 
10016	0	0	89 2c 0 
10016	0	0	89 25 0 
10172	156	0	93 3c 51 
10182	10	0	90 4f 58 
10184	2	0	83 30 0 
10302	118	0	80 4f 0 
10354	52	0	90 4f 5b 
10362	8	0	82 24 0 
10368	6	0	99 24 46 
10368	0	0	99 33 3d 
10370	2	0	92 1f 5a 
10372	2	0	83 40 0 
10382	10	0	83 3c 0 
10388	6	0	95 30 5f 
10394	6	0	83 37 0 
10400	6	0	89 33 0 
10400	0	0	89 24 0 
10526	126	0	80 4f 0 
10544	18	0	93 37 57 
10578	34	0	90 4f 59 
10722	144	0	80 4f 0 
10742	20	0	95 3c 4d 
10752	10	0	99 25 46 
10752	0	0	99 2c 3c 
10758	6	0	90 51 57 
10784	26	0	89 2c 0 
10784	0	0	89 25 0 
10786	2	0	83 37 0 
10834	48	0	8b 43 0 
10838	4	0	8a 4c 0 
10838	0	0	8b 48 0 
10848	10	0	8a 40 0 
10920	72	0	80 51 0 
10930	10	0	95 37 43 
10950	20	0	90 4f 56 
11114	164	0	80 4f 0 
11122	8	0	94 40 4b 
11136	14	0	99 25 3f 
11136	0	0	99 2c 36 
11140	4	0	90 48 56 
11146	6	0	85 3c 0 
11168	22	0	89 2c 0 
11168	0	0	89 25 0 
11292	124	0	80 48 0 
11310	18	0	85 30 0 
11318	8	0	95 3c 49 
11330	12	0	90 4a 43 
11398	68	0	88 3c 0 
11424	26	0	88 40 0 
11438	14	0	85 37 0 
11450	12	0	88 43 0 
11480	30	0	80 4a 0 
11494	14	0	98 37 40 
11504	10	0	98 3c 40 
11504	0	0	98 40 40 
11516	12	0	90 4c 4b 
11520	4	0	99 24 4d 
11520	0	0	99 33 44 
11528	8	0	92 24 5a 
11528	0	0	94 30 54 
11538	10	0	82 1f 0 
11552	14	0	89 33 0 
11552	0	0	89 24 0 
11558	6	0	84 40 0 
11574	16	0	85 3c 0 
11698	124	0	95 37 52 
11892	194	0	94 3c 45 
11904	12	0	99 25 45 
11904	0	0	99 2c 3c 
11936	32	0	89 2c 0 
11936	0	0	89 25 0 
11970	34	0	85 37 0 
12080	110	0	93 37 44 
12096	16	0	9a 40 64 
12182	86	0	80 4c 0 
12276	94	0	95 40 47 
12288	12	0	99 25 4d 
12288	0	0	99 2c 3a 
12288	0	0	9b 43 44 
12314	26	0	84 3c 0 
12320	6	0	89 2c 0 
12320	0	0	89 25 0 
12464	144	0	90 4f 54 
12478	14	0	95 3c 47 
12480	2	0	9b 48 46 
12554	74	0	84 30 0 
12568	14	0	82 24 0 
12618	50	0	80 4f 0 
12666	48	0	92 24 5a 
12668	2	0	90 54 59 
12672	4	0	99 24 47 
12672	0	0	99 33 43 
12672	0	0	9b 4c 36 
12690	18	0	93 2b 5d 
12696	6	0	85 40 0 
12704	8	0	89 33 0 
12704	0	0	89 24 0 
12724	20	0	85 3c 0 
12724	0	0	83 37 0 
12844	120	0	80 54 0 
12844	0	0	93 37 4b 
12860	16	0	90 53 53 
13014	154	0	80 53 0 
13042	28	0	95 3c 45 
13046	4	0	90 56 57 
13056	10	0	99 25 4e 
13056	0	0	99 2c 3d 
13064	8	0	92 26 5a 
13066	2	0	82 24 0 
13086	20	0	83 37 0 
13088	2	0	89 2c 0 
13088	0	0	89 25 0 
13236	148	0	80 56 0 
13248	12	0	94 37 4c 
13254	6	0	90 54 59 
13382	128	0	80 54 0 
13418	36	0	90 58 57 
13440	22	0	99 24 35 
13440	0	0	99 25 4a 
13440	0	0	99 2c 39 
13440	0	0	99 4b 38 
13442	2	0	92 28 5a 
13446	4	0	94 40 50 
13448	2	0	85 3c 0 
13464	16	0	82 26 0 
13472	8	0	89 4b 0 
13472	0	0	89 2c 0 
13472	0	0	89 25 0 
13472	0	0	89 24 0 
13520	48	0	83 2b 0 
13536	16	0	8b 43 0 
13560	24	0	8b 4c 0 
13584	24	0	8a 40 0 
13610	26	0	80 58 0 
13618	8	0	8b 48 0 
13630	12	0	90 54 57 
13638	8	0	95 3c 54 
13732	94	0	88 37 0 
13784	52	0	88 40 0 
13790	6	0	80 54 0 
13806	16	0	98 41 40 
13810	4	0	82 28 0 
13812	2	0	90 51 55 
13812	0	0	92 29 5a 
13816	4	0	98 39 40 
13824	8	0	99 24 49 
13824	0	0	99 33 3e 
13826	2	0	95 35 60 
13856	30	0	89 33 0 
13856	0	0	89 24 0 
13856	0	0	84 37 0 
13864	8	0	84 40 0 
13890	26	0	85 3c 0 
14006	116	0	93 39 51 
14016	10	0	9b 41 5a 
14196	180	0	94 3c 44 
14208	12	0	99 25 44 
14208	0	0	99 2c 39 
14208	0	0	9a 45 57 
14240	32	0	89 2c 0 
14240	0	0	89 25 0 
14284	44	0	83 39 0 
14386	102	0	94 39 47 
14400	14	0	9b 48 51 
14586	186	0	93 41 4b 
14592	6	0	99 25 41 
14592	0	0	99 2c 39 
14592	0	0	9a 4d 51 
14596	4	0	84 3c 0 
14624	28	0	89 2c 0 
14624	0	0	89 25 0 
14682	58	0	80 51 0 
14782	100	0	93 3c 48 
14794	12	0	90 4a 43 
14830	36	0	85 35 0 
14926	96	0	80 4a 0 
14956	30	0	93 30 50 
14962	6	0	83 3c 0 
14970	8	0	84 39 0 
14972	2	0	92 24 5a 
14976	4	0	99 24 4d 
14976	0	0	99 33 46 
14978	2	0	83 41 0 
14980	2	0	82 29 0 
14980	0	0	90 4a 45 
15008	28	0	89 33 0 
15008	0	0	89 24 0 
15136	128	0	80 4a 0 
15156	20	0	93 39 4b 
15164	8	0	90 4a 45 
15268	104	0	80 4a 0 
15352	84	0	94 3c 4d 
15360	8	0	99 25 4d 
15360	0	0	99 2c 3a 
15364	4	0	90 4a 41 
15392	28	0	89 2c 0 
15392	0	0	89 25 0 
15392	0	0	83 39 0 
15512	120	0	80 4a 0 
15526	14	0	93 39 4d 
15548	22	0	90 54 4e 
15682	134	0	80 54 0 
15690	8	0	8b 41 0 
15692	2	0	8a 4d 0 
15704	12	0	8a 45 0 
15706	2	0	8b 48 0 
15732	26	0	90 53 52 
15736	4	0	95 41 4d 
15744	8	0	99 25 48 
15744	0	0	99 2c 3b 
15744	0	0	99 4b 2f 
15748	4	0	84 3c 0 
15776	28	0	89 4b 0 
15776	0	0	89 2c 0 
15776	0	0	89 25 0 
15892	116	0	83 30 0 
15920	28	0	80 53 0 
15926	6	0	94 3c 4c 
15944	18	0	90 51 54 
15986	42	0	88 41 0 
15988	2	0	88 39 0 
16028	40	0	82 24 0 
16088	60	0	80 51 0 
16106	18	0	98 37 40 
16110	4	0	83 39 0 
16112	2	0	98 40 40 
16116	4	0	90 4f 54 
16118	2	0	92 24 5a 
16124	6	0	85 41 0 
16128	4	0	99 24 4c 
16128	0	0	99 33 3f 
16132	4	0	95 30 4e 
16136	4	0	84 3c 0 
16160	24	0	89 33 0 
16160	0	0	89 24 0 
16312	152	0	94 37 52 
16320	8	0	9a 40 58 
16500	180	0	94 3c 46 
16512	12	0	99 25 4d 
16512	0	0	99 2c 3e 
16512	0	0	9b 43 42 
16544	32	0	89 2c 0 
16544	0	0	89 25 0 
16548	4	0	84 37 0 
16684	136	0	95 37 44 
16704	20	0	9b 48 44 
16896	192	0	99 25 3d 
16896	0	0	99 2c 3b 
16896	0	0	95 40 4b 
16896	0	0	9a 4c 34 
16902	6	0	84 3c 0 
16928	26	0	89 2c 0 
16928	0	0	89 25 0 
17082	154	0	94 3c 49 
17084	2	0	80 4f 0 
17154	70	0	85 30 0 
17164	10	0	88 3c 0 
17174	10	0	88 40 0 
17234	60	0	85 40 0 
17246	12	0	84 3c 0 
17264	18	0	90 51 59 
17268	4	0	85 37 0 
17270	2	0	82 24 0 
17272	2	0	98 3e 40 
17274	2	0	8b 43 0 
17278	4	0	92 1f 5a 
17278	0	0	93 2b 57 
17280	2	0	99 24 4a 
17280	0	0	99 33 3d 
17282	2	0	98 41 40 
17284	2	0	8a 4c 0 
17286	2	0	98 3b 40 
17292	6	0	8b 48 0 
17294	2	0	8a 40 0 
17312	18	0	89 33 0 
17312	0	0	89 24 0 
17394	82	0	80 51 0 
17446	52	0	94 37 4d 
17462	16	0	90 51 59 
17584	122	0	80 51 0 
17646	62	0	82 1f 0 
17646	0	0	94 3b 4b 
17648	2	0	90 51 56 
17656	8	0	92 21 5a 
17664	8	0	99 25 48 
17664	0	0	99 2c 3e 
17696	32	0	89 2c 0 
17696	0	0	89 25 0 
17696	0	0	84 37 0 
17804	108	0	80 51 0 
17832	28	0	93 37 4a 
17858	26	0	90 51 58 
18008	150	0	80 51 0 
18028	20	0	93 3e 56 
18034	6	0	84 3b 0 
18046	12	0	92 23 5a 
18048	2	0	90 53 54 
18048	0	0	99 25 4b 
18048	0	0	99 2c 40 
18048	0	0	99 4b 34 
18056	8	0	82 21 0 
18080	24	0	89 4b 0 
18080	0	0	89 2c 0 
18080	0	0	89 25 0 
18220	140	0	80 53 0 
18232	12	0	88 41 0 
18242	10	0	95 3b 48 
18250	8	0	90 4f 55 
18262	12	0	83 2b 0 
18336	74	0	88 3e 0 
18362	26	0	88 3b 0 
18390	28	0	98 40 40 
18392	2	0	98 3c 40 
18410	18	0	80 4f 0 
18410	0	0	92 24 5a 
18414	4	0	82 23 0 
18432	18	0	85 3b 0 
18432	0	0	83 3e 0 
18432	0	0	99 24 49 
18432	0	0	99 33 3f 
18434	2	0	90 54 54 
18436	2	0	93 30 58 
18460	24	0	83 37 0 
18464	4	0	89 33 0 
18464	0	0	89 24 0 
18614	150	0	94 37 4f 
18624	10	0	9a 40 49 
18814	190	0	94 3c 48 
18816	2	0	99 25 43 
18816	0	0	99 2c 33 
18816	0	0	9b 43 3e 
18848	32	0	89 2c 0 
18848	0	0	89 25 0 
18868	20	0	84 37 0 
18990	122	0	95 37 3d 
19008	18	0	9a 48 4b 
19142	134	0	80 54 0 
19194	52	0	95 40 4d 
19200	6	0	99 25 43 
19200	0	0	99 2c 3e 
19200	0	0	9a 4c 36 
19216	16	0	84 3c 0 
19232	16	0	89 2c 0 
19232	0	0	89 25 0 
19354	122	0	82 24 0 
19390	36	0	93 3c 4d 
19392	2	0	9d 4f 58 
19404	12	0	91 43 3c 
19412	8	0	83 30 0 
19516	104	0	8d 4f 0 
19536	20	0	85 40 0 
19540	4	0	83 3c 0 
19540	0	0	85 37 0 
19544	4	0	81 43 0 
19568	24	0	8a 4c 0 
19568	0	0	8b 43 0 
19570	2	0	8a 48 0 
19578	8	0	91 48 4d 
19584	6	0	99 24 47 
19584	0	0	99 31 3b 
19584	0	0	9c 48 53 
19584	0	0	9d 54 51 
19586	2	0	8a 40 0 
19586	0	0	92 24 5a 
19606	20	0	93 30 4e 
19616	10	0	89 31 0 
19616	0	0	89 24 0 
19776	160	0	9c 4c 43 
19796	20	0	8d 54 0 
19940	144	0	81 48 0 
19968	28	0	99 28 46 
19968	0	0	99 2c 3d 
19968	0	0	9c 4f 51 
19968	0	0	9d 54 5a 
19970	2	0	94 3c 46 
19972	2	0	95 40 46 
19980	8	0	93 37 49 
19988	8	0	91 48 51 
20000	12	0	89 2c 0 
20000	0	0	89 28 0 
20024	24	0	8c 4c 0 
20054	30	0	84 3c 0 
20068	14	0	83 37 0 
20068	0	0	85 40 0 
20102	34	0	8d 54 0 
20158	56	0	81 48 0 
20160	2	0	9c 4c 30 
20160	0	0	9d 53 50 
20176	16	0	91 47 4d 
20326	150	0	8d 53 0 
20338	12	0	8c 4c 0 
20352	14	0	99 28 43 
20352	0	0	99 2c 4c 
20352	0	0	99 4b 36 
20352	0	0	9d 51 4b 
20352	0	0	9c 54 51 
20360	8	0	8c 4f 0 
20360	0	0	95 3c 48 
20360	0	0	94 40 3c 
20364	4	0	94 37 49 
20374	10	0	91 45 51 
20376	2	0	81 47 0 
20384	8	0	89 4b 0 
20384	0	0	89 2c 0 
20384	0	0	89 28 0 
20474	90	0	83 30 0 
20500	26	0	8d 51 0 
20512	12	0	8c 48 0 
20544	32	0	99 33 29 
20544	0	0	9d 4f 4d 
20544	0	0	9c 4f 51 
20554	10	0	91 43 3a 
20574	20	0	81 45 0 
20592	18	0	89 33 0 
20674	82	0	82 24 0 
20692	18	0	8d 4f 0 
20712	20	0	92 1f 5a 
20730	18	0	91 45 4e 
20734	4	0	81 43 0 
20736	2	0	99 24 4a 
20736	0	0	95 2b 51 
20736	0	0	99 33 3d 
20736	0	0	9c 48 56 
20736	0	0	9d 51 51 
20766	30	0	84 40 0 
20768	2	0	89 33 0 
20768	0	0	89 24 0 
20772	4	0	85 3c 0 
20778	6	0	84 37 0 
20884	106	0	8c 54 0 
20890	6	0	8c 4f 0 
20928	38	0	9c 4c 3a 
21094	166	0	81 45 0 
21100	6	0	91 43 3c 
21102	2	0	8d 51 0 
21104	2	0	94 37 44 
21104	0	0	95 3c 44 
21104	0	0	93 40 42 
21120	16	0	99 28 45 
21120	0	0	99 2c 3d 
21120	0	0	9d 4f 4b 
21120	0	0	9c 4f 4d 
21142	22	0	8c 4c 0 
21152	10	0	89 2c 0 
21152	0	0	89 28 0 
21196	44	0	85 3c 0 
21204	8	0	83 40 0 
21204	0	0	84 37 0 
21312	108	0	9c 4c 32 
21500	188	0	8c 4c 0 
21504	4	0	99 28 41 
21504	0	0	99 2c 41 
21504	0	0	99 4b 2a 
21504	0	0	9c 54 4b 
21522	18	0	93 3c 44 
21522	0	0	95 40 41 
21526	4	0	95 37 46 
21528	2	0	8c 4f 0 
21536	8	0	89 4b 0 
21536	0	0	89 2c 0 
21536	0	0	89 28 0 
21562	26	0	81 43 0 
21616	54	0	8d 4f 0 
21676	60	0	85 2b 0 
21696	20	0	9d 4c 3b 
21696	0	0	9c 4f 4d 
21698	2	0	8c 48 0 
21702	4	0	91 40 4c 
21752	50	0	82 1f 0 
21774	22	0	85 37 0 
21788	14	0	83 3c 0 
21814	26	0	85 40 0 
21824	10	0	88 40 0 
21826	2	0	81 40 0 
21840	14	0	88 3c 0 
21846	6	0	8d 4c 0 
21848	2	0	88 37 0 
21870	22	0	91 43 48 
21888	18	0	99 24 4f 
21888	0	0	99 33 44 
21888	0	0	9c 4a 22 
21888	0	0	9d 4f 4b 
21896	8	0	92 1f 5a 
21896	0	0	98 3b 40 
21896	0	0	98 3e 40 
21902	6	0	8c 4f 0 
21902	0	0	93 2b 5d 
21904	2	0	98 37 40 
21912	8	0	8c 54 0 
21920	8	0	89 33 0 
21920	0	0	89 24 0 
22058	138	0	8d 4f 0 
22080	22	0	9c 4f 51 
22080	0	0	9d 51 4c 
22100	20	0	91 45 51 
22114	14	0	81 43 0 
22230	116	0	8d 51 0 
22264	34	0	91 47 4d 
22268	4	0	81 45 0 
22268	0	0	94 3b 44 
22268	0	0	95 3e 46 
22270	2	0	94 43 34 
22272	2	0	99 28 43 
22272	0	0	99 2c 3f 
22272	0	0	9d 53 47 
22272	0	0	9c 53 51 
22304	32	0	89 2c 0 
22304	0	0	89 28 0 
22306	2	0	8c 4f 0 
22410	104	0	85 3e 0 
22418	8	0	84 43 0 
22422	4	0	84 3b 0 
22440	18	0	8d 53 0 
22464	24	0	9c 4f 45 
22464	0	0	9d 51 49 
22486	22	0	91 45 4e 
22498	12	0	81 47 0 
22608	110	0	8d 51 0 
22638	30	0	93 3e 4d 
22640	2	0	93 3b 49 
22640	0	0	94 43 3e 
22656	16	0	99 28 40 
22656	0	0	99 2c 41 
22656	0	0	99 4b 2f 
22656	0	0	9d 4f 4e 
22656	0	0	9c 56 54 
22668	12	0	81 45 0 
22670	2	0	91 43 46 
22674	4	0	8c 53 0 
22688	14	0	89 4b 0 
22688	0	0	89 2c 0 
22688	0	0	89 28 0 
22808	120	0	8d 4f 0 
22824	16	0	83 2b 0 
22848	24	0	99 33 29 
22848	0	0	9d 51 4b 
22848	0	0	9c 53 43 
22862	14	0	91 45 53 
22884	22	0	8c 4a 0 
22892	8	0	81 43 0 
22896	4	0	89 33 0 
22994	98	0	8d 51 0 
22994	0	0	8c 56 0 
22996	2	0	8c 53 0 
23000	4	0	82 1f 0 
23012	12	0	83 3e 0 
23014	2	0	83 3b 0 
23016	2	0	8c 4f 0 
23018	2	0	84 43 0 
23020	2	0	92 24 5a 
23030	10	0	81 45 0 
23030	0	0	94 30 4d 
23040	10	0	99 24 50 
23040	0	0	99 33 44 
23040	0	0	98 40 40 
23040	0	0	9c 48 4d 
23040	0	0	9d 4c 38 
23050	10	0	98 3c 40 
23052	2	0	91 40 50 
23058	6	0	88 3b 0 
23060	2	0	88 3e 0 
23072	12	0	89 33 0 
23072	0	0	89 24 0 
23232	160	0	9c 4c 39 
23414	182	0	95 37 48 
23414	0	0	94 3c 43 
23418	4	0	93 40 34 
23424	6	0	99 28 41 
23424	0	0	99 2c 44 
23424	0	0	9c 4f 4f 
23456	32	0	89 2c 0 
23456	0	0	89 28 0 
23468	12	0	8c 4c 0 
23504	36	0	85 37 0 
23506	2	0	84 3c 0 
23508	2	0	83 40 0 
23594	86	0	8d 4c 0 
23616	22	0	9c 4c 2c 
23802	186	0	8c 4c 0 
23804	2	0	94 37 50 
23804	0	0	93 3c 4c 
23806	2	0	95 40 4d 
23808	2	0	99 28 3c 
23808	0	0	99 2c 44 
23808	0	0	99 4b 30 
23808	0	0	9c 54 4d 
23826	18	0	8c 4f 0 
23840	14	0	89 4b 0 
23840	0	0	89 2c 0 
23840	0	0	89 28 0 
23872	32	0	84 30 0 
23928	56	0	81 40 0 
24000	72	0	9d 4f 51 
24000	0	0	9c 4f 4b 
24020	20	0	91 43 3e 
24054	34	0	8c 48 0 
24102	48	0	88 37 0 
24122	20	0	8d 4f 0 
24156	34	0	82 24 0 
24166	10	0	81 43 0 
24168	2	0	92 26 5a 
24170	2	0	88 40 0 
24176	6	0	8c 4f 0 
24180	4	0	8c 54 0 
24182	2	0	88 3c 0 
24182	0	0	98 41 40 
24182	0	0	91 45 51 
24184	2	0	98 3e 40 
24192	8	0	99 24 4d 
24192	0	0	99 33 45 
24192	0	0	9c 4a 2c 
24192	0	0	9d 51 4d 
24198	6	0	98 39 40 
24202	4	0	84 37 0 
24202	0	0	95 32 55 
24216	14	0	85 40 0 
24216	0	0	83 3c 0 
24224	8	0	89 33 0 
24224	0	0	89 24 0 
24384	160	0	9c 4d 55 
24440	56	0	8d 51 0 
24542	102	0	81 45 0 
24556	14	0	95 41 46 
24558	2	0	93 3e 44 
24562	4	0	94 39 47 
24576	14	0	99 28 42 
24576	0	0	99 2c 4e 
24576	0	0	9d 51 53 
24576	0	0	9c 51 4d 
24578	2	0	91 45 56 
24608	30	0	89 2c 0 
24608	0	0	89 28 0 
24640	32	0	83 3e 0 
24644	4	0	8c 4d 0 
24646	2	0	85 41 0 
24650	4	0	84 39 0 
24768	118	0	9c 4d 47 
24804	36	0	8d 51 0 
24926	122	0	81 45 0 
24956	30	0	95 39 4d 
24958	2	0	8c 4d 0 
24960	2	0	99 28 42 
24960	0	0	99 2c 45 
24960	0	0	93 3e 4d 
24960	0	0	94 41 4c 
24960	0	0	99 4b 2a 
24960	0	0	9c 56 55 
24964	4	0	8c 51 0 
24992	28	0	89 4b 0 
24992	0	0	89 2c 0 
24992	0	0	89 28 0 
25124	132	0	85 32 0 
25152	28	0	99 33 29 
25152	0	0	9c 51 4d 
25200	48	0	89 33 0 
25222	22	0	8c 4a 0 
25248	26	0	88 39 0 
25288	40	0	82 26 0 
25308	20	0	85 39 0 
25316	8	0	84 41 0 
25322	6	0	92 1f 5a 
25324	2	0	91 47 4c 
25334	10	0	83 3e 0 
25344	10	0	99 24 4d 
25344	0	0	99 33 49 
25344	0	0	9c 4a 2e 
25344	0	0	9d 53 4c 
25350	6	0	8c 51 0 
25350	0	0	98 3b 40 
25356	6	0	98 37 40 
25362	6	0	94 2b 57 
25368	6	0	8c 56 0 
25376	8	0	89 33 0 
25376	0	0	89 24 0 
25444	68	0	8d 53 0 
25492	48	0	81 47 0 
25536	44	0	9c 4f 53 
25536	0	0	9d 53 4c 
25540	4	0	91 47 54 
25640	100	0	8d 53 0 
25700	60	0	81 47 0 
25710	10	0	95 3b 4b 
25710	0	0	93 3e 4b 
25712	2	0	95 43 3a 
25728	16	0	99 28 43 
25728	0	0	99 2c 3d 
25728	0	0	9d 53 49 
25728	0	0	9c 53 52 
25738	10	0	82 1f 0 
25740	2	0	91 47 4d 
25750	10	0	92 21 5a 
25760	10	0	89 2c 0 
25760	0	0	89 28 0 
25766	6	0	8c 4f 0 
25822	56	0	83 3e 0 
25822	0	0	85 3b 0 
25824	2	0	85 43 0 
25860	36	0	8d 53 0 
25910	50	0	81 47 0 
25920	10	0	9d 4f 50 
25920	0	0	9c 4f 4a 
25928	8	0	91 43 37 
26062	134	0	8d 4f 0 
26096	34	0	81 43 0 
26106	10	0	91 4a 22 
26112	6	0	99 28 40 
26112	0	0	99 2c 43 
26112	0	0	99 4b 2a 
26112	0	0	9d 56 51 
26112	0	0	9c 56 5a 
26118	6	0	82 21 0 
26118	0	0	92 23 5a 
26120	2	0	94 3b 50 
26120	0	0	93 41 54 
26122	2	0	8c 53 0 
26122	0	0	94 3e 51 
26144	22	0	89 4b 0 
26144	0	0	89 2c 0 
26144	0	0	89 28 0 
26234	90	0	8d 56 0 
26286	52	0	81 4a 0 
26300	14	0	91 48 45 
26304	4	0	9c 53 50 
26304	0	0	9d 54 43 
26374	70	0	88 41 0 
26376	2	0	84 2b 0 
26402	26	0	8c 4a 0 
26420	18	0	8d 54 0 
26444	24	0	8c 53 0 
26448	4	0	8c 56 0 
26458	10	0	88 3e 0 
26460	2	0	81 48 0 
26466	6	0	84 3e 0 
26474	8	0	84 3b 0 
26478	4	0	88 3b 0 
26484	6	0	83 41 0 
26486	2	0	92 24 5a 
26488	2	0	98 3c 40 
26488	0	0	98 40 40 
26496	8	0	99 24 42 
26496	0	0	99 33 3d 
26496	0	0	9c 48 54 
26496	0	0	9d 54 47 
26498	2	0	8c 4f 0 
26498	0	0	91 48 4d 
26502	4	0	82 23 0 
26506	4	0	94 30 54 
26528	22	0	89 33 0 
26528	0	0	89 24 0 
26688	160	0	9c 4c 3a 
26874	186	0	95 37 49 
26874	0	0	95 3c 48 
26874	0	0	95 40 4b 
26880	6	0	99 28 42 
26880	0	0	99 2c 41 
26880	0	0	9c 4f 51 
26896	16	0	8d 54 0 
26912	16	0	89 2c 0 
26912	0	0	89 28 0 
26934	22	0	85 3c 0 
26944	10	0	85 40 0 
26946	2	0	85 37 0 
26964	18	0	8c 4c 0 
27072	108	0	9c 4c 32 
27242	170	0	8c 4c 0 
27262	20	0	8c 4f 0 
27264	2	0	99 28 44 
27264	0	0	99 2c 48 
27264	0	0	99 4b 2a 
27264	0	0	9c 54 50 
27270	6	0	95 3c 48 
27272	2	0	93 37 46 
27272	0	0	93 40 46 
27296	24	0	89 4b 0 
27296	0	0	89 2c 0 
27296	0	0	89 28 0 
27362	66	0	84 30 0 
27456	94	0	99 33 29 
27456	0	0	9c 4f 4f 
27480	24	0	8c 48 0 
27504	24	0	89 33 0 
27622	118	0	82 24 0 
27648	26	0	99 24 49 
27648	0	0	99 33 45 
27648	0	0	9c 48 4d 
27650	2	0	93 2b 59 
27658	8	0	92 1f 5a 
27664	6	0	83 40 0 
27670	6	0	85 3c 0 
27672	2	0	8c 4f 0 
27680	8	0	89 33 0 
27680	0	0	89 24 0 
27680	0	0	83 37 0 
27688	8	0	8c 54 0 
27704	16	0	81 48 0 
27840	136	0	9c 4c 36 
28026	186	0	95 40 40 
28028	2	0	95 3c 43 
28030	2	0	93 37 47 
28032	2	0	99 28 40 
28032	0	0	99 2c 43 
28032	0	0	9c 4f 51 
28064	32	0	89 2c 0 
28064	0	0	89 28 0 
28072	8	0	8c 4c 0 
28114	42	0	85 3c 0 
28124	10	0	83 37 0 
28124	0	0	85 40 0 
28128	4	0	b0 1 0 
28224	96	0	b0 7 7f 
28224	0	0	9c 4c 34 
28320	96	0	c0 0 
28330	10	0	82 1f 0 
28402	72	0	92 1f 5a 
28416	14	0	99 28 44 
28416	0	0	99 2c 3f 
28416	0	0	99 4b 2f 
28416	0	0	9c 54 4b 
28426	10	0	93 37 46 
28426	0	0	94 3c 45 
28430	4	0	94 40 46 
28432	2	0	8c 4f 0 
28448	16	0	89 4b 0 
28448	0	0	89 2c 0 
28448	0	0	89 28 0 
28608	160	0	90 43 53 
28608	0	0	99 24 33 
28608	0	0	9c 4f 47 
28628	20	0	84 3c 0 
28630	2	0	83 37 0 
28636	6	0	84 40 0 
28636	0	0	83 2b 0 
28640	4	0	89 24 0 
28686	46	0	88 40 0 
28698	12	0	88 37 0 
28700	2	0	8c 48 0 
28712	12	0	88 3c 0 
28736	24	0	80 43 0 
28770	34	0	82 1f 0 
28776	6	0	8c 54 0 
28782	6	0	8c 4f 0 
28784	2	0	c8 35 
28786	2	0	8c 4c 0 
28794	8	0	92 24 5a 
28796	2	0	82 24 0 
28800	4	0	90 43 55 
28800	0	0	99 24 49 
28800	0	0	99 31 3b 
28800	0	0	98 37 78 
28800	0	0	98 3c 78 
28800	0	0	98 40 78 
28802	2	0	92 24 5a 
28818	16	0	9e 54 51 
28832	14	0	89 31 0 
28832	0	0	89 24 0 
28928	96	0	80 43 0 
28984	56	0	93 37 51 
29000	16	0	90 43 56 
29142	142	0	80 43 0 
29184	42	0	99 25 38 
29184	0	0	99 2c 45 
29184	0	0	94 3c 4d 
29196	12	0	90 45 59 
29216	20	0	89 2c 0 
29216	0	0	89 25 0 
29250	34	0	83 37 0 
29362	112	0	80 45 0 
29368	6	0	93 37 41 
29384	16	0	90 43 54 
29474	90	0	82 24 0 
29504	30	0	80 43 0 
29560	56	0	90 3c 57 
29568	8	0	99 25 3e 
29568	0	0	99 2c 36 
29570	2	0	94 40 44 
29600	30	0	89 2c 0 
29600	0	0	89 25 0 
29600	0	0	84 3c 0 
29746	146	0	80 3c 0 
29768	22	0	94 3c 49 
29786	18	0	90 3e 41 
29922	136	0	80 3e 0 
29948	26	0	90 40 4c 
29950	2	0	93 2b 57 
29952	2	0	99 24 44 
29952	0	0	99 33 39 
29952	0	0	9e 53 51 
29956	4	0	92 1f 5a 
29968	12	0	84 3c 0 
29984	16	0	89 33 0 
29984	0	0	89 24 0 
29986	2	0	83 37 0 
29988	2	0	84 40 0 
30144	156	0	9b 40 60 
30146	2	0	93 37 51 
30278	132	0	80 40 0 
30320	42	0	95 3c 47 
30326	6	0	90 40 4c 
30336	10	0	99 25 40 
30336	0	0	99 2c 39 
30336	0	0	9b 43 42 
30368	32	0	89 2c 0 
30368	0	0	89 25 0 
30410	42	0	83 37 0 
30522	112	0	94 37 42 
30528	6	0	9b 48 41 
30720	192	0	99 25 41 
30720	0	0	99 2c 39 
30720	0	0	93 40 43 
30720	0	0	99 4b 31 
30720	0	0	9a 4c 36 
30730	10	0	80 40 0 
30736	6	0	9e 51 51 
30746	10	0	85 3c 0 
30752	6	0	89 4b 0 
30752	0	0	89 2c 0 
30752	0	0	89 25 0 
30752	0	0	8e 53 0 
30912	160	0	94 3c 49 
30918	6	0	90 43 59 
31030	112	0	80 43 0 
31060	30	0	83 2b 0 
31090	30	0	92 24 5a 
31092	2	0	82 1f 0 
31092	0	0	90 48 57 
31104	12	0	99 24 41 
31104	0	0	99 33 3f 
31106	2	0	93 30 50 
31108	2	0	9e 4f 51 
31134	26	0	8e 51 0 
31136	2	0	89 33 0 
31136	0	0	89 24 0 
31146	10	0	84 3c 0 
31164	18	0	84 37 0 
31180	16	0	83 40 0 
31248	68	0	80 48 0 
31286	38	0	90 47 4d 
31288	2	0	94 37 4f 
31444	156	0	80 47 0 
31474	30	0	95 3c 47 
31482	8	0	92 26 5a 
31484	2	0	90 4a 57 
31488	4	0	99 25 42 
31488	0	0	99 2c 3b 
31490	2	0	82 24 0 
31520	30	0	89 2c 0 
31520	0	0	89 25 0 
31544	24	0	84 37 0 
31620	76	0	80 4a 0 
31666	46	0	93 37 45 
31672	6	0	90 48 53 
31824	152	0	80 48 0 
31852	28	0	90 4c 55 
31866	14	0	94 40 47 
31872	6	0	99 24 32 
31872	0	0	99 25 45 
31872	0	0	92 28 5a 
31872	0	0	99 2c 36 
31882	10	0	82 26 0 
31886	4	0	9e 4c 43 
31896	10	0	85 3c 0 
31904	8	0	89 2c 0 
31904	0	0	89 25 0 
31904	0	0	89 24 0 
31914	10	0	8e 54 0 
32020	106	0	80 4c 0 
32034	14	0	8b 43 0 
32056	22	0	90 48 53 
32064	8	0	93 3c 4c 
32070	6	0	8b 40 0 
32094	24	0	83 30 0 
32096	2	0	8a 4c 0 
32104	8	0	8b 48 0 
32206	102	0	80 48 0 
32210	4	0	8e 4c 0 
32240	30	0	88 40 0 
32240	0	0	88 37 0 
32242	2	0	92 29 5a 
32244	2	0	93 35 4d 
32252	8	0	90 45 55 
32254	2	0	98 41 78 
32254	0	0	9e 51 46 
32256	2	0	82 28 0 
32256	0	0	99 24 49 
32256	0	0	99 33 3d 
32256	0	0	98 39 78 
32258	2	0	83 37 0 
32264	6	0	9e 4d 5c 
32268	4	0	83 3c 0 
32270	2	0	84 40 0 
32274	4	0	8e 4f 0 
32288	14	0	89 33 0 
32288	0	0	89 24 0 
32426	138	0	95 39 51 
32448	22	0	9b 41 60 
32626	178	0	93 3c 47 
32640	14	0	99 25 40 
32640	0	0	99 2c 3a 
32640	0	0	9a 45 51 
32672	32	0	89 2c 0 
32672	0	0	89 25 0 
32676	4	0	85 39 0 
32816	140	0	95 39 42 
32832	16	0	9b 48 4d 
33024	192	0	99 25 3d 
33024	0	0	99 2c 39 
33024	0	0	99 4b 37 
33024	0	0	9b 4d 44 
33032	8	0	93 41 4b 
33048	16	0	83 3c 0 
33056	8	0	89 4b 0 
33056	0	0	89 2c 0 
33056	0	0	89 25 0 
33068	12	0	80 45 0 
33212	144	0	93 3c 49 
33228	16	0	90 3e 44 
33254	26	0	83 35 0 
33350	96	0	80 3e 0 
33364	14	0	85 39 0 
33392	28	0	88 3c 0 
33394	2	0	94 30 4d 
33396	2	0	83 3c 0 
33398	2	0	92 24 5a 
33400	2	0	83 41 0 
33406	6	0	90 3e 47 
33408	2	0	99 24 46 
33408	0	0	99 33 3a 
33410	2	0	82 29 0 
33440	30	0	89 33 0 
33440	0	0	89 24 0 
33560	120	0	80 3e 0 
33586	26	0	93 39 4e 
33604	18	0	90 3e 44 
33710	106	0	80 3e 0 
33778	68	0	94 3c 49 
33792	14	0	99 25 41 
33792	0	0	99 2c 3e 
33798	6	0	90 3e 41 
33824	26	0	89 2c 0 
33824	0	0	89 25 0 
33824	0	0	83 39 0 
33968	144	0	80 3e 0 
33972	4	0	93 39 49 
33978	6	0	90 48 52 
34110	132	0	80 48 0 
34150	40	0	8e 4d 0 
34160	10	0	9e 54 49 
34168	8	0	90 47 55 
34168	0	0	94 41 4d 
34176	8	0	99 25 47 
34176	0	0	99 2c 3d 
34188	12	0	84 3c 0 
34208	20	0	89 2c 0 
34208	0	0	89 25 0 
34344	136	0	80 47 0 
34358	14	0	8b 48 0 
34366	8	0	95 3c 4b 
34380	14	0	8b 41 0 
34380	0	0	90 45 56 
34382	2	0	8a 45 0 
34420	38	0	84 30 0 
34430	10	0	8b 4d 0 
34474	44	0	88 39 0 
34514	40	0	80 45 0 
34532	18	0	98 43 69 
34534	2	0	82 24 0 
34540	6	0	9e 4f 49 
34540	0	0	9e 53 3f 
34544	4	0	90 43 57 
34544	0	0	92 2b 5a 
34554	10	0	98 3e 78 
34558	4	0	8e 51 0 
34558	0	0	88 41 0 
34560	2	0	99 24 4b 
34560	0	0	99 33 2e 
34562	2	0	98 3b 78 
34564	2	0	8e 54 0 
34566	2	0	84 41 0 
34568	2	0	93 37 56 
34574	6	0	85 3c 0 
34574	0	0	83 39 0 
34592	18	0	89 33 0 
34592	0	0	89 24 0 
34738	146	0	95 3b 51 
34752	14	0	9a 43 4a 
34866	114	0	80 43 0 
34916	50	0	90 43 5b 
34922	6	0	94 3e 47 
34944	22	0	99 25 4b 
34944	0	0	99 2c 3f 
34944	0	0	9b 47 4a 
34966	22	0	85 3b 0 
34976	10	0	89 2c 0 
34976	0	0	89 25 0 
35108	132	0	95 3b 46 
35136	28	0	9a 4a 26 
35304	168	0	80 43 0 
35318	14	0	95 43 3c 
35328	10	0	99 25 42 
35328	0	0	99 2c 40 
35328	0	0	99 4b 2e 
35328	0	0	9b 4d 48 
35336	8	0	84 3e 0 
35360	24	0	89 4b 0 
35360	0	0	89 2c 0 
35360	0	0	89 25 0 
35512	152	0	94 3e 51 
35526	14	0	90 43 59 
35638	112	0	83 37 0 
35656	18	0	80 43 0 
35670	14	0	85 3b 0 
35696	26	0	93 32 52 
35702	6	0	9e 4d 56 
35708	6	0	90 43 56 
35708	0	0	92 26 5a 
35712	4	0	82 2b 0 
35712	0	0	99 24 47 
35712	0	0	99 33 3e 
35714	2	0	8e 4f 0 
35740	26	0	84 3e 0 
35742	2	0	85 43 0 
35744	2	0	89 33 0 
35744	0	0	89 24 0 
35886	142	0	80 43 0 
35890	4	0	95 3b 4b 
35912	22	0	90 45 55 
36040	128	0	80 45 0 
36074	34	0	94 3e 47 
36092	18	0	90 47 55 
36096	4	0	99 25 4a 
36096	0	0	99 2c 43 
36128	32	0	89 2c 0 
36128	0	0	89 25 0 
36130	2	0	85 3b 0 
36268	138	0	80 47 0 
36270	2	0	93 3b 4d 
36276	6	0	90 45 54 
36360	84	0	8b 4d 0 
36360	0	0	8b 47 0 
36362	2	0	8a 43 0 
36368	6	0	8a 4a 0 
36432	64	0	80 45 0 
36446	14	0	84 3e 0 
36458	12	0	94 41 58 
36466	8	0	90 43 55 
36480	14	0	99 25 49 
36480	0	0	99 2c 43 
36506	26	0	9e 4a 29 
36512	6	0	89 2c 0 
36512	0	0	89 25 0 
36596	84	0	83 32 0 
36646	50	0	80 43 0 
36662	16	0	94 3e 4e 
36672	10	0	90 45 52 
36782	110	0	88 3b 0 
36814	32	0	80 45 0 
36844	30	0	82 26 0 
36848	4	0	84 3e 0 
36848	0	0	93 30 5a 
36852	4	0	98 40 78 
36858	6	0	84 41 0 
36858	0	0	90 40 4e 
36858	0	0	92 24 5a 
36858	0	0	98 3c 78 
36860	2	0	83 3b 0 
36864	4	0	99 24 44 
36864	0	0	99 33 3a 
36868	4	0	8e 53 0 
36878	10	0	88 3e 0 
36892	14	0	8e 4d 0 
36896	4	0	89 33 0 
36896	0	0	89 24 0 
36910	14	0	9e 4f 36 
36922	12	0	9e 4c 4a 
36938	16	0	8e 4a 0 
37032	94	0	95 37 56 
37056	24	0	9a 40 5f 
37218	162	0	94 3c 46 
37248	30	0	99 25 46 
37248	0	0	99 2c 41 
37248	0	0	9b 43 47 
37280	32	0	89 2c 0 
37280	0	0	89 25 0 
37296	16	0	85 37 0 
37414	118	0	93 37 42 
37440	26	0	9b 48 4d 
37562	122	0	80 40 0 
37616	54	0	93 40 4b 
37632	16	0	99 25 45 
37632	0	0	99 2c 3e 
37632	0	0	99 4b 2d 
37632	0	0	9a 4c 32 
37640	8	0	84 3c 0 
37664	24	0	89 4b 0 
37664	0	0	89 2c 0 
37664	0	0	89 25 0 
37820	156	0	93 3c 51 
37830	10	0	90 43 58 
37832	2	0	83 30 0 
37950	118	0	80 43 0 
38002	52	0	90 43 5b 
38010	8	0	82 24 0 
38012	2	0	8e 4c 0 
38016	4	0	99 24 46 
38016	0	0	99 33 3d 
38018	2	0	92 1f 5a 
38020	2	0	83 40 0 
38028	8	0	9e 54 5a 
38030	2	0	83 3c 0 
38034	4	0	8e 4f 0 
38036	2	0	95 30 5f 
38042	6	0	83 37 0 
38048	6	0	89 33 0 
38048	0	0	89 24 0 
38174	126	0	80 43 0 
38192	18	0	93 37 57 
38226	34	0	90 43 59 
38370	144	0	80 43 0 
38390	20	0	95 3c 4d 
38400	10	0	99 25 46 
38400	0	0	99 2c 3c 
38406	6	0	90 45 57 
38432	26	0	89 2c 0 
38432	0	0	89 25 0 
38434	2	0	83 37 0 
38482	48	0	8b 43 0 
38486	4	0	8a 4c 0 
38486	0	0	8b 48 0 
38496	10	0	8a 40 0 
38568	72	0	80 45 0 
38578	10	0	95 37 43 
38598	20	0	90 43 56 
38762	164	0	80 43 0 
38770	8	0	94 40 4b 
38784	14	0	99 25 3f 
38784	0	0	99 2c 36 
38788	4	0	90 3c 56 
38794	6	0	85 3c 0 
38796	2	0	9e 53 51 
38816	20	0	89 2c 0 
38816	0	0	89 25 0 
38940	124	0	80 3c 0 
38958	18	0	85 30 0 
38966	8	0	95 3c 49 
38978	12	0	90 3e 43 
39046	68	0	88 3c 0 
39072	26	0	88 40 0 
39086	14	0	85 37 0 
39098	12	0	88 43 0 
39128	30	0	80 3e 0 
39142	14	0	98 37 78 
39152	10	0	98 3c 78 
39152	0	0	98 40 78 
39164	12	0	90 40 4b 
39168	4	0	99 24 4d 
39168	0	0	99 33 44 
39174	6	0	9e 51 54 
39176	2	0	92 24 5a 
39176	0	0	94 30 54 
39186	10	0	8e 53 0 
39186	0	0	82 1f 0 
39200	14	0	89 33 0 
39200	0	0	89 24 0 
39206	6	0	84 40 0 
39222	16	0	85 3c 0 
39346	124	0	95 37 52 
39540	194	0	94 3c 45 
39552	12	0	99 25 45 
39552	0	0	99 2c 3c 
39584	32	0	89 2c 0 
39584	0	0	89 25 0 
39618	34	0	85 37 0 
39728	110	0	93 37 44 
39744	16	0	9a 40 64 
39830	86	0	80 40 0 
39924	94	0	95 40 47 
39936	12	0	99 25 4d 
39936	0	0	99 2c 3a 
39936	0	0	9b 43 44 
39962	26	0	84 3c 0 
39968	6	0	89 2c 0 
39968	0	0	89 25 0 
40112	144	0	90 43 54 
40126	14	0	95 3c 47 
40128	2	0	9b 48 46 
40202	74	0	84 30 0 
40216	14	0	82 24 0 
40266	50	0	80 43 0 
40314	48	0	92 24 5a 
40316	2	0	90 48 59 
40318	2	0	9e 4f 56 
40320	2	0	99 24 47 
40320	0	0	99 33 43 
40320	0	0	9b 4c 36 
40334	14	0	8e 51 0 
40338	4	0	93 2b 5d 
40344	6	0	85 40 0 
40352	8	0	89 33 0 
40352	0	0	89 24 0 
40372	20	0	85 3c 0 
40372	0	0	83 37 0 
40492	120	0	80 48 0 
40492	0	0	93 37 4b 
40508	16	0	90 47 53 
40662	154	0	80 47 0 
40690	28	0	95 3c 45 
40694	4	0	90 4a 57 
40704	10	0	99 25 4e 
40704	0	0	99 2c 3d 
40712	8	0	92 26 5a 
40714	2	0	82 24 0 
40734	20	0	83 37 0 
40736	2	0	89 2c 0 
40736	0	0	89 25 0 
40884	148	0	80 4a 0 
40896	12	0	94 37 4c 
40902	6	0	90 48 59 
41030	128	0	80 48 0 
41066	36	0	90 4c 57 
41082	16	0	9e 4c 41 
41084	2	0	8e 54 0 
41088	4	0	99 24 35 
41088	0	0	99 25 4a 
41088	0	0	99 2c 39 
41088	0	0	99 4b 38 
41090	2	0	92 28 5a 
41094	4	0	94 40 50 
41096	2	0	85 3c 0 
41112	16	0	82 26 0 
41120	8	0	89 4b 0 
41120	0	0	89 2c 0 
41120	0	0	89 25 0 
41120	0	0	89 24 0 
41168	48	0	83 2b 0 
41184	16	0	8b 43 0 
41208	24	0	8b 4c 0 
41232	24	0	8a 40 0 
41258	26	0	80 4c 0 
41266	8	0	8b 48 0 
41278	12	0	90 48 57 
41286	8	0	95 3c 54 
41380	94	0	88 37 0 
41414	34	0	8e 4c 0 
41432	18	0	88 40 0 
41438	6	0	80 48 0 
41454	16	0	98 41 78 
41458	4	0	82 28 0 
41460	2	0	90 45 55 
41460	0	0	92 29 5a 
41464	4	0	98 39 78 
41470	6	0	9e 51 44 
41472	2	0	99 24 49 
41472	0	0	99 33 3e 
41474	2	0	8e 4f 0 
41474	0	0	95 35 60 
41480	6	0	9e 4d 5f 
41504	24	0	89 33 0 
41504	0	0	89 24 0 
41504	0	0	84 37 0 
41512	8	0	84 40 0 
41538	26	0	85 3c 0 
41654	116	0	93 39 51 
41664	10	0	9b 41 5a 
41844	180	0	94 3c 44 
41856	12	0	99 25 44 
41856	0	0	99 2c 39 
41856	0	0	9a 45 57 
41888	32	0	89 2c 0 
41888	0	0	89 25 0 
41932	44	0	83 39 0 
42034	102	0	94 39 47 
42048	14	0	9b 48 51 
42234	186	0	93 41 4b 
42240	6	0	99 25 41 
42240	0	0	99 2c 39 
42240	0	0	9a 4d 51 
42244	4	0	84 3c 0 
42272	28	0	89 2c 0 
42272	0	0	89 25 0 
42330	58	0	80 45 0 
42430	100	0	93 3c 48 
42442	12	0	90 3e 43 
42478	36	0	85 35 0 
42574	96	0	80 3e 0 
42602	28	0	8e 4d 0 
42604	2	0	93 30 50 
42610	6	0	83 3c 0 
42614	4	0	9e 54 4b 
42618	4	0	84 39 0 
42620	2	0	92 24 5a 
42624	4	0	99 24 4d 
42624	0	0	99 33 46 
42626	2	0	83 41 0 
42628	2	0	82 29 0 
42628	0	0	90 3e 45 
42656	28	0	89 33 0 
42656	0	0	89 24 0 
42784	128	0	80 3e 0 
42804	20	0	93 39 4b 
42812	8	0	90 3e 45 
42916	104	0	80 3e 0 
43000	84	0	94 3c 4d 
43008	8	0	99 25 4d 
43008	0	0	99 2c 3a 
43012	4	0	90 3e 41 
43040	28	0	89 2c 0 
43040	0	0	89 25 0 
43040	0	0	83 39 0 
43160	120	0	80 3e 0 
43174	14	0	93 39 4d 
43196	22	0	90 48 4e 
43330	134	0	80 48 0 
43338	8	0	8b 41 0 
43340	2	0	8a 4d 0 
43352	12	0	8a 45 0 
43354	2	0	8b 48 0 
43380	26	0	90 47 52 
43384	4	0	95 41 4d 
43392	8	0	99 25 48 
43392	0	0	99 2c 3b 
43392	0	0	99 4b 2f 
43396	4	0	84 3c 0 
43424	28	0	89 4b 0 
43424	0	0	89 2c 0 
43424	0	0	89 25 0 
43540	116	0	83 30 0 
43568	28	0	80 47 0 
43574	6	0	94 3c 4c 
43592	18	0	90 45 54 
43634	42	0	88 41 0 
43636	2	0	88 39 0 
43676	40	0	82 24 0 
43736	60	0	80 45 0 
43746	10	0	9e 4f 4b 
43754	8	0	8e 51 0 
43754	0	0	98 37 78 
43758	4	0	83 39 0 
43760	2	0	98 40 78 
43764	4	0	90 43 54 
43766	2	0	92 24 5a 
43772	6	0	85 41 0 
43776	4	0	99 24 4c 
43776	0	0	99 33 3f 
43780	4	0	95 30 4e 
43784	4	0	84 3c 0 
43808	24	0	89 33 0 
43808	0	0	89 24 0 
43960	152	0	94 37 52 
43968	8	0	9a 40 58 
44148	180	0	94 3c 46 
44160	12	0	99 25 4d 
44160	0	0	99 2c 3e 
44160	0	0	9b 43 42 
44192	32	0	89 2c 0 
44192	0	0	89 25 0 
44196	4	0	84 37 0 
44332	136	0	95 37 44 
44352	20	0	9b 48 44 
44544	192	0	99 25 3d 
44544	0	0	99 2c 3b 
44544	0	0	95 40 4b 
44544	0	0	9a 4c 34 
44550	6	0	84 3c 0 
44576	26	0	89 2c 0 
44576	0	0	89 25 0 
44730	154	0	94 3c 49 
44732	2	0	80 43 0 
44802	70	0	85 30 0 
44812	10	0	88 3c 0 
44822	10	0	88 40 0 
44832	10	0	8e 54 0 
44882	50	0	85 40 0 
44886	4	0	8e 4f 0 
44894	8	0	84 3c 0 
44912	18	0	90 45 59 
44912	0	0	9e 4a 20 
44916	4	0	85 37 0 
44918	2	0	82 24 0 
44918	0	0	9e 4f 53 
44920	2	0	98 3e 78 
44922	2	0	8b 43 0 
44926	4	0	92 1f 5a 
44926	0	0	93 2b 57 
44926	0	0	9e 53 4d 
44928	2	0	99 24 4a 
44928	0	0	99 33 3d 
44930	2	0	98 41 78 
44932	2	0	8a 4c 0 
44934	2	0	98 3b 78 
44940	6	0	8b 48 0 
44942	2	0	8a 40 0 
44960	18	0	89 33 0 
44960	0	0	89 24 0 
45042	82	0	80 45 0 
45094	52	0	94 37 4d 
45110	16	0	90 45 59 
45232	122	0	80 45 0 
45294	62	0	82 1f 0 
45294	0	0	94 3b 4b 
45296	2	0	90 45 56 
45304	8	0	92 21 5a 
45312	8	0	99 25 48 
45312	0	0	99 2c 3e 
45344	32	0	89 2c 0 
45344	0	0	89 25 0 
45344	0	0	84 37 0 
45452	108	0	80 45 0 
45480	28	0	93 37 4a 
45506	26	0	90 45 58 
45656	150	0	80 45 0 
45676	20	0	93 3e 56 
45682	6	0	84 3b 0 
45694	12	0	92 23 5a 
45696	2	0	90 47 54 
45696	0	0	99 25 4b 
45696	0	0	99 2c 40 
45696	0	0	99 4b 34 
45700	4	0	9e 51 46 
45702	2	0	9e 4d 52 
45704	2	0	82 21 0 
45712	8	0	8e 4f 0 
45720	8	0	8e 53 0 
45728	8	0	89 4b 0 
45728	0	0	89 2c 0 
45728	0	0	89 25 0 
45868	140	0	80 47 0 
45880	12	0	88 41 0 
45890	10	0	95 3b 48 
45898	8	0	90 43 55 
45910	12	0	83 2b 0 
45984	74	0	88 3e 0 
45984	0	0	8e 4a 0 
46010	26	0	88 3b 0 
46038	28	0	98 40 78 
46040	2	0	98 3c 78 
46058	18	0	80 43 0 
46058	0	0	92 24 5a 
46062	4	0	82 23 0 
46074	12	0	8e 4d 0 
46080	6	0	85 3b 0 
46080	0	0	83 3e 0 
46080	0	0	99 24 49 
46080	0	0	99 33 3f 
46082	2	0	90 48 47 
46082	0	0	9e 48 53 
46084	2	0	93 30 58 
46084	0	0	9e 4c 37 
46086	2	0	9e 4f 4a 
46108	22	0	83 37 0 
46112	4	0	89 33 0 
46112	0	0	89 24 0 
46112	0	0	8e 51 0 
46262	150	0	94 37 4f 
46272	10	0	9a 40 49 
46462	190	0	94 3c 48 
46464	2	0	99 25 43 
46464	0	0	99 2c 33 
46464	0	0	9b 43 3e 
46496	32	0	89 2c 0 
46496	0	0	89 25 0 
46516	20	0	84 37 0 
46638	122	0	95 37 3d 
46656	18	0	9a 48 4b 
46790	134	0	80 48 0 
46842	52	0	95 40 4d 
46848	6	0	99 25 43 
46848	0	0	99 2c 3e 
46848	0	0	9a 4c 36 
46864	16	0	84 3c 0 
46880	16	0	89 2c 0 
46880	0	0	89 25 0 
47002	122	0	82 24 0 
47038	36	0	93 3c 4d 
47040	2	0	9d 4f 58 
47052	12	0	91 43 3c 
47060	8	0	83 30 0 
47112	52	0	8e 4f 0 
47112	0	0	8e 4c 0 
47124	12	0	8e 48 0 
47164	40	0	8d 4f 0 
47184	20	0	85 40 0 
47188	4	0	83 3c 0 
47188	0	0	85 37 0 
47192	4	0	81 43 0 
47216	24	0	8a 4c 0 
47216	0	0	8b 43 0 
47218	2	0	8a 48 0 
47226	8	0	91 48 4d 
47232	6	0	99 24 47 
47232	0	0	99 31 3b 
47232	0	0	9c 48 53 
47232	0	0	9d 54 51 
47234	2	0	8a 40 0 
47234	0	0	92 24 5a 
47254	20	0	93 30 4e 
47264	10	0	89 31 0 
47264	0	0	89 24 0 
47424	160	0	9c 4c 43 
47444	20	0	8d 54 0 
47588	144	0	81 48 0 
47616	28	0	99 28 46 
47616	0	0	99 2c 3d 
47616	0	0	9c 4f 51 
47616	0	0	9d 54 5a 
47618	2	0	94 3c 46 
47620	2	0	95 40 46 
47628	8	0	93 37 49 
47636	8	0	91 48 51 
47648	12	0	89 2c 0 
47648	0	0	89 28 0 
47672	24	0	8c 4c 0 
47702	30	0	84 3c 0 
47716	14	0	83 37 0 
47716	0	0	85 40 0 
47750	34	0	8d 54 0 
47806	56	0	81 48 0 
47808	2	0	9c 4c 30 
47808	0	0	9d 53 50 
47824	16	0	91 47 4d 
47974	150	0	8d 53 0 
47986	12	0	8c 4c 0 
48000	14	0	99 28 43 
48000	0	0	99 2c 4c 
48000	0	0	99 4b 36 
48000	0	0	9d 51 4b 
48000	0	0	9c 54 51 
48008	8	0	8c 4f 0 
48008	0	0	95 3c 48 
48008	0	0	94 40 3c 
48012	4	0	94 37 49 
48022	10	0	91 45 51 
48024	2	0	81 47 0 
48032	8	0	89 4b 0 
48032	0	0	89 2c 0 
48032	0	0	89 28 0 
48122	90	0	83 30 0 
48148	26	0	8d 51 0 
48160	12	0	8c 48 0 
48192	32	0	9d 4f 4d 
48192	0	0	9c 4f 51 
48202	10	0	91 43 3a 
48222	20	0	81 45 0 
48322	100	0	82 24 0 
48340	18	0	8d 4f 0 
48360	20	0	92 1f 5a 
48378	18	0	91 45 4e 
48382	4	0	81 43 0 
48384	2	0	99 24 4a 
48384	0	0	95 2b 51 
48384	0	0	99 33 3d 
48384	0	0	9c 48 56 
48384	0	0	9d 51 51 
48414	30	0	84 40 0 
48416	2	0	89 33 0 
48416	0	0	89 24 0 
48420	4	0	85 3c 0 
48426	6	0	84 37 0 
48532	106	0	8c 54 0 
48538	6	0	8c 4f 0 
48576	38	0	9c 4c 3a 
48742	166	0	81 45 0 
48748	6	0	91 43 3c 
48750	2	0	8d 51 0 
48752	2	0	94 37 44 
48752	0	0	95 3c 44 
48752	0	0	93 40 42 
48768	16	0	99 28 45 
48768	0	0	99 2c 3d 
48768	0	0	9d 4f 4b 
48768	0	0	9c 4f 4d 
48790	22	0	8c 4c 0 
48800	10	0	89 2c 0 
48800	0	0	89 28 0 
48844	44	0	85 3c 0 
48852	8	0	83 40 0 
48852	0	0	84 37 0 
48960	108	0	9c 4c 32 
49148	188	0	8c 4c 0 
49152	4	0	99 28 41 
49152	0	0	99 2c 41 
49152	0	0	99 4b 2a 
49152	0	0	9c 54 4b 
49170	18	0	93 3c 44 
49170	0	0	95 40 41 
49174	4	0	95 37 46 
49176	2	0	8c 4f 0 
49184	8	0	89 4b 0 
49184	0	0	89 2c 0 
49184	0	0	89 28 0 
49210	26	0	81 43 0 
49264	54	0	8d 4f 0 
49324	60	0	85 2b 0 
49344	20	0	9d 4c 3b 
49344	0	0	9c 4f 4d 
49346	2	0	8c 48 0 
49350	4	0	91 40 4c 
49400	50	0	82 1f 0 
49422	22	0	85 37 0 
49436	14	0	83 3c 0 
49462	26	0	85 40 0 
49472	10	0	88 40 0 
49474	2	0	81 40 0 
49488	14	0	88 3c 0 
49494	6	0	8d 4c 0 
49496	2	0	88 37 0 
49518	22	0	91 43 48 
49536	18	0	99 24 4f 
49536	0	0	99 33 44 
49536	0	0	9c 4a 22 
49536	0	0	9d 4f 4b 
49544	8	0	92 1f 5a 
49544	0	0	98 3b 78 
49544	0	0	98 3e 78 
49550	6	0	8c 4f 0 
49550	0	0	93 2b 5d 
49552	2	0	98 37 78 
49560	8	0	8c 54 0 
49568	8	0	89 33 0 
49568	0	0	89 24 0 
49706	138	0	8d 4f 0 
49728	22	0	9c 4f 51 
49728	0	0	9d 51 4c 
49748	20	0	91 45 51 
49762	14	0	81 43 0 
49878	116	0	8d 51 0 
49912	34	0	91 47 4d 
49916	4	0	81 45 0 
49916	0	0	94 3b 44 
49916	0	0	95 3e 46 
49918	2	0	94 43 34 
49920	2	0	99 28 43 
49920	0	0	99 2c 3f 
49920	0	0	9d 53 47 
49920	0	0	9c 53 51 
49952	32	0	89 2c 0 
49952	0	0	89 28 0 
49954	2	0	8c 4f 0 
50058	104	0	85 3e 0 
50066	8	0	84 43 0 
50070	4	0	84 3b 0 
50088	18	0	8d 53 0 
50112	24	0	9c 4f 45 
50112	0	0	9d 51 49 
50134	22	0	91 45 4e 
50146	12	0	81 47 0 
50256	110	0	8d 51 0 
50286	30	0	93 3e 4d 
50288	2	0	93 3b 49 
50288	0	0	94 43 3e 
50304	16	0	99 28 40 
50304	0	0	99 2c 41 
50304	0	0	99 4b 2f 
50304	0	0	9d 4f 4e 
50304	0	0	9c 56 54 
50316	12	0	81 45 0 
50318	2	0	91 43 46 
50322	4	0	8c 53 0 
50336	14	0	89 4b 0 
50336	0	0	89 2c 0 
50336	0	0	89 28 0 
50456	120	0	8d 4f 0 
50472	16	0	83 2b 0 
50496	24	0	9d 51 4b 
50496	0	0	9c 53 43 
50510	14	0	91 45 53 
50532	22	0	8c 4a 0 
50540	8	0	81 43 0 
50642	102	0	8d 51 0 
50642	0	0	8c 56 0 
50644	2	0	8c 53 0 
50648	4	0	82 1f 0 
50660	12	0	83 3e 0 
50662	2	0	83 3b 0 
50664	2	0	8c 4f 0 
50666	2	0	84 43 0 
50668	2	0	92 24 5a 
50678	10	0	81 45 0 
50678	0	0	94 30 4d 
50688	10	0	99 24 50 
50688	0	0	99 33 44 
50688	0	0	98 40 78 
50688	0	0	9c 48 4d 
50688	0	0	9d 4c 38 
50698	10	0	98 3c 78 
50700	2	0	91 40 50 
50706	6	0	88 3b 0 
50708	2	0	88 3e 0 
50720	12	0	89 33 0 
50720	0	0	89 24 0 
50880	160	0	9c 4c 39 
51062	182	0	95 37 48 
51062	0	0	94 3c 43 
51066	4	0	93 40 34 
51072	6	0	99 28 41 
51072	0	0	99 2c 44 
51072	0	0	9c 4f 4f 
51104	32	0	89 2c 0 
51104	0	0	89 28 0 
51116	12	0	8c 4c 0 
51152	36	0	85 37 0 
51154	2	0	84 3c 0 
51156	2	0	83 40 0 
51242	86	0	8d 4c 0 
51264	22	0	9c 4c 2c 
51450	186	0	8c 4c 0 
51452	2	0	94 37 50 
51452	0	0	93 3c 4c 
51454	2	0	95 40 4d 
51456	2	0	99 28 3c 
51456	0	0	99 2c 44 
51456	0	0	99 4b 30 
51456	0	0	9c 54 4d 
51474	18	0	8c 4f 0 
51488	14	0	89 4b 0 
51488	0	0	89 2c 0 
51488	0	0	89 28 0 
51520	32	0	84 30 0 
51576	56	0	81 40 0 
51648	72	0	9d 4f 51 
51648	0	0	9c 4f 4b 
51668	20	0	91 43 3e 
51702	34	0	8c 48 0 
51750	48	0	88 37 0 
51770	20	0	8d 4f 0 
51804	34	0	82 24 0 
51814	10	0	81 43 0 
51816	2	0	92 26 5a 
51818	2	0	88 40 0 
51824	6	0	8c 4f 0 
51828	4	0	8c 54 0 
51830	2	0	88 3c 0 
51830	0	0	98 41 78 
51830	0	0	91 45 51 
51832	2	0	98 3e 78 
51840	8	0	99 24 4d 
51840	0	0	99 33 45 
51840	0	0	9c 4a 2c 
51840	0	0	9d 51 4d 
51846	6	0	98 39 78 
51850	4	0	84 37 0 
51850	0	0	95 32 55 
51864	14	0	85 40 0 
51864	0	0	83 3c 0 
51872	8	0	89 33 0 
51872	0	0	89 24 0 
52032	160	0	9c 4d 55 
52088	56	0	8d 51 0 
52190	102	0	81 45 0 
52204	14	0	95 41 46 
52206	2	0	93 3e 44 
52210	4	0	94 39 47 
52224	14	0	99 28 42 
52224	0	0	99 2c 4e 
52224	0	0	9d 51 53 
52224	0	0	9c 51 4d 
52226	2	0	91 45 56 
52256	30	0	89 2c 0 
52256	0	0	89 28 0 
52288	32	0	83 3e 0 
52292	4	0	8c 4d 0 
52294	2	0	85 41 0 
52298	4	0	84 39 0 
52416	118	0	9c 4d 47 
52452	36	0	8d 51 0 
52574	122	0	81 45 0 
52604	30	0	95 39 4d 
52606	2	0	8c 4d 0 
52608	2	0	99 28 42 
52608	0	0	99 2c 45 
52608	0	0	93 3e 4d 
52608	0	0	94 41 4c 
52608	0	0	99 4b 2a 
52608	0	0	9c 56 55 
52612	4	0	8c 51 0 
52640	28	0	89 4b 0 
52640	0	0	89 2c 0 
52640	0	0	89 28 0 
52772	132	0	85 32 0 
52800	28	0	9c 51 4d 
52870	70	0	8c 4a 0 
52896	26	0	88 39 0 
52936	40	0	82 26 0 
52956	20	0	85 39 0 
52964	8	0	84 41 0 
52970	6	0	92 1f 5a 
52972	2	0	91 47 4c 
52982	10	0	83 3e 0 
52992	10	0	99 24 4d 
52992	0	0	99 33 49 
52992	0	0	9c 4a 2e 
52992	0	0	9d 53 4c 
52998	6	0	8c 51 0 
52998	0	0	98 3b 78 
53004	6	0	98 37 78 
53010	6	0	94 2b 57 
53016	6	0	8c 56 0 
53024	8	0	89 33 0 
53024	0	0	89 24 0 
53092	68	0	8d 53 0 
53140	48	0	81 47 0 
53184	44	0	9c 4f 53 
53184	0	0	9d 53 4c 
53188	4	0	91 47 54 
53288	100	0	8d 53 0 
53348	60	0	81 47 0 
53358	10	0	95 3b 4b 
53358	0	0	93 3e 4b 
53360	2	0	95 43 3a 
53376	16	0	99 28 43 
53376	0	0	99 2c 3d 
53376	0	0	9d 53 49 
53376	0	0	9c 53 52 
53386	10	0	82 1f 0 
53388	2	0	91 47 4d 
53398	10	0	92 21 5a 
53408	10	0	89 2c 0 
53408	0	0	89 28 0 
53414	6	0	8c 4f 0 
53470	56	0	83 3e 0 
53470	0	0	85 3b 0 
53472	2	0	85 43 0 
53508	36	0	8d 53 0 
53558	50	0	81 47 0 
53568	10	0	9d 4f 50 
53568	0	0	9c 4f 4a 
53576	8	0	91 43 37 
53710	134	0	8d 4f 0 
53744	34	0	81 43 0 
53754	10	0	91 4a 22 
53760	6	0	99 28 40 
53760	0	0	99 2c 43 
53760	0	0	99 4b 2a 
53760	0	0	9d 56 51 
53760	0	0	9c 56 5a 
53766	6	0	82 21 0 
53766	0	0	92 23 5a 
53768	2	0	94 3b 50 
53768	0	0	93 41 54 
53770	2	0	8c 53 0 
53770	0	0	94 3e 51 
53792	22	0	89 4b 0 
53792	0	0	89 2c 0 
53792	0	0	89 28 0 
53882	90	0	8d 56 0 
53934	52	0	81 4a 0 
53948	14	0	91 48 45 
53952	4	0	9c 53 50 
53952	0	0	9d 54 43 
54022	70	0	88 41 0 
54024	2	0	84 2b 0 
54050	26	0	8c 4a 0 
54068	18	0	8d 54 0 
54092	24	0	8c 53 0 
54096	4	0	8c 56 0 
54106	10	0	88 3e 0 
54108	2	0	81 48 0 
54114	6	0	84 3e 0 
54122	8	0	84 3b 0 
54126	4	0	88 3b 0 
54132	6	0	83 41 0 
54134	2	0	92 24 5a 
54136	2	0	98 3c 78 
54136	0	0	98 40 78 
54144	8	0	99 24 42 
54144	0	0	99 33 3d 
54144	0	0	9c 48 54 
54144	0	0	9d 54 47 
54146	2	0	8c 4f 0 
54146	0	0	91 48 4d 
54150	4	0	82 23 0 
54154	4	0	94 30 54 
54176	22	0	89 33 0 
54176	0	0	89 24 0 
54336	160	0	9c 4c 3a 
54522	186	0	95 37 49 
54522	0	0	95 3c 48 
54522	0	0	95 40 4b 
54528	6	0	99 28 42 
54528	0	0	99 2c 41 
54528	0	0	9c 4f 51 
54544	16	0	8d 54 0 
54560	16	0	89 2c 0 
54560	0	0	89 28 0 
54582	22	0	85 3c 0 
54592	10	0	85 40 0 
54594	2	0	85 37 0 
54612	18	0	8c 4c 0 
54720	108	0	9c 4c 32 
54890	170	0	8c 4c 0 
54910	20	0	8c 4f 0 
54912	2	0	99 28 44 
54912	0	0	99 2c 48 
54912	0	0	99 4b 2a 
54912	0	0	9c 54 50 
54918	6	0	95 3c 48 
54920	2	0	93 37 46 
54920	0	0	93 40 46 
54944	24	0	89 4b 0 
54944	0	0	89 2c 0 
54944	0	0	89 28 0 
55010	66	0	84 30 0 
55104	94	0	9c 4f 4f 
55128	24	0	8c 48 0 
55182	54	0	88 40 0 
55208	26	0	88 3c 0 
55270	62	0	82 24 0 
55294	24	0	81 48 0 
55296	2	0	99 24 49 
55296	0	0	99 31 2a 
55296	0	0	94 37 4d 
55296	0	0	9e 47 5e 
55296	0	0	9c 47 4d 
55296	0	0	9e 4f 5e 
55298	2	0	93 2b 30 
55306	8	0	92 1f 5a 
55312	6	0	83 40 0 
55318	6	0	85 3c 0 
55320	2	0	8c 4f 0 
55328	8	0	89 24 0 
55328	0	0	83 37 0 
55336	8	0	8c 54 0 
55344	8	0	89 31 0 
55488	144	0	9c 4a 22 
55648	160	0	8e 4f 0 
55648	0	0	8e 47 0 
55674	26	0	95 43 31 
55676	2	0	95 3b 43 
55678	2	0	93 37 47 
55680	2	0	c0 36 
55680	0	0	99 25 33 
55680	0	0	99 39 2a 
55680	0	0	9e 48 5e 
55680	0	0	9c 4f 4d 
55680	0	0	9e 51 5e 
55682	2	0	94 3b 44 
55690	8	0	82 1f 0 
55690	0	0	92 21 5a 
55712	22	0	84 37 0 
55720	8	0	8c 4a 0 
55728	8	0	89 39 0 
55728	0	0	89 25 0 
55762	34	0	85 3b 0 
55772	10	0	83 37 0 
55772	0	0	85 43 0 
55776	4	0	b0 7 55 
55870	94	0	8c 47 0 
55872	2	0	9c 47 4d 
55880	8	0	94 37 49 
55912	32	0	8c 4f 0 
56032	120	0	8e 51 0 
56032	0	0	8e 48 0 
56062	30	0	93 37 47 
56064	2	0	99 31 22 
56064	0	0	9e 4a 33 
56064	0	0	9c 4a 22 
56064	0	0	9e 53 5e 
56072	8	0	94 3e 49 
56074	2	0	82 21 0 
56074	0	0	92 23 5a 
56080	6	0	84 37 0 
56100	20	0	84 3b 0 
56104	4	0	8c 47 0 
56112	8	0	89 31 0 
56156	44	0	83 37 0 
56256	100	0	90 43 60 
56256	0	0	99 25 22 
56256	0	0	9c 47 4d 
56264	8	0	94 37 49 
56272	8	0	84 3e 0 
56284	12	0	83 2b 0 
56296	12	0	8c 4a 0 
56304	8	0	89 25 0 
56346	42	0	88 37 0 
56352	6	0	99 25 22 
56400	48	0	89 25 0 
56416	16	0	8e 53 0 
56416	0	0	8e 4a 0 
56432	16	0	80 43 0 
56442	10	0	82 23 0 
56448	6	0	90 43 60 
56448	0	0	99 24 49 
56448	0	0	98 37 78 
56448	0	0	99 39 22 
56448	0	0	98 3c 78 
56448	0	0	98 40 78 
56450	2	0	92 24 5a 
56464	14	0	84 37 0 
56466	2	0	9e 54 51 
56480	14	0	89 24 0 
56488	8	0	8c 47 0 
56496	8	0	89 39 0 
56624	128	0	80 43 0 
56632	8	0	93 37 51 
56640	8	0	90 43 60 
56816	176	0	80 43 0 
56832	16	0	90 45 68 
56832	0	0	99 25 38 
56832	0	0	99 2c 45 
56832	0	0	94 3c 4d 
56864	32	0	89 2c 0 
56864	0	0	89 25 0 
56898	34	0	83 37 0 
57008	110	0	80 45 0 
57016	8	0	93 37 41 
57024	8	0	90 43 60 
57122	98	0	82 24 0 
57200	78	0	80 43 0 
57216	16	0	90 3c 68 
57216	0	0	99 25 3e 
57216	0	0	99 2c 36 
57218	2	0	94 40 44 
57248	30	0	89 2c 0 
57248	0	0	89 25 0 
57248	0	0	84 3c 0 
57258	10	0	8e 54 0 
57392	134	0	80 3c 0 
57408	16	0	90 3e 68 
57416	8	0	94 3c 49 
57584	168	0	80 3e 0 
57598	14	0	93 2b 57 
57600	2	0	90 40 68 
57600	0	0	99 24 44 
57600	0	0	99 33 39 
57600	0	0	9e 53 51 
57604	4	0	92 1f 5a 
57616	12	0	84 3c 0 
57632	16	0	89 33 0 
57632	0	0	89 24 0 
57634	2	0	83 37 0 
57636	2	0	84 40 0 
57792	156	0	9b 40 60 
57794	2	0	93 37 51 
57968	174	0	80 40 0 
57968	0	0	95 3c 47 
57984	16	0	90 40 68 
57984	0	0	99 25 40 
57984	0	0	99 2c 39 
57984	0	0	9b 43 42 
58016	32	0	89 2c 0 
58016	0	0	89 25 0 
58058	42	0	83 37 0 
58170	112	0	94 37 42 
58176	6	0	9b 48 41 
58368	192	0	99 25 41 
58368	0	0	99 2c 39 
58368	0	0	93 40 43 
58368	0	0	99 4b 31 
58368	0	0	9a 4c 36 
58384	16	0	9e 51 51 
58394	10	0	85 3c 0 
58400	6	0	89 4b 0 
58400	0	0	89 2c 0 
58400	0	0	89 25 0 
58400	0	0	8e 53 0 
58544	144	0	80 40 0 
58560	16	0	90 43 60 
58560	0	0	94 3c 49 
58708	148	0	83 2b 0 
58736	28	0	80 43 0 
58738	2	0	92 24 5a 
58740	2	0	82 1f 0 
58752	12	0	90 48 68 
58752	0	0	99 24 41 
58752	0	0	99 33 3f 
58754	2	0	93 30 50 
58756	2	0	9e 4f 51 
58782	26	0	8e 51 0 
58784	2	0	89 33 0 
58784	0	0	89 24 0 
58794	10	0	84 3c 0 
58812	18	0	84 37 0 
58828	16	0	83 40 0 
58928	100	0	80 48 0 
58936	8	0	94 37 4f 
58944	8	0	90 47 68 
59120	176	0	80 47 0 
59122	2	0	95 3c 47 
59130	8	0	92 26 5a 
59136	6	0	90 4a 52 
59136	0	0	99 25 42 
59136	0	0	99 2c 3b 
59138	2	0	82 24 0 
59168	30	0	89 2c 0 
59168	0	0	89 25 0 
59192	24	0	84 37 0 
59312	120	0	80 4a 0 
59314	2	0	93 37 45 
59328	14	0	90 48 68 
59504	176	0	80 48 0 
59514	10	0	94 40 47 
59520	6	0	90 4c 5c 
59520	0	0	99 24 32 
59520	0	0	99 25 45 
59520	0	0	92 28 5a 
59520	0	0	99 2c 36 
59530	10	0	82 26 0 
59534	4	0	9e 4c 43 
59544	10	0	85 3c 0 
59552	8	0	89 2c 0 
59552	0	0	89 25 0 
59552	0	0	89 24 0 
59682	130	0	8b 43 0 
59696	14	0	80 4c 0 
59712	16	0	90 48 68 
59712	0	0	93 3c 4c 
59718	6	0	8b 40 0 
59742	24	0	83 30 0 
59744	2	0	8a 4c 0 
59752	8	0	8b 48 0 
59858	106	0	8e 4c 0 
59888	30	0	80 48 0 
59888	0	0	88 40 0 
59888	0	0	88 37 0 
59890	2	0	92 29 5a 
59892	2	0	93 35 4d 
59902	10	0	98 41 78 
59902	0	0	9e 51 46 
59904	2	0	82 28 0 
59904	0	0	90 45 68 
59904	0	0	99 24 49 
59904	0	0	99 33 3d 
59904	0	0	98 39 78 
59906	2	0	83 37 0 
59912	6	0	9e 4d 5c 
59916	4	0	83 3c 0 
59918	2	0	84 40 0 
59922	4	0	8e 4f 0 
59936	14	0	89 33 0 
59936	0	0	89 24 0 
60074	138	0	95 39 51 
60096	22	0	9b 41 60 
60274	178	0	93 3c 47 
60288	14	0	99 25 40 
60288	0	0	99 2c 3a 
60288	0	0	9a 45 51 
60320	32	0	89 2c 0 
60320	0	0	89 25 0 
60324	4	0	85 39 0 
60464	140	0	80 45 0 
60464	0	0	95 39 42 
60480	16	0	9b 48 4d 
60672	192	0	99 25 3d 
60672	0	0	99 2c 39 
60672	0	0	99 4b 37 
60672	0	0	9b 4d 44 
60680	8	0	93 41 4b 
60696	16	0	83 3c 0 
60704	8	0	89 4b 0 
60704	0	0	89 2c 0 
60704	0	0	89 25 0 
60860	156	0	93 3c 49 
60864	4	0	90 3e 68 
60902	38	0	83 35 0 
61012	110	0	85 39 0 
61040	28	0	80 3e 0 
61040	0	0	88 3c 0 
61042	2	0	94 30 4d 
61044	2	0	83 3c 0 
61046	2	0	92 24 5a 
61048	2	0	83 41 0 
61056	8	0	90 3e 68 
61056	0	0	99 24 46 
61056	0	0	99 33 3a 
61058	2	0	82 29 0 
61088	30	0	89 33 0 
61088	0	0	89 24 0 
61232	144	0	80 3e 0 
61234	2	0	93 39 4e 
61248	14	0	90 3e 68 
61424	176	0	80 3e 0 
61426	2	0	94 3c 49 
61440	14	0	90 3e 68 
61440	0	0	99 25 41 
61440	0	0	99 2c 3e 
61472	32	0	89 2c 0 
61472	0	0	89 25 0 
61472	0	0	83 39 0 
61616	144	0	80 3e 0 
61620	4	0	93 39 49 
61632	12	0	90 48 68 
61798	166	0	8e 4d 0 
61808	10	0	80 48 0 
61808	0	0	9e 54 49 
61816	8	0	94 41 4d 
61824	8	0	90 47 68 
61824	0	0	99 25 47 
61824	0	0	99 2c 3d 
61836	12	0	84 3c 0 
61856	20	0	89 2c 0 
61856	0	0	89 25 0 
62000	144	0	80 47 0 
62006	6	0	8b 48 0 
62014	8	0	95 3c 4b 
62016	2	0	90 45 68 
62028	12	0	8b 41 0 
62030	2	0	8a 45 0 
62068	38	0	84 30 0 
62078	10	0	8b 4d 0 
62122	44	0	88 39 0 
62180	58	0	98 43 69 
62182	2	0	82 24 0 
62188	6	0	9e 4f 49 
62188	0	0	9e 53 3f 
62192	4	0	80 45 0 
62192	0	0	92 2b 5a 
62202	10	0	98 3e 78 
62206	4	0	8e 51 0 
62206	0	0	88 41 0 
62208	2	0	90 43 60 
62208	0	0	99 24 4b 
62208	0	0	99 33 2e 
62210	2	0	98 3b 78 
62212	2	0	8e 54 0 
62214	2	0	84 41 0 
62216	2	0	93 37 56 
62222	6	0	85 3c 0 
62222	0	0	83 39 0 
62240	18	0	89 33 0 
62240	0	0	89 24 0 
62386	146	0	95 3b 51 
62400	14	0	9a 43 4a 
62570	170	0	94 3e 47 
62576	6	0	80 43 0 
62592	16	0	90 43 60 
62592	0	0	99 25 4b 
62592	0	0	99 2c 3f 
62592	0	0	9b 47 4a 
62614	22	0	85 3b 0 
62624	10	0	89 2c 0 
62624	0	0	89 25 0 
62756	132	0	95 3b 46 
62784	28	0	9a 4a 26 
62966	182	0	95 43 3c 
62976	10	0	99 25 42 
62976	0	0	99 2c 40 
62976	0	0	99 4b 2e 
62976	0	0	9b 4d 48 
62984	8	0	84 3e 0 
63008	24	0	89 4b 0 
63008	0	0	89 2c 0 
63008	0	0	89 25 0 
63152	144	0	80 43 0 
63160	8	0	94 3e 51 
63168	8	0	90 43 60 
63286	118	0	83 37 0 
63318	32	0	85 3b 0 
63344	26	0	80 43 0 
63344	0	0	93 32 52 
63350	6	0	9e 4d 56 
63356	6	0	92 26 5a 
63360	4	0	82 2b 0 
63360	0	0	90 43 60 
63360	0	0	99 24 47 
63360	0	0	99 33 3e 
63362	2	0	8e 4f 0 
63388	26	0	84 3e 0 
63390	2	0	85 43 0 
63392	2	0	89 33 0 
63392	0	0	89 24 0 
63536	144	0	80 43 0 
63538	2	0	95 3b 4b 
63552	14	0	90 45 68 
63722	170	0	94 3e 47 
63728	6	0	80 45 0 
63744	16	0	90 47 68 
63744	0	0	99 25 4a 
63744	0	0	99 2c 43 
63776	32	0	89 2c 0 
63776	0	0	89 25 0 
63778	2	0	85 3b 0 
63918	140	0	93 3b 4d 
63920	2	0	80 47 0 
63936	16	0	90 45 68 
64008	72	0	8b 4d 0 
64008	0	0	8b 47 0 
64010	2	0	8a 43 0 
64016	6	0	8a 4a 0 
64094	78	0	84 3e 0 
64106	12	0	94 41 58 
64112	6	0	80 45 0 
64128	16	0	90 43 60 
64128	0	0	99 25 49 
64128	0	0	99 2c 43 
64154	26	0	9e 4a 29 
64160	6	0	89 2c 0 
64160	0	0	89 25 0 
64244	84	0	83 32 0 
64304	60	0	80 43 0 
64310	6	0	94 3e 4e 
64320	10	0	90 45 68 
64430	110	0	88 3b 0 
64492	62	0	82 26 0 
64496	4	0	80 45 0 
64496	0	0	84 3e 0 
64496	0	0	93 30 5a 
64500	4	0	98 40 78 
64506	6	0	84 41 0 
64506	0	0	92 24 5a 
64506	0	0	98 3c 78 
64508	2	0	83 3b 0 
64512	4	0	90 40 68 
64512	0	0	99 24 44 
64512	0	0	99 33 3a 
64516	4	0	8e 53 0 
64526	10	0	88 3e 0 
64540	14	0	8e 4d 0 
64544	4	0	89 33 0 
64544	0	0	89 24 0 
64558	14	0	9e 4f 36 
64570	12	0	9e 4c 4a 
64586	16	0	8e 4a 0 
64680	94	0	95 37 56 
64704	24	0	9a 40 5f 
64866	162	0	94 3c 46 
64896	30	0	99 25 46 
64896	0	0	99 2c 41 
64896	0	0	9b 43 47 
64928	32	0	89 2c 0 
64928	0	0	89 25 0 
64944	16	0	85 37 0 
65062	118	0	93 37 42 
65088	26	0	9b 48 4d 
65264	176	0	93 40 4b 
65280	16	0	99 25 45 
65280	0	0	99 2c 3e 
65280	0	0	99 4b 2d 
65280	0	0	9a 4c 32 
65288	8	0	84 3c 0 
65312	24	0	89 4b 0 
65312	0	0	89 2c 0 
65312	0	0	89 25 0 
65456	144	0	80 40 0 
65468	12	0	93 3c 51 
65472	4	0	90 43 60 
65480	8	0	83 30 0 
65648	168	0	80 43 0 
65658	10	0	82 24 0 
65660	2	0	8e 4c 0 
65664	4	0	90 43 60 
65664	0	0	99 24 46 
65664	0	0	99 33 3d 
65666	2	0	92 1f 5a 
65668	2	0	83 40 0 
65676	8	0	9e 54 5a 
65678	2	0	83 3c 0 
65682	4	0	8e 4f 0 
65684	2	0	95 30 5f 
65690	6	0	83 37 0 
65696	6	0	89 33 0 
65696	0	0	89 24 0 
65840	144	0	80 43 0 
65840	0	0	93 37 57 
65856	16	0	90 43 60 
66032	176	0	80 43 0 
66038	6	0	95 3c 4d 
66048	10	0	90 45 68 
66048	0	0	99 25 46 
66048	0	0	99 2c 3c 
66080	32	0	89 2c 0 
66080	0	0	89 25 0 
66082	2	0	83 37 0 
66130	48	0	8b 43 0 
66134	4	0	8a 4c 0 
66134	0	0	8b 48 0 
66144	10	0	8a 40 0 
66224	80	0	80 45 0 
66226	2	0	95 37 43 
66240	14	0	90 43 60 
66416	176	0	80 43 0 
66418	2	0	94 40 4b 
66432	14	0	90 3c 68 
66432	0	0	99 25 3f 
66432	0	0	99 2c 36 
66442	10	0	85 3c 0 
66444	2	0	9e 53 51 
66464	20	0	89 2c 0 
66464	0	0	89 25 0 
66606	142	0	85 30 0 
66608	2	0	80 3c 0 
66614	6	0	95 3c 49 
66624	10	0	90 3e 68 
66694	70	0	88 3c 0 
66720	26	0	88 40 0 
66734	14	0	85 37 0 
66746	12	0	88 43 0 
66790	44	0	98 37 78 
66800	10	0	80 3e 0 
66800	0	0	98 3c 78 
66800	0	0	98 40 78 
66816	16	0	90 40 68 
66816	0	0	99 24 4d 
66816	0	0	99 33 44 
66822	6	0	9e 51 54 
66824	2	0	92 24 5a 
66824	0	0	94 30 54 
66834	10	0	8e 53 0 
66834	0	0	82 1f 0 
66848	14	0	89 33 0 
66848	0	0	89 24 0 
66854	6	0	84 40 0 
66870	16	0	85 3c 0 
66994	124	0	95 37 52 
67188	194	0	94 3c 45 
67200	12	0	99 25 45 
67200	0	0	99 2c 3c 
67232	32	0	89 2c 0 
67232	0	0	89 25 0 
67266	34	0	85 37 0 
67376	110	0	93 37 44 
67392	16	0	9a 40 64 
67572	180	0	95 40 47 
67584	12	0	99 25 4d 
67584	0	0	99 2c 3a 
67584	0	0	9b 43 44 
67610	26	0	84 3c 0 
67616	6	0	89 2c 0 
67616	0	0	89 25 0 
67760	144	0	80 40 0 
67774	14	0	95 3c 47 
67776	2	0	90 43 60 
67776	0	0	9b 48 46 
67850	74	0	84 30 0 
67864	14	0	82 24 0 
67952	88	0	80 43 0 
67962	10	0	92 24 5a 
67966	4	0	9e 4f 56 
67968	2	0	90 48 68 
67968	0	0	99 24 47 
67968	0	0	99 33 43 
67968	0	0	9b 4c 36 
67982	14	0	8e 51 0 
67986	4	0	93 2b 5d 
67992	6	0	85 40 0 
68000	8	0	89 33 0 
68000	0	0	89 24 0 
68020	20	0	85 3c 0 
68020	0	0	83 37 0 
68140	120	0	93 37 4b 
68144	4	0	80 48 0 
68160	16	0	90 47 68 
68336	176	0	80 47 0 
68338	2	0	95 3c 45 
68352	14	0	90 4a 52 
68352	0	0	99 25 4e 
68352	0	0	99 2c 3d 
68360	8	0	92 26 5a 
68362	2	0	82 24 0 
68382	20	0	83 37 0 
68384	2	0	89 2c 0 
68384	0	0	89 25 0 
68528	144	0	80 4a 0 
68544	16	0	90 48 68 
68544	0	0	94 37 4c 
68720	176	0	80 48 0 
68730	10	0	9e 4c 41 
68732	2	0	8e 54 0 
68736	4	0	90 4c 5c 
68736	0	0	99 24 35 
68736	0	0	99 25 4a 
68736	0	0	99 2c 39 
68736	0	0	99 4b 38 
68738	2	0	92 28 5a 
68742	4	0	94 40 50 
68744	2	0	85 3c 0 
68760	16	0	82 26 0 
68768	8	0	89 4b 0 
68768	0	0	89 2c 0 
68768	0	0	89 25 0 
68768	0	0	89 24 0 
68816	48	0	83 2b 0 
68832	16	0	8b 43 0 
68856	24	0	8b 4c 0 
68880	24	0	8a 40 0 
68914	34	0	80 4c 0 
68914	0	0	8b 48 0 
68928	14	0	90 48 68 
68934	6	0	95 3c 54 
69028	94	0	88 37 0 
69062	34	0	8e 4c 0 
69080	18	0	88 40 0 
69102	22	0	98 41 78 
69104	2	0	80 48 0 
69106	2	0	82 28 0 
69108	2	0	92 29 5a 
69112	4	0	98 39 78 
69118	6	0	9e 51 44 
69120	2	0	90 45 68 
69120	0	0	99 24 49 
69120	0	0	99 33 3e 
69122	2	0	8e 4f 0 
69122	0	0	95 35 60 
69128	6	0	9e 4d 5f 
69152	24	0	89 33 0 
69152	0	0	89 24 0 
69152	0	0	84 37 0 
69160	8	0	84 40 0 
69186	26	0	85 3c 0 
69302	116	0	93 39 51 
69312	10	0	9b 41 5a 
69492	180	0	94 3c 44 
69504	12	0	99 25 44 
69504	0	0	99 2c 39 
69504	0	0	9a 45 57 
69536	32	0	89 2c 0 
69536	0	0	89 25 0 
69580	44	0	83 39 0 
69682	102	0	94 39 47 
69696	14	0	9b 48 51 
69882	186	0	93 41 4b 
69888	6	0	99 25 41 
69888	0	0	99 2c 39 
69888	0	0	9a 4d 51 
69892	4	0	84 3c 0 
69920	28	0	89 2c 0 
69920	0	0	89 25 0 
70064	144	0	80 45 0 
70078	14	0	93 3c 48 
70080	2	0	90 3e 68 
70126	46	0	85 35 0 
70250	124	0	8e 4d 0 
70252	2	0	93 30 50 
70256	4	0	80 3e 0 
70258	2	0	83 3c 0 
70262	4	0	9e 54 4b 
70266	4	0	84 39 0 
70268	2	0	92 24 5a 
70272	4	0	90 3e 68 
70272	0	0	99 24 4d 
70272	0	0	99 33 46 
70274	2	0	83 41 0 
70276	2	0	82 29 0 
70304	28	0	89 33 0 
70304	0	0	89 24 0 
70448	144	0	80 3e 0 
70452	4	0	93 39 4b 
70464	12	0	90 3e 68 
70640	176	0	80 3e 0 
70648	8	0	94 3c 4d 
70656	8	0	90 3e 68 
70656	0	0	99 25 4d 
70656	0	0	99 2c 3a 
70688	32	0	89 2c 0 
70688	0	0	89 25 0 
70688	0	0	83 39 0 
70822	134	0	93 39 4d 
70832	10	0	80 3e 0 
70848	16	0	90 48 68 
70986	138	0	8b 41 0 
70988	2	0	8a 4d 0 
71000	12	0	8a 45 0 
71002	2	0	8b 48 0 
71024	22	0	80 48 0 
71032	8	0	95 41 4d 
71040	8	0	90 47 68 
71040	0	0	99 25 48 
71040	0	0	99 2c 3b 
71040	0	0	99 4b 2f 
71044	4	0	84 3c 0 
71072	28	0	89 4b 0 
71072	0	0	89 2c 0 
71072	0	0	89 25 0 
71188	116	0	83 30 0 
71216	28	0	80 47 0 
71222	6	0	94 3c 4c 
71232	10	0	90 45 68 
71282	50	0	88 41 0 
71284	2	0	88 39 0 
71324	40	0	82 24 0 
71394	70	0	9e 4f 4b 
71402	8	0	8e 51 0 
71402	0	0	98 37 78 
71406	4	0	83 39 0 
71408	2	0	80 45 0 
71408	0	0	98 40 78 
71414	6	0	92 24 5a 
71420	6	0	85 41 0 
71424	4	0	90 43 60 
71424	0	0	99 24 4c 
71424	0	0	99 33 3f 
71428	4	0	95 30 4e 
71432	4	0	84 3c 0 
71456	24	0	89 33 0 
71456	0	0	89 24 0 
71608	152	0	94 37 52 
71616	8	0	9a 40 58 
71796	180	0	94 3c 46 
71808	12	0	99 25 4d 
71808	0	0	99 2c 3e 
71808	0	0	9b 43 42 
71840	32	0	89 2c 0 
71840	0	0	89 25 0 
71844	4	0	84 37 0 
71980	136	0	95 37 44 
72000	20	0	9b 48 44 
72192	192	0	99 25 3d 
72192	0	0	99 2c 3b 
72192	0	0	95 40 4b 
72192	0	0	9a 4c 34 
72198	6	0	84 3c 0 
72224	26	0	89 2c 0 
72224	0	0	89 25 0 
72378	154	0	94 3c 49 
72450	72	0	85 30 0 
72460	10	0	88 3c 0 
72470	10	0	88 40 0 
72480	10	0	8e 54 0 
72530	50	0	85 40 0 
72534	4	0	8e 4f 0 
72542	8	0	84 3c 0 
72560	18	0	80 43 0 
72560	0	0	9e 4a 20 
72564	4	0	85 37 0 
72566	2	0	82 24 0 
72566	0	0	9e 4f 53 
72568	2	0	98 3e 78 
72570	2	0	8b 43 0 
72574	4	0	92 1f 5a 
72574	0	0	93 2b 57 
72574	0	0	9e 53 4d 
72576	2	0	90 45 68 
72576	0	0	99 24 4a 
72576	0	0	99 33 3d 
72578	2	0	98 41 78 
72580	2	0	8a 4c 0 
72582	2	0	98 3b 78 
72588	6	0	8b 48 0 
72590	2	0	8a 40 0 
72608	18	0	89 33 0 
72608	0	0	89 24 0 
72742	134	0	94 37 4d 
72752	10	0	80 45 0 
72768	16	0	90 45 68 
72942	174	0	82 1f 0 
72942	0	0	94 3b 4b 
72944	2	0	80 45 0 
72952	8	0	92 21 5a 
72960	8	0	90 45 68 
72960	0	0	99 25 48 
72960	0	0	99 2c 3e 
72992	32	0	89 2c 0 
72992	0	0	89 25 0 
72992	0	0	84 37 0 
73128	136	0	93 37 4a 
73136	8	0	80 45 0 
73152	16	0	90 45 68 
73324	172	0	93 3e 56 
73328	4	0	80 45 0 
73330	2	0	84 3b 0 
73342	12	0	92 23 5a 
73344	2	0	90 47 68 
73344	0	0	99 25 4b 
73344	0	0	99 2c 40 
73344	0	0	99 4b 34 
73348	4	0	9e 51 46 
73350	2	0	9e 4d 52 
73352	2	0	82 21 0 
73360	8	0	8e 4f 0 
73368	8	0	8e 53 0 
73376	8	0	89 4b 0 
73376	0	0	89 2c 0 
73376	0	0	89 25 0 
73520	144	0	80 47 0 
73528	8	0	88 41 0 
73536	8	0	90 43 60 
73538	2	0	95 3b 48 
73558	20	0	83 2b 0 
73632	74	0	88 3e 0 
73632	0	0	8e 4a 0 
73658	26	0	88 3b 0 
73686	28	0	98 40 78 
73688	2	0	98 3c 78 
73706	18	0	92 24 5a 
73710	4	0	82 23 0 
73712	2	0	80 43 0 
73722	10	0	8e 4d 0 
73728	6	0	85 3b 0 
73728	0	0	83 3e 0 
73728	0	0	90 48 68 
73728	0	0	99 24 49 
73728	0	0	99 33 3f 
73730	2	0	9e 48 53 
73732	2	0	93 30 58 
73732	0	0	9e 4c 37 
73734	2	0	9e 4f 4a 
73756	22	0	83 37 0 
73760	4	0	89 33 0 
73760	0	0	89 24 0 
73760	0	0	8e 51 0 
73910	150	0	94 37 4f 
73920	10	0	9a 40 49 
74110	190	0	94 3c 48 
74112	2	0	99 25 43 
74112	0	0	99 2c 33 
74112	0	0	9b 43 3e 
74144	32	0	89 2c 0 
74144	0	0	89 25 0 
74164	20	0	84 37 0 
74286	122	0	95 37 3d 
74304	18	0	9a 48 4b 
74422	118	0	80 48 0 
74490	68	0	95 40 4d 
74496	6	0	99 25 43 
74496	0	0	99 2c 3e 
74496	0	0	9a 4c 36 
74512	16	0	84 3c 0 
74528	16	0	89 2c 0 
74528	0	0	89 25 0 
74650	122	0	82 24 0 
74686	36	0	93 3c 4d 
74688	2	0	91 43 3c 
74688	0	0	9d 4f 58 
74708	20	0	83 30 0 
74760	52	0	8e 4f 0 
74760	0	0	8e 4c 0 
74772	12	0	8e 48 0 
74812	40	0	8d 4f 0 
74828	16	0	81 43 0 
74832	4	0	85 40 0 
74836	4	0	83 3c 0 
74836	0	0	85 37 0 
74864	28	0	8a 4c 0 
74864	0	0	8b 43 0 
74866	2	0	8a 48 0 
74880	14	0	99 24 47 
74880	0	0	99 31 3b 
74880	0	0	91 40 4d 
74880	0	0	9c 48 53 
74880	0	0	91 48 4d 
74880	0	0	9d 54 51 
74882	2	0	8a 40 0 
74882	0	0	92 24 5a 
74902	20	0	93 30 4e 
74912	10	0	89 31 0 
74912	0	0	89 24 0 
75072	160	0	9c 4c 43 
75092	20	0	8d 54 0 
75216	124	0	81 48 0 
75216	0	0	81 40 0 
75264	48	0	99 28 46 
75264	0	0	99 2c 3d 
75264	0	0	91 40 51 
75264	0	0	91 48 51 
75264	0	0	9c 4f 51 
75264	0	0	9d 54 5a 
75266	2	0	94 3c 46 
75268	2	0	95 40 46 
75276	8	0	93 37 49 
75296	20	0	89 2c 0 
75296	0	0	89 28 0 
75320	24	0	8c 4c 0 
75350	30	0	84 3c 0 
75364	14	0	83 37 0 
75364	0	0	85 40 0 
75398	34	0	8d 54 0 
75440	42	0	81 48 0 
75440	0	0	81 40 0 
75456	16	0	91 40 4d 
75456	0	0	91 47 4d 
75456	0	0	9c 4c 30 
75456	0	0	9d 53 50 
75622	166	0	8d 53 0 
75632	10	0	81 47 0 
75632	0	0	81 40 0 
75634	2	0	8c 4c 0 
75648	14	0	99 28 43 
75648	0	0	99 2c 4c 
75648	0	0	91 40 51 
75648	0	0	91 45 51 
75648	0	0	99 4b 36 
75648	0	0	9d 51 4b 
75648	0	0	9c 54 51 
75656	8	0	8c 4f 0 
75656	0	0	95 3c 48 
75656	0	0	94 40 3c 
75660	4	0	94 37 49 
75680	20	0	89 4b 0 
75680	0	0	89 2c 0 
75680	0	0	89 28 0 
75770	90	0	83 30 0 
75796	26	0	8d 51 0 
75808	12	0	8c 48 0 
75824	16	0	81 45 0 
75824	0	0	81 40 0 
75840	16	0	91 40 49 
75840	0	0	91 43 3a 
75840	0	0	9d 4f 4d 
75840	0	0	9c 4f 51 
75970	130	0	82 24 0 
75988	18	0	8d 4f 0 
76008	20	0	92 1f 5a 
76016	8	0	81 43 0 
76016	0	0	81 40 0 
76032	16	0	99 24 4a 
76032	0	0	95 2b 51 
76032	0	0	99 33 3d 
76032	0	0	91 41 4e 
76032	0	0	91 45 4e 
76032	0	0	9c 48 56 
76032	0	0	9d 51 51 
76062	30	0	84 40 0 
76064	2	0	89 33 0 
76064	0	0	89 24 0 
76068	4	0	85 3c 0 
76074	6	0	84 37 0 
76180	106	0	8c 54 0 
76186	6	0	8c 4f 0 
76224	38	0	9c 4c 3a 
76368	144	0	81 45 0 
76368	0	0	81 41 0 
76398	30	0	8d 51 0 
76400	2	0	94 37 44 
76400	0	0	95 3c 44 
76400	0	0	93 40 42 
76416	16	0	99 28 45 
76416	0	0	99 2c 3d 
76416	0	0	91 40 4b 
76416	0	0	91 43 3c 
76416	0	0	9d 4f 4b 
76416	0	0	9c 4f 4d 
76438	22	0	8c 4c 0 
76448	10	0	89 2c 0 
76448	0	0	89 28 0 
76492	44	0	85 3c 0 
76500	8	0	83 40 0 
76500	0	0	84 37 0 
76608	108	0	9c 4c 32 
76752	144	0	81 43 0 
76752	0	0	81 40 0 
76796	44	0	8c 4c 0 
76800	4	0	99 28 41 
76800	0	0	99 2c 41 
76800	0	0	99 4b 2a 
76800	0	0	9c 54 4b 
76818	18	0	93 3c 44 
76818	0	0	95 40 41 
76822	4	0	95 37 46 
76824	2	0	8c 4f 0 
76832	8	0	89 4b 0 
76832	0	0	89 2c 0 
76832	0	0	89 28 0 
76912	80	0	8d 4f 0 
76972	60	0	85 2b 0 
76992	20	0	91 40 4c 
76992	0	0	9d 4c 3b 
76992	0	0	9c 4f 4d 
76994	2	0	8c 48 0 
77048	54	0	82 1f 0 
77070	22	0	85 37 0 
77084	14	0	83 3c 0 
77110	26	0	85 40 0 
77120	10	0	88 40 0 
77136	16	0	81 40 0 
77136	0	0	88 3c 0 
77142	6	0	8d 4c 0 
77144	2	0	88 37 0 
77184	40	0	99 24 4f 
77184	0	0	99 33 44 
77184	0	0	91 3b 57 
77184	0	0	91 43 48 
77184	0	0	9c 4a 22 
77184	0	0	9d 4f 4b 
77192	8	0	92 1f 5a 
77192	0	0	98 3b 78 
77192	0	0	98 3e 78 
77198	6	0	8c 4f 0 
77198	0	0	93 2b 5d 
77200	2	0	98 37 78 
77208	8	0	8c 54 0 
77216	8	0	89 33 0 
77216	0	0	89 24 0 
77354	138	0	8d 4f 0 
77360	6	0	81 43 0 
77360	0	0	81 3b 0 
77376	16	0	91 3c 51 
77376	0	0	91 45 51 
77376	0	0	9c 4f 51 
77376	0	0	9d 51 4c 
77526	150	0	8d 51 0 
77552	26	0	81 45 0 
77552	0	0	81 3c 0 
77564	12	0	94 3b 44 
77564	0	0	95 3e 46 
77566	2	0	94 43 34 
77568	2	0	99 28 43 
77568	0	0	99 2c 3f 
77568	0	0	91 3e 4d 
77568	0	0	91 47 4d 
77568	0	0	9d 53 47 
77568	0	0	9c 53 51 
77600	32	0	89 2c 0 
77600	0	0	89 28 0 
77602	2	0	8c 4f 0 
77706	104	0	85 3e 0 
77714	8	0	84 43 0 
77718	4	0	84 3b 0 
77736	18	0	8d 53 0 
77744	8	0	81 47 0 
77744	0	0	81 3e 0 
77760	16	0	91 3c 4e 
77760	0	0	91 45 4e 
77760	0	0	9c 4f 45 
77760	0	0	9d 51 49 
77904	144	0	8d 51 0 
77934	30	0	93 3e 4d 
77936	2	0	81 45 0 
77936	0	0	81 3c 0 
77936	0	0	93 3b 49 
77936	0	0	94 43 3e 
77952	16	0	99 28 40 
77952	0	0	99 2c 41 
77952	0	0	91 3b 55 
77952	0	0	91 43 46 
77952	0	0	99 4b 2f 
77952	0	0	9d 4f 4e 
77952	0	0	9c 56 54 
77970	18	0	8c 53 0 
77984	14	0	89 4b 0 
77984	0	0	89 2c 0 
77984	0	0	89 28 0 
78104	120	0	8d 4f 0 
78120	16	0	83 2b 0 
78128	8	0	81 43 0 
78128	0	0	81 3b 0 
78144	16	0	91 3c 53 
78144	0	0	91 45 53 
78144	0	0	9d 51 4b 
78144	0	0	9c 53 43 
78180	36	0	8c 4a 0 
78290	110	0	8d 51 0 
78290	0	0	8c 56 0 
78292	2	0	8c 53 0 
78296	4	0	82 1f 0 
78308	12	0	83 3e 0 
78310	2	0	83 3b 0 
78312	2	0	8c 4f 0 
78314	2	0	84 43 0 
78316	2	0	92 24 5a 
78320	4	0	81 45 0 
78320	0	0	81 3c 0 
78326	6	0	94 30 4d 
78336	10	0	99 24 50 
78336	0	0	99 33 44 
78336	0	0	91 3c 50 
78336	0	0	98 40 78 
78336	0	0	91 40 50 
78336	0	0	9c 48 4d 
78336	0	0	9d 4c 38 
78346	10	0	98 3c 78 
78354	8	0	88 3b 0 
78356	2	0	88 3e 0 
78368	12	0	89 33 0 
78368	0	0	89 24 0 
78528	160	0	9c 4c 39 
78710	182	0	95 37 48 
78710	0	0	94 3c 43 
78714	4	0	93 40 34 
78720	6	0	99 28 41 
78720	0	0	99 2c 44 
78720	0	0	9c 4f 4f 
78752	32	0	89 2c 0 
78752	0	0	89 28 0 
78764	12	0	8c 4c 0 
78800	36	0	85 37 0 
78802	2	0	84 3c 0 
78804	2	0	83 40 0 
78890	86	0	8d 4c 0 
78912	22	0	9c 4c 2c 
79098	186	0	8c 4c 0 
79100	2	0	94 37 50 
79100	0	0	93 3c 4c 
79102	2	0	95 40 4d 
79104	2	0	99 28 3c 
79104	0	0	99 2c 44 
79104	0	0	99 4b 30 
79104	0	0	9c 54 4d 
79122	18	0	8c 4f 0 
79136	14	0	89 4b 0 
79136	0	0	89 2c 0 
79136	0	0	89 28 0 
79168	32	0	84 30 0 
79212	44	0	81 40 0 
79212	0	0	81 3c 0 
79296	84	0	91 43 3e 
79296	0	0	9d 4f 51 
79296	0	0	9c 4f 4b 
79350	54	0	8c 48 0 
79398	48	0	88 37 0 
79418	20	0	8d 4f 0 
79442	24	0	81 43 0 
79452	10	0	82 24 0 
79464	12	0	92 26 5a 
79466	2	0	88 40 0 
79472	6	0	8c 4f 0 
79476	4	0	8c 54 0 
79478	2	0	88 3c 0 
79478	0	0	98 41 78 
79480	2	0	98 3e 78 
79488	8	0	99 24 4d 
79488	0	0	99 33 45 
79488	0	0	91 41 51 
79488	0	0	91 45 51 
79488	0	0	9c 4a 2c 
79488	0	0	9d 51 4d 
79494	6	0	98 39 78 
79498	4	0	84 37 0 
79498	0	0	95 32 55 
79512	14	0	85 40 0 
79512	0	0	83 3c 0 
79520	8	0	89 33 0 
79520	0	0	89 24 0 
79680	160	0	9c 4d 55 
79736	56	0	8d 51 0 
79848	112	0	81 45 0 
79848	0	0	81 41 0 
79852	4	0	95 41 46 
79854	2	0	93 3e 44 
79858	4	0	94 39 47 
79872	14	0	99 28 42 
79872	0	0	99 2c 4e 
79872	0	0	91 41 56 
79872	0	0	91 45 56 
79872	0	0	9d 51 53 
79872	0	0	9c 51 4d 
79904	32	0	89 2c 0 
79904	0	0	89 28 0 
79936	32	0	83 3e 0 
79940	4	0	8c 4d 0 
79942	2	0	85 41 0 
79946	4	0	84 39 0 
80064	118	0	9c 4d 47 
80100	36	0	8d 51 0 
80220	120	0	81 45 0 
80220	0	0	81 41 0 
80252	32	0	95 39 4d 
80254	2	0	8c 4d 0 
80256	2	0	99 28 42 
80256	0	0	99 2c 45 
80256	0	0	93 3e 4d 
80256	0	0	94 41 4c 
80256	0	0	99 4b 2a 
80256	0	0	9c 56 55 
80260	4	0	8c 51 0 
80288	28	0	89 4b 0 
80288	0	0	89 2c 0 
80288	0	0	89 28 0 
80420	132	0	85 32 0 
80448	28	0	9c 51 4d 
80518	70	0	8c 4a 0 
80544	26	0	88 39 0 
80584	40	0	82 26 0 
80604	20	0	85 39 0 
80612	8	0	84 41 0 
80618	6	0	92 1f 5a 
80630	12	0	83 3e 0 
80640	10	0	99 24 4d 
80640	0	0	99 33 49 
80640	0	0	91 41 4c 
80640	0	0	91 47 4c 
80640	0	0	9c 4a 2e 
80640	0	0	9d 53 4c 
80646	6	0	8c 51 0 
80646	0	0	98 3b 78 
80652	6	0	98 37 78 
80658	6	0	94 2b 57 
80664	6	0	8c 56 0 
80672	8	0	89 33 0 
80672	0	0	89 24 0 
80740	68	0	8d 53 0 
80816	76	0	81 47 0 
80816	0	0	81 41 0 
80832	16	0	91 41 54 
80832	0	0	91 47 54 
80832	0	0	9c 4f 53 
80832	0	0	9d 53 4c 
80936	104	0	8d 53 0 
81006	70	0	95 3b 4b 
81006	0	0	93 3e 4b 
81008	2	0	81 47 0 
81008	0	0	81 41 0 
81008	0	0	95 43 3a 
81024	16	0	99 28 43 
81024	0	0	99 2c 3d 
81024	0	0	91 41 4d 
81024	0	0	91 47 4d 
81024	0	0	9d 53 49 
81024	0	0	9c 53 52 
81034	10	0	82 1f 0 
81046	12	0	92 21 5a 
81056	10	0	89 2c 0 
81056	0	0	89 28 0 
81062	6	0	8c 4f 0 
81118	56	0	83 3e 0 
81118	0	0	85 3b 0 
81120	2	0	85 43 0 
81156	36	0	8d 53 0 
81200	44	0	81 47 0 
81200	0	0	81 41 0 
81216	16	0	91 41 46 
81216	0	0	91 43 37 
81216	0	0	9d 4f 50 
81216	0	0	9c 4f 4a 
81358	142	0	8d 4f 0 
81392	34	0	81 43 0 
81392	0	0	81 41 0 
81408	16	0	99 28 40 
81408	0	0	99 2c 43 
81408	0	0	91 41 4d 
81408	0	0	91 4a 22 
81408	0	0	99 4b 2a 
81408	0	0	9d 56 51 
81408	0	0	9c 56 5a 
81414	6	0	82 21 0 
81414	0	0	92 23 5a 
81416	2	0	94 3b 50 
81416	0	0	93 41 54 
81418	2	0	8c 53 0 
81418	0	0	94 3e 51 
81440	22	0	89 4b 0 
81440	0	0	89 2c 0 
81440	0	0	89 28 0 
81530	90	0	8d 56 0 
81584	54	0	81 4a 0 
81584	0	0	81 41 0 
81600	16	0	91 40 45 
81600	0	0	91 48 45 
81600	0	0	9c 53 50 
81600	0	0	9d 54 43 
81670	70	0	88 41 0 
81672	2	0	84 2b 0 
81698	26	0	8c 4a 0 
81716	18	0	8d 54 0 
81740	24	0	8c 53 0 
81744	4	0	8c 56 0 
81754	10	0	88 3e 0 
81762	8	0	84 3e 0 
81770	8	0	84 3b 0 
81774	4	0	88 3b 0 
81776	2	0	81 48 0 
81776	0	0	81 40 0 
81780	4	0	83 41 0 
81782	2	0	92 24 5a 
81784	2	0	98 3c 78 
81784	0	0	98 40 78 
81792	8	0	99 24 42 
81792	0	0	99 33 3d 
81792	0	0	91 40 4d 
81792	0	0	9c 48 54 
81792	0	0	91 48 4d 
81792	0	0	9d 54 47 
81794	2	0	8c 4f 0 
81798	4	0	82 23 0 
81802	4	0	94 30 54 
81824	22	0	89 33 0 
81824	0	0	89 24 0 
81984	160	0	9c 4c 3a 
82170	186	0	95 37 49 
82170	0	0	95 3c 48 
82170	0	0	95 40 4b 
82176	6	0	99 28 42 
82176	0	0	99 2c 41 
82176	0	0	9c 4f 4c 
82192	16	0	8d 54 0 
82208	16	0	89 2c 0 
82208	0	0	89 28 0 
82230	22	0	85 3c 0 
82240	10	0	85 40 0 
82242	2	0	85 37 0 
82260	18	0	8c 4c 0 
82368	108	0	9c 4c 32 
82534	166	0	82 24 0 
82538	4	0	8c 4c 0 
82554	16	0	92 1f 5a 
82558	4	0	8c 4f 0 
82558	0	0	84 30 0 
82558	0	0	81 48 0 
82558	0	0	8c 48 0 
82558	0	0	81 40 0 
82558	0	0	88 40 0 
82558	0	0	88 3c 0 
82558	0	0	88 37 0 
82560	2	0	99 28 44 
82560	0	0	99 2c 3f 
82560	0	0	99 4b 2f 
82560	0	0	9c 54 4b 
82570	10	0	93 37 46 
82570	0	0	94 3c 45 
82574	4	0	94 40 46 
82592	18	0	89 4b 0 
82592	0	0	89 2c 0 
82592	0	0	89 28 0 
82752	160	0	99 24 33 
82752	0	0	99 28 40 
82752	0	0	9c 4f 47 
82772	20	0	84 3c 0 
82774	2	0	83 37 0 
82780	6	0	84 40 0 
82784	4	0	89 24 0 
82864	80	0	89 28 0 
82920	56	0	8c 54 0 
82920	0	0	93 30 40 
82926	6	0	8c 4f 0 
82938	12	0	92 24 61 
82944	6	0	99 24 31 
82944	0	0	99 31 42 
82944	0	0	94 37 61 
82944	0	0	9c 3c 61 
82944	0	0	9c 4f 47 
82960	16	0	94 3c 70 
82970	10	0	82 1f 0 
82974	4	0	95 40 73 
83056	82	0	89 31 0 
83056	0	0	89 24 0 
83464	408	0	83 30 0 
84602	1138	0	82 24 0 
85744	1142	0	8c 4f 0 
85744	0	0	8c 3c 0 
85744	0	0	84 37 0 
85760	16	0	84 3c 0 
85774	14	0	85 40 0 
91008	5234	0	f0 7e 7f 9 1 f7 
92160	1152	0	ff 2f 0 
