TPQ: 15360
TRACKS: 3
0	0	0	ff 58 4 4 2 18 8 
0	0	0	ff 51 3 6 a2 5e 
0	0	1	ff 3 c 53 75 62 54 72 61 63 74 6f 72 20 31 
0	0	1	ff 4 c 53 75 62 54 72 61 63 74 6f 72 20 31 
0	0	1	ff 21 1 b 
0	0	2	ff 3 4 42 61 73 73 
0	0	2	ff 4 c 53 75 62 54 72 61 63 74 6f 72 20 31 
0	0	2	ff 21 1 b 
0	0	1	90 42 64 
3840	3840	1	80 42 0 
3840	0	2	90 2f 64 
3840	0	1	90 2f 64 
7680	3840	2	80 2f 0 
7680	0	1	80 2f 0 
7680	0	2	90 2f 64 
7680	0	1	90 42 64 
11520	3840	2	80 2f 0 
11520	0	1	80 42 0 
11520	0	1	90 42 64 
15360	3840	1	80 42 0 
19200	3840	2	90 2f 64 
19200	0	1	90 42 64 
23040	3840	2	80 2f 0 
23040	0	1	80 42 0 
23040	0	1	90 42 64 
26880	3840	1	80 42 0 
26880	0	2	90 2f 64 
26880	0	1	90 2f 64 
30720	3840	2	80 2f 0 
30720	0	1	80 2f 0 
30720	0	1	90 42 64 
34560	3840	1	80 42 0 
34560	0	2	90 2f 64 
34560	0	1	90 2f 64 
38400	3840	2	80 2f 0 
38400	0	1	80 2f 0 
38400	0	2	90 2f 64 
38400	0	1	90 42 64 
42240	3840	2	80 2f 0 
42240	0	1	80 42 0 
42240	0	1	90 42 64 
46080	3840	1	80 42 0 
49920	3840	2	90 2f 64 
49920	0	1	90 42 64 
53760	3840	2	80 2f 0 
53760	0	1	80 42 0 
53760	0	1	90 42 64 
57600	3840	1	80 42 0 
57600	0	2	90 2f 64 
57600	0	1	90 2f 64 
61440	3840	2	80 2f 0 
61440	0	1	80 2f 0 
61440	0	1	90 3e 64 
65280	3840	1	80 3e 0 
65280	0	2	90 2f 64 
65280	0	1	90 2f 64 
69120	3840	2	80 2f 0 
69120	0	1	80 2f 0 
69120	0	2	90 2f 64 
69120	0	1	90 3e 64 
72960	3840	2	80 2f 0 
72960	0	1	80 3e 0 
72960	0	1	90 3e 64 
76800	3840	1	80 3e 0 
80640	3840	2	90 2f 64 
80640	0	1	90 3e 64 
84480	3840	2	80 2f 0 
84480	0	1	80 3e 0 
84480	0	1	90 3e 64 
88320	3840	1	80 3e 0 
88320	0	2	90 2f 64 
88320	0	1	90 2f 64 
92160	3840	2	80 2f 0 
92160	0	1	80 2f 0 
92160	0	1	90 3e 64 
96000	3840	2	90 2f 64 
96000	0	1	90 2f 64 
99840	3840	2	80 2f 0 
99840	0	1	80 2f 0 
99840	0	1	80 3e 0 
99840	0	2	90 2f 64 
99840	0	1	90 40 64 
103680	3840	2	80 2f 0 
103680	0	1	80 40 0 
107520	3840	1	90 42 64 
111360	3840	1	80 42 0 
111360	0	2	90 2f 64 
115200	3840	2	80 2f 0 
115200	0	1	90 43 64 
119040	3840	1	80 43 0 
119040	0	2	90 2f 64 
119040	0	1	90 2f 64 
122880	3840	2	80 2f 0 
122880	0	1	80 2f 0 
122880	0	1	90 45 64 
126720	3840	1	80 45 0 
126720	0	2	90 32 64 
126720	0	1	90 32 64 
130560	3840	2	80 32 0 
130560	0	1	80 32 0 
130560	0	2	90 32 64 
130560	0	1	90 45 64 
134400	3840	2	80 32 0 
134400	0	1	80 45 0 
134400	0	1	90 45 64 
138240	3840	1	80 45 0 
142080	3840	2	90 32 64 
142080	0	1	90 45 64 
145920	3840	2	80 32 0 
145920	0	1	80 45 0 
145920	0	1	90 45 64 
149760	3840	1	80 45 0 
149760	0	2	90 32 64 
149760	0	1	90 32 64 
153600	3840	2	80 32 0 
153600	0	1	80 32 0 
153600	0	1	90 45 64 
157440	3840	1	80 45 0 
157440	0	2	90 32 64 
157440	0	1	90 32 64 
161280	3840	2	80 32 0 
161280	0	1	80 32 0 
161280	0	2	90 32 64 
161280	0	1	90 45 64 
165120	3840	2	80 32 0 
165120	0	1	80 45 0 
165120	0	1	90 45 64 
168960	3840	1	80 45 0 
172800	3840	2	90 32 64 
172800	0	1	90 45 64 
176640	3840	2	80 32 0 
176640	0	1	80 45 0 
176640	0	1	90 45 64 
180480	3840	1	80 45 0 
180480	0	2	90 32 64 
180480	0	1	90 32 64 
184320	3840	2	80 32 0 
184320	0	1	80 32 0 
184320	0	1	90 42 64 
188160	3840	1	80 42 0 
188160	0	2	90 32 64 
188160	0	1	90 32 64 
192000	3840	2	80 32 0 
192000	0	1	80 32 0 
192000	0	2	90 32 64 
192000	0	1	90 42 64 
195840	3840	2	80 32 0 
195840	0	1	80 42 0 
195840	0	1	90 42 64 
199680	3840	1	80 42 0 
203520	3840	2	90 32 64 
203520	0	1	90 42 64 
207360	3840	2	80 32 0 
207360	0	1	80 42 0 
207360	0	1	90 42 64 
211200	3840	1	80 42 0 
211200	0	2	90 32 64 
211200	0	1	90 32 64 
215040	3840	2	80 32 0 
215040	0	1	80 32 0 
215040	0	1	90 42 64 
218880	3840	2	90 32 64 
218880	0	1	90 32 64 
222720	3840	2	80 32 0 
222720	0	1	80 32 0 
222720	0	1	80 42 0 
222720	0	2	90 32 64 
222720	0	1	90 44 64 
226560	3840	2	80 32 0 
226560	0	1	80 44 0 
230400	3840	1	90 45 64 
234240	3840	1	80 45 0 
234240	0	2	90 32 64 
238080	3840	2	80 32 0 
238080	0	1	90 47 64 
241920	3840	1	80 47 0 
241920	0	2	90 32 64 
241920	0	1	90 32 64 
245760	3840	2	80 32 0 
245760	0	1	80 32 0 
245760	0	1	90 49 64 
249600	3840	1	80 49 0 
249600	0	2	90 36 64 
249600	0	1	90 36 64 
253440	3840	2	80 36 0 
253440	0	1	80 36 0 
253440	0	2	90 36 64 
253440	0	1	90 49 64 
257280	3840	2	80 36 0 
257280	0	1	80 49 0 
257280	0	1	90 49 64 
261120	3840	1	80 49 0 
264960	3840	2	90 36 64 
264960	0	1	90 49 64 
268800	3840	2	80 36 0 
268800	0	1	80 49 0 
268800	0	1	90 49 64 
272640	3840	1	80 49 0 
272640	0	2	90 36 64 
272640	0	1	90 36 64 
276480	3840	2	80 36 0 
276480	0	1	80 36 0 
276480	0	1	90 49 64 
280320	3840	1	80 49 0 
280320	0	2	90 36 64 
280320	0	1	90 36 64 
284160	3840	2	80 36 0 
284160	0	1	80 36 0 
284160	0	2	90 36 64 
284160	0	1	90 49 64 
288000	3840	2	80 36 0 
288000	0	1	80 49 0 
288000	0	1	90 49 64 
291840	3840	1	80 49 0 
295680	3840	2	90 36 64 
295680	0	1	90 49 64 
299520	3840	2	80 36 0 
299520	0	1	80 49 0 
299520	0	1	90 49 64 
303360	3840	1	80 49 0 
303360	0	2	90 36 64 
303360	0	1	90 36 64 
307200	3840	2	80 36 0 
307200	0	1	80 36 0 
307200	0	1	90 45 64 
311040	3840	1	80 45 0 
311040	0	2	90 36 64 
311040	0	1	90 36 64 
314880	3840	2	80 36 0 
314880	0	1	80 36 0 
314880	0	2	90 36 64 
314880	0	1	90 45 64 
318720	3840	2	80 36 0 
318720	0	1	80 45 0 
318720	0	1	90 45 64 
322560	3840	1	80 45 0 
326400	3840	2	90 36 64 
326400	0	1	90 45 64 
330240	3840	2	80 36 0 
330240	0	1	80 45 0 
330240	0	1	90 45 64 
334080	3840	1	80 45 0 
334080	0	2	90 36 64 
334080	0	1	90 36 64 
337920	3840	2	80 36 0 
337920	0	1	80 36 0 
337920	0	1	90 49 64 
341760	3840	1	80 49 0 
341760	0	2	90 36 64 
341760	0	1	90 36 64 
345600	3840	2	80 36 0 
345600	0	1	80 36 0 
345600	0	2	90 36 64 
345600	0	1	90 49 64 
349440	3840	2	80 36 0 
349440	0	1	80 49 0 
349440	0	1	90 49 64 
353280	3840	1	80 49 0 
357120	3840	2	90 36 64 
357120	0	1	90 49 64 
360960	3840	2	80 36 0 
360960	0	1	80 49 0 
360960	0	1	90 49 64 
364800	3840	1	80 49 0 
364800	0	2	90 36 64 
364800	0	1	90 36 64 
368640	3840	2	80 36 0 
368640	0	1	80 36 0 
368640	0	1	90 47 64 
372480	3840	1	80 47 0 
372480	0	2	90 34 64 
372480	0	1	90 34 64 
376320	3840	2	80 34 0 
376320	0	1	80 34 0 
376320	0	2	90 34 64 
376320	0	1	90 47 64 
380160	3840	2	80 34 0 
380160	0	1	80 47 0 
380160	0	1	90 47 64 
384000	3840	1	80 47 0 
387840	3840	2	90 34 64 
387840	0	1	90 47 64 
391680	3840	2	80 34 0 
391680	0	1	80 47 0 
391680	0	1	90 47 64 
395520	3840	1	80 47 0 
395520	0	2	90 34 64 
395520	0	1	90 34 64 
399360	3840	2	80 34 0 
399360	0	1	80 34 0 
399360	0	1	90 47 64 
403200	3840	1	80 47 0 
403200	0	2	90 34 64 
403200	0	1	90 34 64 
407040	3840	2	80 34 0 
407040	0	1	80 34 0 
407040	0	2	90 34 64 
407040	0	1	90 47 64 
410880	3840	2	80 34 0 
410880	0	1	80 47 0 
410880	0	1	90 47 64 
414720	3840	1	80 47 0 
418560	3840	2	90 34 64 
418560	0	1	90 47 64 
422400	3840	2	80 34 0 
422400	0	1	80 47 0 
422400	0	1	90 47 64 
426240	3840	1	80 47 0 
426240	0	2	90 34 64 
426240	0	1	90 34 64 
430080	3840	2	80 34 0 
430080	0	1	80 34 0 
430080	0	1	90 44 64 
433920	3840	1	80 44 0 
433920	0	2	90 34 64 
433920	0	1	90 34 64 
437760	3840	2	80 34 0 
437760	0	1	80 34 0 
437760	0	2	90 34 64 
437760	0	1	90 44 64 
441600	3840	2	80 34 0 
441600	0	1	80 44 0 
441600	0	1	90 44 64 
445440	3840	1	80 44 0 
449280	3840	2	90 34 64 
449280	0	1	90 44 64 
453120	3840	2	80 34 0 
453120	0	1	80 44 0 
453120	0	1	90 44 64 
456960	3840	1	80 44 0 
456960	0	2	90 34 64 
456960	0	1	90 34 64 
460800	3840	2	80 34 0 
460800	0	1	80 34 0 
460800	0	1	90 44 64 
464640	3840	1	80 44 0 
464640	0	2	90 34 64 
464640	0	1	90 34 64 
468480	3840	2	80 34 0 
468480	0	1	80 34 0 
468480	0	2	90 34 64 
468480	0	1	90 44 64 
472320	3840	2	80 34 0 
472320	0	1	80 44 0 
472320	0	1	90 44 64 
476160	3840	1	80 44 0 
480000	3840	2	90 34 64 
480000	0	1	90 40 64 
483840	3840	2	80 34 0 
483840	0	1	80 40 0 
483840	0	1	90 40 64 
487680	3840	1	80 40 0 
487680	0	2	90 34 64 
487680	0	1	90 34 64 
491520	3840	2	80 34 0 
491520	0	1	80 34 0 
552960	61440	2	ff 2f 0 
552960	0	1	ff 2f 0 
552960	0	0	ff 2f 0 
