TPQ: 192
TRACKS: 14
0	0	0	ff 51 3 c 8a 9d 
0	0	0	ff 58 4 4 2 18 8 
0	0	0	ff 59 2 fd 1 
0	0	1	ff 3 11 46 69 6e 61 6c 20 46 61 6e 74 61 73 79 20 49 49 49 
0	0	2	ff 3 c 43 79 61 6e 27 73 20 54 68 65 6d 65 
0	0	3	ff 3 16 4f 72 69 67 2e 20 62 79 20 4e 75 62 75 6f 20 55 65 6d 61 74 73 75 
0	0	4	ff 3 12 64 5f 73 6d 69 74 68 40 63 77 69 2e 6e 65 74 2e 61 75 
0	0	5	ff 3 19 3d 3d 3d 3d 3d 3d 3d 3d 3d 3d 3d 3d 3d 3d 3d 3d 3d 3d 3d 3d 3d 3d 3d 3d 3d 
0	0	6	ff 20 1 0 
0	0	7	ff 20 1 1 
0	0	8	ff 20 1 2 
0	0	9	ff 20 1 3 
0	0	10	ff 20 1 4 
0	0	11	ff 20 1 9 
0	0	12	ff 3 19 3d 3d 3d 3d 3d 3d 3d 3d 3d 3d 3d 3d 3d 3d 3d 3d 3d 3d 3d 3d 3d 3d 3d 3d 3d 
0	0	13	ff 3 12 44 61 6e 69 65 6c 20 53 6d 69 74 68 2c 20 31 39 39 36 
0	0	6	b0 7 7f 
0	0	6	c0 4a 
0	0	7	b1 7 34 
0	0	7	c1 30 
0	0	8	b2 7 57 
0	0	8	c2 3c 
0	0	9	b3 7 7f 
0	0	9	c3 39 
0	0	10	b4 7 7f 
0	0	10	c4 2f 
0	0	11	b9 7 7f 
0	0	11	c9 0 
0	0	13	ff 2f 0 
0	0	12	ff 2f 0 
0	0	5	ff 2f 0 
0	0	4	ff 2f 0 
0	0	3	ff 2f 0 
0	0	2	ff 2f 0 
0	0	1	ff 2f 0 
0	0	0	ff 2f 0 
24	24	6	b0 1 18 
24	0	7	b1 1 10 
24	0	8	b2 1 10 
24	0	9	b3 1 10 
24	0	10	b4 1 10 
24	0	11	b9 1 10 
48	24	6	b0 a 40 
48	0	7	b1 a 48 
48	0	8	b2 a 40 
48	0	9	b3 a 7f 
48	0	10	b4 a 60 
48	0	11	b9 a 40 
72	24	6	b0 b 7f 
72	0	7	b1 b 7f 
72	0	8	b2 b 7f 
72	0	9	b3 b 7f 
72	0	10	b4 b 7f 
72	0	11	b9 b 7f 
96	24	6	b0 5b 7f 
96	0	7	b1 5b 7f 
96	0	8	b2 5b 7f 
96	0	10	b4 5b 7f 
96	0	11	b9 5b 7f 
120	24	6	b0 5d 7f 
120	0	7	b1 5d 7f 
120	0	8	b2 5d 7f 
120	0	9	b3 5d 7f 
120	0	10	b4 5d 7f 
120	0	11	b9 5d 7f 
288	168	6	e0 7f 7f 
288	0	7	e1 0 40 
288	0	8	e2 0 40 
288	0	9	e3 0 40 
288	0	10	e4 0 40 
384	96	6	90 4f 60 
392	8	6	e0 55 6a 
400	8	6	e0 2b 55 
408	8	6	e0 0 40 
576	168	6	e0 7f 7f 
576	0	6	80 4f 40 
576	0	6	90 54 60 
584	8	6	e0 55 6a 
592	8	6	e0 2b 55 
600	8	6	e0 0 40 
768	168	6	e0 7f 7f 
768	0	6	80 54 40 
768	0	10	94 30 7f 
768	0	7	91 46 60 
768	0	7	91 3c 70 
768	0	7	91 43 70 
768	0	7	91 30 60 
768	0	6	90 52 60 
776	8	6	e0 55 6a 
784	8	6	e0 2b 55 
792	8	6	e0 0 40 
816	24	7	81 43 40 
816	0	7	81 3c 40 
816	0	7	81 46 40 
864	48	7	91 46 40 
864	0	7	91 3c 60 
864	0	7	91 43 60 
912	48	7	81 43 40 
912	0	7	81 3c 40 
912	0	7	81 46 40 
960	48	10	84 30 40 
960	0	7	81 30 40 
960	0	7	91 46 40 
960	0	7	91 3c 60 
960	0	7	91 43 60 
1008	48	7	81 43 40 
1008	0	7	81 3c 40 
1008	0	7	81 46 40 
1056	48	10	94 30 7f 
1056	0	7	91 46 40 
1056	0	7	91 3c 60 
1056	0	7	91 43 60 
1056	0	7	91 30 60 
1104	48	10	84 30 40 
1104	0	7	81 30 40 
1104	0	7	81 43 40 
1104	0	7	81 3c 40 
1104	0	7	81 46 40 
1104	0	10	94 30 7f 
1104	0	7	91 30 60 
1152	48	10	84 30 40 
1152	0	7	81 30 40 
1152	0	10	94 30 7f 
1152	0	7	91 46 60 
1152	0	7	91 3c 70 
1152	0	7	91 43 70 
1152	0	7	91 30 60 
1200	48	7	81 43 40 
1200	0	7	81 3c 40 
1200	0	7	81 46 40 
1248	48	6	80 52 40 
1248	0	7	91 46 40 
1248	0	7	91 3c 60 
1248	0	7	91 43 60 
1296	48	7	81 43 40 
1296	0	7	81 3c 40 
1296	0	7	81 46 40 
1344	48	6	e0 0 60 
1344	0	10	84 30 40 
1344	0	7	81 30 40 
1344	0	11	99 36 7f 
1344	0	7	91 46 40 
1344	0	7	91 3c 60 
1344	0	7	91 43 60 
1344	0	6	90 51 60 
1352	8	6	e0 2b 55 
1360	8	6	e0 56 4a 
1368	8	6	e0 0 40 
1392	24	7	81 43 40 
1392	0	7	81 3c 40 
1392	0	7	81 46 40 
1440	48	6	80 51 40 
1440	0	7	91 46 40 
1440	0	7	91 3c 60 
1440	0	7	91 43 60 
1440	0	6	90 4d 60 
1488	48	7	81 43 40 
1488	0	7	81 3c 40 
1488	0	7	81 46 40 
1536	48	6	e0 7f 7f 
1536	0	11	89 36 40 
1536	0	6	80 4d 40 
1536	0	10	94 30 7f 
1536	0	7	91 46 60 
1536	0	7	91 3c 70 
1536	0	7	91 43 70 
1536	0	7	91 30 60 
1536	0	6	90 4f 60 
1544	8	6	e0 55 6a 
1552	8	6	e0 2b 55 
1560	8	6	e0 0 40 
1584	24	7	81 43 40 
1584	0	7	81 3c 40 
1584	0	7	81 46 40 
1632	48	7	91 46 40 
1632	0	7	91 3c 60 
1632	0	7	91 43 60 
1680	48	7	81 43 40 
1680	0	7	81 3c 40 
1680	0	7	81 46 40 
1728	48	10	84 30 40 
1728	0	7	81 30 40 
1728	0	7	91 46 40 
1728	0	7	91 3c 60 
1728	0	7	91 43 60 
1776	48	7	81 43 40 
1776	0	7	81 3c 40 
1776	0	7	81 46 40 
1824	48	10	94 30 7f 
1824	0	7	91 46 40 
1824	0	7	91 3c 60 
1824	0	7	91 43 60 
1824	0	7	91 30 60 
1872	48	10	84 30 40 
1872	0	7	81 30 40 
1872	0	7	81 43 40 
1872	0	7	81 3c 40 
1872	0	7	81 46 40 
1872	0	10	94 30 7f 
1872	0	7	91 30 60 
1920	48	10	84 30 40 
1920	0	7	81 30 40 
1920	0	10	94 30 7f 
1920	0	7	91 46 60 
1920	0	7	91 3c 70 
1920	0	7	91 43 70 
1920	0	7	91 30 60 
1968	48	7	81 43 40 
1968	0	7	81 3c 40 
1968	0	7	81 46 40 
2016	48	6	80 4f 40 
2016	0	7	91 46 40 
2016	0	7	91 3c 60 
2016	0	7	91 43 60 
2064	48	7	81 43 40 
2064	0	7	81 3c 40 
2064	0	7	81 46 40 
2112	48	6	e0 7f 7f 
2112	0	10	84 30 40 
2112	0	7	81 30 40 
2112	0	11	99 36 7f 
2112	0	7	91 46 40 
2112	0	7	91 3c 60 
2112	0	7	91 43 60 
2112	0	6	90 4f 60 
2120	8	6	e0 55 6a 
2128	8	6	e0 2b 55 
2136	8	6	e0 0 40 
2160	24	7	81 43 40 
2160	0	7	81 3c 40 
2160	0	7	81 46 40 
2208	48	6	80 4f 40 
2208	0	7	91 46 40 
2208	0	7	91 3c 60 
2208	0	7	91 43 60 
2208	0	6	90 54 60 
2256	48	7	81 43 40 
2256	0	7	81 3c 40 
2256	0	7	81 46 40 
2304	48	6	e0 7f 7f 
2304	0	11	89 36 40 
2304	0	6	80 54 40 
2304	0	10	94 30 7f 
2304	0	7	91 46 60 
2304	0	7	91 3c 70 
2304	0	7	91 43 70 
2304	0	7	91 30 60 
2304	0	6	90 56 60 
2312	8	6	e0 55 6a 
2320	8	6	e0 2b 55 
2328	8	6	e0 0 40 
2352	24	7	81 43 40 
2352	0	7	81 3c 40 
2352	0	7	81 46 40 
2400	48	6	80 56 40 
2400	0	7	91 46 40 
2400	0	7	91 3c 60 
2400	0	7	91 43 60 
2400	0	6	90 52 60 
2448	48	7	81 43 40 
2448	0	7	81 3c 40 
2448	0	7	81 46 40 
2496	48	10	84 30 40 
2496	0	7	81 30 40 
2496	0	7	91 46 40 
2496	0	7	91 3c 60 
2496	0	7	91 43 60 
2544	48	7	81 43 40 
2544	0	7	81 3c 40 
2544	0	7	81 46 40 
2592	48	10	94 30 7f 
2592	0	7	91 46 40 
2592	0	7	91 3c 60 
2592	0	7	91 43 60 
2592	0	7	91 30 60 
2640	48	10	84 30 40 
2640	0	7	81 30 40 
2640	0	7	81 43 40 
2640	0	7	81 3c 40 
2640	0	7	81 46 40 
2640	0	10	94 30 7f 
2640	0	7	91 30 60 
2688	48	10	84 30 40 
2688	0	7	81 30 40 
2688	0	10	94 30 7f 
2688	0	7	91 46 60 
2688	0	7	91 3c 70 
2688	0	7	91 43 70 
2688	0	7	91 30 60 
2736	48	7	81 43 40 
2736	0	7	81 3c 40 
2736	0	7	81 46 40 
2784	48	6	80 52 40 
2784	0	7	91 46 40 
2784	0	7	91 3c 60 
2784	0	7	91 43 60 
2832	48	7	81 43 40 
2832	0	7	81 3c 40 
2832	0	7	81 46 40 
2880	48	6	e0 0 60 
2880	0	10	84 30 40 
2880	0	7	81 30 40 
2880	0	11	99 36 7f 
2880	0	7	91 46 40 
2880	0	7	91 3c 60 
2880	0	7	91 43 60 
2880	0	6	90 51 60 
2888	8	6	e0 2b 55 
2896	8	6	e0 56 4a 
2904	8	6	e0 0 40 
2928	24	7	81 43 40 
2928	0	7	81 3c 40 
2928	0	7	81 46 40 
2928	0	6	80 51 40 
2928	0	6	90 4f 60 
2976	48	6	80 4f 40 
2976	0	7	91 46 40 
2976	0	7	91 3c 60 
2976	0	7	91 43 60 
2976	0	6	90 4d 60 
3024	48	7	81 43 40 
3024	0	7	81 3c 40 
3024	0	7	81 46 40 
3072	48	6	e0 7f 7f 
3072	0	11	89 36 40 
3072	0	6	80 4d 40 
3072	0	10	94 30 7f 
3072	0	7	91 46 60 
3072	0	7	91 3c 70 
3072	0	7	91 43 70 
3072	0	7	91 30 60 
3072	0	6	90 4f 60 
3080	8	6	e0 55 6a 
3088	8	6	e0 2b 55 
3096	8	6	e0 0 40 
3120	24	7	81 43 40 
3120	0	7	81 3c 40 
3120	0	7	81 46 40 
3168	48	7	91 46 40 
3168	0	7	91 3c 60 
3168	0	7	91 43 60 
3216	48	7	81 43 40 
3216	0	7	81 3c 40 
3216	0	7	81 46 40 
3264	48	10	84 30 40 
3264	0	7	81 30 40 
3264	0	7	91 46 40 
3264	0	7	91 3c 60 
3264	0	7	91 43 60 
3312	48	7	81 43 40 
3312	0	7	81 3c 40 
3312	0	7	81 46 40 
3360	48	10	94 30 7f 
3360	0	7	91 46 40 
3360	0	7	91 3c 60 
3360	0	7	91 43 60 
3360	0	7	91 30 60 
3408	48	10	84 30 40 
3408	0	7	81 30 40 
3408	0	7	81 43 40 
3408	0	7	81 3c 40 
3408	0	7	81 46 40 
3408	0	10	94 30 7f 
3408	0	7	91 30 60 
3456	48	10	84 30 40 
3456	0	7	81 30 40 
3456	0	10	94 30 7f 
3456	0	7	91 46 60 
3456	0	7	91 3c 70 
3456	0	7	91 43 70 
3456	0	7	91 30 60 
3504	48	7	81 43 40 
3504	0	7	81 3c 40 
3504	0	7	81 46 40 
3552	48	6	80 4f 40 
3552	0	7	91 46 40 
3552	0	7	91 3c 60 
3552	0	7	91 43 60 
3600	48	7	81 43 40 
3600	0	7	81 3c 40 
3600	0	7	81 46 40 
3648	48	6	e0 7f 7f 
3648	0	10	84 30 40 
3648	0	7	81 30 40 
3648	0	11	99 36 7f 
3648	0	7	91 46 40 
3648	0	7	91 3c 60 
3648	0	7	91 43 60 
3648	0	6	90 4f 60 
3656	8	6	e0 55 6a 
3664	8	6	e0 2b 55 
3672	8	6	e0 0 40 
3696	24	7	81 43 40 
3696	0	7	81 3c 40 
3696	0	7	81 46 40 
3744	48	6	80 4f 40 
3744	0	7	91 46 40 
3744	0	7	91 3c 60 
3744	0	7	91 43 60 
3744	0	6	90 54 60 
3792	48	7	81 43 40 
3792	0	7	81 3c 40 
3792	0	7	81 46 40 
3840	48	6	e0 7f 7f 
3840	0	11	89 36 40 
3840	0	6	80 54 40 
3840	0	10	94 30 7f 
3840	0	7	91 46 60 
3840	0	7	91 3c 70 
3840	0	7	91 43 70 
3840	0	7	91 30 60 
3840	0	6	90 52 60 
3848	8	6	e0 55 6a 
3856	8	6	e0 2b 55 
3864	8	6	e0 0 40 
3888	24	7	81 43 40 
3888	0	7	81 3c 40 
3888	0	7	81 46 40 
3936	48	7	91 46 40 
3936	0	7	91 3c 60 
3936	0	7	91 43 60 
3984	48	7	81 43 40 
3984	0	7	81 3c 40 
3984	0	7	81 46 40 
4032	48	10	84 30 40 
4032	0	7	81 30 40 
4032	0	7	91 46 40 
4032	0	7	91 3c 60 
4032	0	7	91 43 60 
4080	48	7	81 43 40 
4080	0	7	81 3c 40 
4080	0	7	81 46 40 
4128	48	10	94 30 7f 
4128	0	7	91 46 40 
4128	0	7	91 3c 60 
4128	0	7	91 43 60 
4128	0	7	91 30 60 
4176	48	10	84 30 40 
4176	0	7	81 30 40 
4176	0	7	81 43 40 
4176	0	7	81 3c 40 
4176	0	7	81 46 40 
4176	0	10	94 30 7f 
4176	0	7	91 30 60 
4224	48	10	84 30 40 
4224	0	7	81 30 40 
4224	0	10	94 30 7f 
4224	0	7	91 46 60 
4224	0	7	91 3c 70 
4224	0	7	91 43 70 
4224	0	7	91 30 60 
4272	48	7	81 43 40 
4272	0	7	81 3c 40 
4272	0	7	81 46 40 
4320	48	6	80 52 40 
4320	0	7	91 46 40 
4320	0	7	91 3c 60 
4320	0	7	91 43 60 
4368	48	7	81 43 40 
4368	0	7	81 3c 40 
4368	0	7	81 46 40 
4416	48	6	e0 0 60 
4416	0	10	84 30 40 
4416	0	7	81 30 40 
4416	0	11	99 36 7f 
4416	0	7	91 46 40 
4416	0	7	91 3c 60 
4416	0	7	91 43 60 
4416	0	6	90 51 60 
4424	8	6	e0 2b 55 
4432	8	6	e0 56 4a 
4440	8	6	e0 0 40 
4464	24	7	81 43 40 
4464	0	7	81 3c 40 
4464	0	7	81 46 40 
4464	0	6	80 51 40 
4464	0	6	90 4f 60 
4512	48	6	80 4f 40 
4512	0	7	91 46 40 
4512	0	7	91 3c 60 
4512	0	7	91 43 60 
4512	0	6	90 4d 60 
4560	48	7	81 43 40 
4560	0	7	81 3c 40 
4560	0	7	81 46 40 
4560	0	6	80 4d 40 
4560	0	6	90 51 60 
4608	48	6	e0 7f 7f 
4608	0	11	89 36 40 
4608	0	6	80 51 40 
4608	0	10	94 30 7f 
4608	0	7	91 46 60 
4608	0	7	91 3c 70 
4608	0	7	91 43 70 
4608	0	7	91 30 60 
4608	0	6	90 4f 60 
4616	8	6	e0 55 6a 
4624	8	6	e0 2b 55 
4632	8	6	e0 0 40 
4656	24	7	81 43 40 
4656	0	7	81 3c 40 
4656	0	7	81 46 40 
4704	48	7	91 46 40 
4704	0	7	91 3c 60 
4704	0	7	91 43 60 
4752	48	7	81 43 40 
4752	0	7	81 3c 40 
4752	0	7	81 46 40 
4800	48	10	84 30 40 
4800	0	7	81 30 40 
4800	0	7	91 46 40 
4800	0	7	91 3c 60 
4800	0	7	91 43 60 
4848	48	7	81 43 40 
4848	0	7	81 3c 40 
4848	0	7	81 46 40 
4896	48	10	94 30 7f 
4896	0	7	91 46 40 
4896	0	7	91 3c 60 
4896	0	7	91 43 60 
4896	0	7	91 30 60 
4944	48	10	84 30 40 
4944	0	7	81 30 40 
4944	0	7	81 43 40 
4944	0	7	81 3c 40 
4944	0	7	81 46 40 
4944	0	10	94 30 7f 
4944	0	7	91 30 60 
4992	48	10	84 30 40 
4992	0	7	81 30 40 
4992	0	6	80 4f 40 
4992	0	10	94 30 7f 
4992	0	7	91 46 60 
4992	0	7	91 3c 70 
4992	0	7	91 43 70 
4992	0	7	91 30 60 
5040	48	7	81 43 40 
5040	0	7	81 3c 40 
5040	0	7	81 46 40 
5088	48	6	e0 7f 7f 
5088	0	7	91 46 40 
5088	0	7	91 3c 60 
5088	0	7	91 43 60 
5088	0	6	90 48 60 
5096	8	6	e0 55 6a 
5104	8	6	e0 2b 55 
5112	8	6	e0 0 40 
5136	24	7	81 43 40 
5136	0	7	81 3c 40 
5136	0	7	81 46 40 
5184	48	10	84 30 40 
5184	0	7	81 30 40 
5184	0	6	80 48 40 
5184	0	11	99 36 7f 
5184	0	7	91 46 40 
5184	0	7	91 3c 60 
5184	0	7	91 43 60 
5184	0	6	90 4a 60 
5232	48	7	81 43 40 
5232	0	7	81 3c 40 
5232	0	7	81 46 40 
5280	48	6	80 4a 40 
5280	0	7	91 46 40 
5280	0	7	91 3c 60 
5280	0	7	91 43 60 
5280	0	6	90 4b 60 
5328	48	7	81 43 40 
5328	0	7	81 3c 40 
5328	0	7	81 46 40 
5376	48	6	e0 7f 7f 
5376	0	11	89 36 40 
5376	0	6	80 4b 40 
5376	0	10	94 30 7f 
5376	0	7	91 46 60 
5376	0	7	91 3c 70 
5376	0	7	91 43 70 
5376	0	7	91 30 60 
5376	0	6	90 4d 60 
5384	8	6	e0 55 6a 
5392	8	6	e0 2b 55 
5400	8	6	e0 0 40 
5424	24	7	81 43 40 
5424	0	7	81 3c 40 
5424	0	7	81 46 40 
5472	48	7	91 46 40 
5472	0	7	91 3c 60 
5472	0	7	91 43 60 
5520	48	7	81 43 40 
5520	0	7	81 3c 40 
5520	0	7	81 46 40 
5568	48	10	84 30 40 
5568	0	7	81 30 40 
5568	0	7	91 46 40 
5568	0	7	91 3c 60 
5568	0	7	91 43 60 
5616	48	7	81 43 40 
5616	0	7	81 3c 40 
5616	0	7	81 46 40 
5664	48	10	94 30 7f 
5664	0	7	91 46 40 
5664	0	7	91 3c 60 
5664	0	7	91 43 60 
5664	0	7	91 30 60 
5712	48	10	84 30 40 
5712	0	7	81 30 40 
5712	0	7	81 43 40 
5712	0	7	81 3c 40 
5712	0	7	81 46 40 
5712	0	10	94 30 7f 
5712	0	7	91 30 60 
5760	48	10	84 30 40 
5760	0	7	81 30 40 
5760	0	6	80 4d 40 
5760	0	10	94 30 7f 
5760	0	7	91 46 60 
5760	0	7	91 3c 70 
5760	0	7	91 43 70 
5760	0	7	91 30 60 
5808	48	7	81 43 40 
5808	0	7	81 3c 40 
5808	0	7	81 46 40 
5856	48	6	e0 7f 7f 
5856	0	7	91 46 40 
5856	0	7	91 3c 60 
5856	0	7	91 43 60 
5856	0	6	90 4b 60 
5864	8	6	e0 55 6a 
5872	8	6	e0 2b 55 
5880	8	6	e0 0 40 
5904	24	7	81 43 40 
5904	0	7	81 3c 40 
5904	0	7	81 46 40 
5952	48	10	84 30 40 
5952	0	7	81 30 40 
5952	0	6	80 4b 40 
5952	0	11	99 36 7f 
5952	0	7	91 46 40 
5952	0	7	91 3c 60 
5952	0	7	91 43 60 
5952	0	6	90 4a 60 
6000	48	7	81 43 40 
6000	0	7	81 3c 40 
6000	0	7	81 46 40 
6048	48	6	80 4a 40 
6048	0	7	91 46 40 
6048	0	7	91 3c 60 
6048	0	7	91 43 60 
6048	0	6	90 46 60 
6096	48	7	81 43 40 
6096	0	7	81 3c 40 
6096	0	7	81 46 40 
6144	48	6	e0 7f 7f 
6144	0	11	89 36 40 
6144	0	6	80 46 40 
6144	0	10	94 30 7f 
6144	0	7	91 46 60 
6144	0	7	91 3c 70 
6144	0	7	91 43 70 
6144	0	7	91 30 60 
6144	0	6	90 48 60 
6152	8	6	e0 55 6a 
6160	8	6	e0 2b 55 
6168	8	6	e0 0 40 
6192	24	7	81 43 40 
6192	0	7	81 3c 40 
6192	0	7	81 46 40 
6240	48	7	91 46 40 
6240	0	7	91 3c 60 
6240	0	7	91 43 60 
6288	48	7	81 43 40 
6288	0	7	81 3c 40 
6288	0	7	81 46 40 
6336	48	10	84 30 40 
6336	0	7	81 30 40 
6336	0	7	91 46 40 
6336	0	7	91 3c 60 
6336	0	7	91 43 60 
6384	48	7	81 43 40 
6384	0	7	81 3c 40 
6384	0	7	81 46 40 
6432	48	10	94 30 7f 
6432	0	7	91 46 40 
6432	0	7	91 3c 60 
6432	0	7	91 43 60 
6432	0	7	91 30 60 
6480	48	10	84 30 40 
6480	0	7	81 30 40 
6480	0	7	81 43 40 
6480	0	7	81 3c 40 
6480	0	7	81 46 40 
6480	0	10	94 30 7f 
6480	0	7	91 30 60 
6528	48	10	84 30 40 
6528	0	7	81 30 40 
6528	0	10	94 30 7f 
6528	0	7	91 46 60 
6528	0	7	91 3c 70 
6528	0	7	91 43 70 
6528	0	7	91 30 60 
6576	48	7	81 43 40 
6576	0	7	81 3c 40 
6576	0	7	81 46 40 
6624	48	7	91 46 40 
6624	0	7	91 3c 60 
6624	0	7	91 43 60 
6672	48	7	81 43 40 
6672	0	7	81 3c 40 
6672	0	7	81 46 40 
6720	48	10	84 30 40 
6720	0	7	81 30 40 
6720	0	6	80 48 40 
6720	0	11	99 36 7f 
6720	0	7	91 46 40 
6720	0	7	91 3c 60 
6720	0	7	91 43 60 
6768	48	7	81 43 40 
6768	0	7	81 3c 40 
6768	0	7	81 46 40 
6816	48	7	91 46 40 
6816	0	7	91 3c 60 
6816	0	7	91 43 60 
6864	48	7	81 43 40 
6864	0	7	81 3c 40 
6864	0	7	81 46 40 
6912	48	11	89 36 40 
6912	0	10	94 30 7f 
6912	0	7	91 3f 60 
6912	0	7	91 41 60 
6912	0	7	91 46 7f 
6912	0	7	91 30 60 
7104	192	10	84 30 40 
7104	0	7	81 46 40 
7104	0	7	81 41 40 
7104	0	7	81 3f 40 
7104	0	7	91 3e 60 
7104	0	7	91 40 60 
7104	0	7	91 45 7f 
7296	192	7	81 45 40 
7296	0	7	81 40 40 
7296	0	7	81 3e 40 
7296	0	7	91 3a 60 
7296	0	7	91 3c 60 
7296	0	7	91 41 7f 
7488	192	7	81 41 40 
7488	0	7	81 3c 40 
7488	0	7	81 3a 40 
7488	0	7	91 3e 60 
7488	0	7	91 40 60 
7488	0	7	91 45 7f 
7680	192	6	e0 7f 7f 
7680	0	7	81 45 40 
7680	0	7	81 30 40 
7680	0	7	81 40 40 
7680	0	7	81 3e 40 
7680	0	10	94 30 7f 
7680	0	7	91 3c 60 
7680	0	7	91 3e 60 
7680	0	7	91 43 7f 
7680	0	7	91 30 60 
7680	0	6	90 52 60 
7688	8	6	e0 55 6a 
7696	8	6	e0 2b 55 
7704	8	6	e0 0 40 
7776	72	6	80 52 40 
7776	0	6	90 51 60 
7872	96	10	84 30 40 
7872	0	7	81 30 40 
7872	0	6	80 51 40 
7872	0	6	90 4d 60 
7968	96	6	80 4d 40 
7968	0	10	94 30 7f 
7968	0	7	91 30 60 
7968	0	6	90 51 60 
8016	48	10	84 30 40 
8016	0	7	81 30 40 
8016	0	10	94 30 7f 
8016	0	7	91 30 60 
8064	48	6	e0 7f 7f 
8064	0	10	84 30 40 
8064	0	7	81 30 40 
8064	0	6	80 51 40 
8064	0	10	94 30 7f 
8064	0	7	91 30 60 
8064	0	6	90 4f 60 
8072	8	6	e0 55 6a 
8080	8	6	e0 2b 55 
8088	8	6	e0 0 40 
8256	168	10	84 30 40 
8256	0	7	81 30 40 
8256	0	10	94 2b 7f 
8256	0	7	91 2b 60 
8448	192	10	84 2b 40 
8448	0	7	81 2b 40 
8448	0	7	81 3c 40 
8448	0	7	81 3e 40 
8448	0	7	81 43 40 
8448	0	6	80 4f 40 
8448	0	10	94 30 7f 
8448	0	7	91 3f 60 
8448	0	7	91 41 60 
8448	0	7	91 46 7f 
8448	0	7	91 30 60 
8640	192	10	84 30 40 
8640	0	7	81 46 40 
8640	0	7	81 41 40 
8640	0	7	81 3f 40 
8640	0	7	91 3e 60 
8640	0	7	91 40 60 
8640	0	7	91 45 7f 
8832	192	7	81 45 40 
8832	0	7	81 40 40 
8832	0	7	81 3e 40 
8832	0	7	91 41 60 
8832	0	7	91 43 60 
8832	0	7	91 48 7f 
9024	192	7	81 48 40 
9024	0	7	81 43 40 
9024	0	7	81 41 40 
9024	0	7	91 3e 60 
9024	0	7	91 40 60 
9024	0	7	91 45 7f 
9216	192	6	e0 7f 7f 
9216	0	7	81 45 40 
9216	0	7	81 30 40 
9216	0	7	81 40 40 
9216	0	7	81 3e 40 
9216	0	10	94 30 7f 
9216	0	7	91 3c 60 
9216	0	7	91 3e 60 
9216	0	7	91 43 7f 
9216	0	7	91 30 60 
9216	0	6	90 52 60 
9224	8	6	e0 55 6a 
9232	8	6	e0 2b 55 
9240	8	6	e0 0 40 
9312	72	6	80 52 40 
9312	0	6	90 51 60 
9408	96	10	84 30 40 
9408	0	7	81 30 40 
9408	0	6	80 51 40 
9408	0	6	90 54 60 
9504	96	6	80 54 40 
9504	0	6	90 51 60 
9600	96	6	e0 7f 7f 
9600	0	6	80 51 40 
9600	0	10	94 30 7f 
9600	0	7	91 30 60 
9600	0	6	90 4f 60 
9608	8	6	e0 55 6a 
9616	8	6	e0 2b 55 
9624	8	6	e0 0 40 
9792	168	10	84 30 40 
9792	0	7	81 30 40 
9792	0	10	94 2e 7f 
9792	0	7	91 2e 60 
9888	96	7	81 3e 40 
9888	0	7	81 43 40 
9888	0	7	91 3e 60 
9888	0	7	91 43 7f 
9912	24	7	81 43 40 
9912	0	7	81 3e 40 
9912	0	7	91 3f 60 
9912	0	7	91 44 7f 
9936	24	7	81 44 40 
9936	0	7	81 3f 40 
9936	0	7	91 41 60 
9936	0	7	91 46 7f 
9960	24	7	81 46 40 
9960	0	7	81 41 40 
9960	0	7	91 43 60 
9960	0	7	91 48 7f 
9984	24	10	84 2e 40 
9984	0	7	81 48 40 
9984	0	7	81 2e 40 
9984	0	7	81 3c 40 
9984	0	7	81 43 40 
9984	0	6	80 4f 40 
9984	0	11	99 31 50 
9984	0	10	94 2c 7f 
9984	0	9	93 3e 70 
9984	0	8	92 46 30 
9984	0	8	92 4a 40 
9984	0	7	91 3c 60 
9984	0	7	91 38 60 
9984	0	7	91 4a 7f 
9984	0	7	91 2c 60 
10032	48	8	82 4a 40 
10032	0	8	82 46 40 
10032	0	7	81 38 40 
10032	0	7	81 3c 40 
10032	0	8	92 48 30 
10032	0	8	92 4b 40 
10080	48	9	83 3e 40 
10080	0	8	82 4b 40 
10080	0	8	82 48 40 
10080	0	7	81 4a 40 
10080	0	9	93 3f 70 
10080	0	8	92 44 30 
10080	0	8	92 48 40 
10080	0	7	91 38 48 
10080	0	7	91 3c 48 
10080	0	7	91 4b 7f 
10128	48	8	82 48 40 
10128	0	8	82 44 40 
10128	0	7	81 3c 40 
10128	0	7	81 38 40 
10128	0	8	92 3f 30 
10128	0	8	92 44 40 
10176	48	10	84 2c 40 
10176	0	9	83 3f 40 
10176	0	8	82 44 40 
10176	0	8	82 3f 40 
10176	0	7	81 4b 40 
10176	0	7	81 2c 40 
10176	0	9	93 3c 70 
10176	0	8	92 3c 30 
10176	0	8	92 3f 40 
10176	0	7	91 38 48 
10176	0	7	91 3c 48 
10176	0	7	91 48 7f 
10224	48	8	82 3f 40 
10224	0	8	82 3c 40 
10224	0	7	81 3c 40 
10224	0	7	81 38 40 
10224	0	8	92 3f 30 
10224	0	8	92 44 40 
10272	48	8	82 44 40 
10272	0	8	82 3f 40 
10272	0	10	94 2c 7f 
10272	0	8	92 46 30 
10272	0	8	92 4a 40 
10272	0	7	91 38 48 
10272	0	7	91 3c 48 
10272	0	7	91 2c 60 
10320	48	10	84 2c 40 
10320	0	8	82 4a 40 
10320	0	8	82 46 40 
10320	0	7	81 2c 40 
10320	0	7	81 3c 40 
10320	0	7	81 38 40 
10320	0	10	94 2c 7f 
10320	0	8	92 48 30 
10320	0	8	92 4b 40 
10320	0	7	91 2c 60 
10368	48	11	89 31 40 
10368	0	10	84 2c 40 
10368	0	8	82 4b 40 
10368	0	8	82 48 40 
10368	0	7	81 2c 40 
10368	0	10	94 2c 7f 
10368	0	8	92 46 30 
10368	0	8	92 4a 40 
10368	0	7	91 38 60 
10368	0	7	91 3c 60 
10368	0	7	91 2c 60 
10416	48	8	82 4a 40 
10416	0	8	82 46 40 
10416	0	7	81 3c 40 
10416	0	7	81 38 40 
10416	0	8	92 48 30 
10416	0	8	92 4b 40 
10464	48	9	83 3c 40 
10464	0	8	82 4b 40 
10464	0	8	82 48 40 
10464	0	7	81 48 40 
10464	0	9	93 33 70 
10464	0	8	92 44 30 
10464	0	8	92 48 40 
10464	0	7	91 38 48 
10464	0	7	91 3c 48 
10464	0	7	91 3f 7f 
10512	48	8	82 48 40 
10512	0	8	82 44 40 
10512	0	7	81 3c 40 
10512	0	7	81 38 40 
10512	0	8	92 3f 30 
10512	0	8	92 44 40 
10560	48	10	84 2c 40 
10560	0	9	83 33 40 
10560	0	8	82 44 40 
10560	0	8	82 3f 40 
10560	0	7	81 3f 40 
10560	0	7	81 2c 40 
10560	0	11	99 36 7f 
10560	0	9	93 35 70 
10560	0	8	92 3c 30 
10560	0	8	92 3f 40 
10560	0	7	91 38 48 
10560	0	7	91 3c 48 
10560	0	7	91 41 7f 
10608	48	8	82 3f 40 
10608	0	8	82 3c 40 
10608	0	7	81 3c 40 
10608	0	7	81 38 40 
10608	0	8	92 3f 30 
10608	0	8	92 44 40 
10656	48	9	83 35 40 
10656	0	8	82 44 40 
10656	0	8	82 3f 40 
10656	0	7	81 41 40 
10656	0	9	93 33 70 
10656	0	8	92 44 30 
10656	0	8	92 48 40 
10656	0	7	91 38 48 
10656	0	7	91 3c 48 
10656	0	7	91 3f 7f 
10704	48	8	82 48 40 
10704	0	8	82 44 40 
10704	0	7	81 3c 40 
10704	0	7	81 38 40 
10704	0	8	92 48 30 
10704	0	8	92 4b 40 
10752	48	11	89 36 40 
10752	0	9	83 33 40 
10752	0	8	82 4b 40 
10752	0	8	82 48 40 
10752	0	7	81 3f 40 
10752	0	10	94 33 7f 
10752	0	9	93 37 70 
10752	0	8	92 44 30 
10752	0	8	92 48 40 
10752	0	7	91 37 60 
10752	0	7	91 3a 60 
10752	0	7	91 43 7f 
10752	0	7	91 33 60 
10800	48	8	82 48 40 
10800	0	8	82 44 40 
10800	0	7	81 3a 40 
10800	0	7	81 37 40 
10800	0	8	92 46 30 
10800	0	8	92 4a 40 
10848	48	9	83 37 40 
10848	0	8	82 4a 40 
10848	0	8	82 46 40 
10848	0	7	81 43 40 
10848	0	9	93 3a 70 
10848	0	8	92 43 30 
10848	0	8	92 46 40 
10848	0	7	91 37 48 
10848	0	7	91 3a 48 
10848	0	7	91 46 7f 
10896	48	8	82 46 40 
10896	0	8	82 43 40 
10896	0	7	81 3a 40 
10896	0	7	81 37 40 
10896	0	8	92 3f 30 
10896	0	8	92 43 40 
10944	48	10	84 33 40 
10944	0	9	83 3a 40 
10944	0	8	82 43 40 
10944	0	8	82 3f 40 
10944	0	7	81 46 40 
10944	0	7	81 33 40 
10944	0	9	93 3a 70 
10944	0	8	92 3a 30 
10944	0	8	92 3f 40 
10944	0	7	91 37 48 
10944	0	7	91 3a 48 
10944	0	7	91 46 7f 
10992	48	8	82 3f 40 
10992	0	8	82 3a 40 
10992	0	7	81 3a 40 
10992	0	7	81 37 40 
10992	0	8	92 3f 30 
10992	0	8	92 43 40 
11040	48	8	82 43 40 
11040	0	8	82 3f 40 
11040	0	10	94 33 7f 
11040	0	8	92 44 30 
11040	0	8	92 48 40 
11040	0	7	91 37 48 
11040	0	7	91 3a 48 
11040	0	7	91 33 60 
11088	48	10	84 33 40 
11088	0	8	82 48 40 
11088	0	8	82 44 40 
11088	0	7	81 33 40 
11088	0	7	81 3a 40 
11088	0	7	81 37 40 
11088	0	10	94 33 7f 
11088	0	8	92 46 30 
11088	0	8	92 4a 40 
11088	0	7	91 33 60 
11136	48	10	84 33 40 
11136	0	8	82 4a 40 
11136	0	8	82 46 40 
11136	0	7	81 33 40 
11136	0	10	94 33 7f 
11136	0	8	92 44 30 
11136	0	8	92 48 40 
11136	0	7	91 37 60 
11136	0	7	91 3a 60 
11136	0	7	91 33 60 
11184	48	8	82 48 40 
11184	0	8	82 44 40 
11184	0	7	81 3a 40 
11184	0	7	81 37 40 
11184	0	8	92 46 30 
11184	0	8	92 4a 40 
11232	48	8	82 4a 40 
11232	0	8	82 46 40 
11232	0	8	92 43 30 
11232	0	8	92 46 40 
11232	0	7	91 37 48 
11232	0	7	91 3a 48 
11280	48	8	82 46 40 
11280	0	8	82 43 40 
11280	0	7	81 3a 40 
11280	0	7	81 37 40 
11280	0	8	92 3f 30 
11280	0	8	92 43 40 
11328	48	10	84 33 40 
11328	0	8	82 43 40 
11328	0	8	82 3f 40 
11328	0	7	81 33 40 
11328	0	11	99 36 7f 
11328	0	8	92 3a 30 
11328	0	8	92 3f 40 
11328	0	7	91 37 48 
11328	0	7	91 3a 48 
11376	48	8	82 3f 40 
11376	0	8	82 3a 40 
11376	0	7	81 3a 40 
11376	0	7	81 37 40 
11376	0	8	92 3f 30 
11376	0	8	92 43 40 
11424	48	8	82 43 40 
11424	0	8	82 3f 40 
11424	0	8	92 43 30 
11424	0	8	92 46 40 
11424	0	7	91 37 48 
11424	0	7	91 3a 48 
11472	48	8	82 46 40 
11472	0	8	82 43 40 
11472	0	7	81 3a 40 
11472	0	7	81 37 40 
11472	0	8	92 46 30 
11472	0	8	92 48 40 
11520	48	11	89 36 40 
11520	0	9	83 3a 40 
11520	0	8	82 48 40 
11520	0	8	82 46 40 
11520	0	7	81 46 40 
11520	0	10	94 2c 7f 
11520	0	9	93 3e 70 
11520	0	8	92 46 30 
11520	0	8	92 4a 40 
11520	0	7	91 3c 60 
11520	0	7	91 38 60 
11520	0	7	91 4a 7f 
11520	0	7	91 2c 60 
11568	48	8	82 4a 40 
11568	0	8	82 46 40 
11568	0	7	81 38 40 
11568	0	7	81 3c 40 
11568	0	8	92 48 30 
11568	0	8	92 4b 40 
11616	48	9	83 3e 40 
11616	0	8	82 4b 40 
11616	0	8	82 48 40 
11616	0	7	81 4a 40 
11616	0	9	93 3f 70 
11616	0	8	92 44 30 
11616	0	8	92 48 40 
11616	0	7	91 38 48 
11616	0	7	91 3c 48 
11616	0	7	91 4b 7f 
11664	48	8	82 48 40 
11664	0	8	82 44 40 
11664	0	7	81 3c 40 
11664	0	7	81 38 40 
11664	0	8	92 3f 30 
11664	0	8	92 44 40 
11712	48	10	84 2c 40 
11712	0	9	83 3f 40 
11712	0	8	82 44 40 
11712	0	8	82 3f 40 
11712	0	7	81 4b 40 
11712	0	7	81 2c 40 
11712	0	9	93 3c 70 
11712	0	8	92 3c 30 
11712	0	8	92 3f 40 
11712	0	7	91 38 48 
11712	0	7	91 3c 48 
11712	0	7	91 48 7f 
11760	48	8	82 3f 40 
11760	0	8	82 3c 40 
11760	0	7	81 3c 40 
11760	0	7	81 38 40 
11760	0	8	92 3f 30 
11760	0	8	92 44 40 
11808	48	8	82 44 40 
11808	0	8	82 3f 40 
11808	0	10	94 2c 7f 
11808	0	8	92 46 30 
11808	0	8	92 4a 40 
11808	0	7	91 38 48 
11808	0	7	91 3c 48 
11808	0	7	91 2c 60 
11856	48	10	84 2c 40 
11856	0	8	82 4a 40 
11856	0	8	82 46 40 
11856	0	7	81 2c 40 
11856	0	7	81 3c 40 
11856	0	7	81 38 40 
11856	0	10	94 2c 7f 
11856	0	8	92 48 30 
11856	0	8	92 4b 40 
11856	0	7	91 2c 60 
11904	48	10	84 2c 40 
11904	0	9	83 3c 40 
11904	0	8	82 4b 40 
11904	0	8	82 48 40 
11904	0	7	81 2c 40 
11904	0	7	81 48 40 
11904	0	10	94 2c 7f 
11904	0	9	93 41 70 
11904	0	8	92 46 30 
11904	0	8	92 4a 40 
11904	0	7	91 38 60 
11904	0	7	91 3c 60 
11904	0	7	91 4d 7f 
11904	0	7	91 2c 60 
11952	48	8	82 4a 40 
11952	0	8	82 46 40 
11952	0	7	81 3c 40 
11952	0	7	81 38 40 
11952	0	8	92 48 30 
11952	0	8	92 4b 40 
12000	48	8	82 4b 40 
12000	0	8	82 48 40 
12000	0	8	92 44 30 
12000	0	8	92 48 40 
12000	0	7	91 38 48 
12000	0	7	91 3c 48 
12048	48	8	82 48 40 
12048	0	8	82 44 40 
12048	0	7	81 3c 40 
12048	0	7	81 38 40 
12048	0	8	92 3f 30 
12048	0	8	92 44 40 
12096	48	10	84 2c 40 
12096	0	9	83 41 40 
12096	0	8	82 44 40 
12096	0	8	82 3f 40 
12096	0	7	81 2c 40 
12096	0	7	81 4d 40 
12096	0	11	99 36 7f 
12096	0	9	93 3f 70 
12096	0	8	92 3c 30 
12096	0	8	92 3f 40 
12096	0	7	91 38 48 
12096	0	7	91 3c 48 
12096	0	7	91 4b 7f 
12144	48	8	82 3f 40 
12144	0	8	82 3c 40 
12144	0	7	81 3c 40 
12144	0	7	81 38 40 
12144	0	8	92 3f 30 
12144	0	8	92 44 40 
12192	48	9	83 3f 40 
12192	0	8	82 44 40 
12192	0	8	82 3f 40 
12192	0	7	81 4b 40 
12192	0	9	93 3e 70 
12192	0	8	92 44 30 
12192	0	8	92 48 40 
12192	0	7	91 38 48 
12192	0	7	91 3c 48 
12192	0	7	91 4a 7f 
12240	48	8	82 48 40 
12240	0	8	82 44 40 
12240	0	7	81 3c 40 
12240	0	7	81 38 40 
12240	0	8	92 48 30 
12240	0	8	92 4b 40 
12288	48	11	89 36 40 
12288	0	9	83 3e 40 
12288	0	8	82 4b 40 
12288	0	8	82 48 40 
12288	0	7	81 4a 40 
12288	0	10	94 33 7f 
12288	0	9	93 3c 70 
12288	0	8	92 44 30 
12288	0	8	92 48 40 
12288	0	7	91 37 60 
12288	0	7	91 3a 60 
12288	0	7	91 48 7f 
12288	0	7	91 33 60 
12336	48	8	82 48 40 
12336	0	8	82 44 40 
12336	0	7	81 3a 40 
12336	0	7	81 37 40 
12336	0	8	92 46 30 
12336	0	8	92 4a 40 
12384	48	8	82 4a 40 
12384	0	8	82 46 40 
12384	0	8	92 43 30 
12384	0	8	92 46 40 
12384	0	7	91 37 48 
12384	0	7	91 3a 48 
12432	48	8	82 46 40 
12432	0	8	82 43 40 
12432	0	7	81 3a 40 
12432	0	7	81 37 40 
12432	0	8	92 3f 30 
12432	0	8	92 43 40 
12480	48	10	84 33 40 
12480	0	9	83 3c 40 
12480	0	8	82 43 40 
12480	0	8	82 3f 40 
12480	0	7	81 33 40 
12480	0	7	81 48 40 
12480	0	9	93 3a 70 
12480	0	8	92 3a 30 
12480	0	8	92 3f 40 
12480	0	7	91 37 48 
12480	0	7	91 3a 48 
12480	0	7	91 46 7f 
12528	48	8	82 3f 40 
12528	0	8	82 3a 40 
12528	0	7	81 3a 40 
12528	0	7	81 37 40 
12528	0	8	92 3f 30 
12528	0	8	92 43 40 
12576	48	8	82 43 40 
12576	0	8	82 3f 40 
12576	0	10	94 33 7f 
12576	0	8	92 44 30 
12576	0	8	92 48 40 
12576	0	7	91 37 48 
12576	0	7	91 3a 48 
12576	0	7	91 33 60 
12624	48	10	84 33 40 
12624	0	8	82 48 40 
12624	0	8	82 44 40 
12624	0	7	81 33 40 
12624	0	7	81 3a 40 
12624	0	7	81 37 40 
12624	0	10	94 33 7f 
12624	0	8	92 46 30 
12624	0	8	92 4a 40 
12624	0	7	91 33 60 
12672	48	10	84 33 40 
12672	0	8	82 4a 40 
12672	0	8	82 46 40 
12672	0	7	81 33 40 
12672	0	10	94 33 7f 
12672	0	8	92 44 30 
12672	0	8	92 48 40 
12672	0	7	91 37 60 
12672	0	7	91 3a 60 
12672	0	7	91 33 60 
12720	48	8	82 48 40 
12720	0	8	82 44 40 
12720	0	7	81 3a 40 
12720	0	7	81 37 40 
12720	0	8	92 46 30 
12720	0	8	92 4a 40 
12768	48	8	82 4a 40 
12768	0	8	82 46 40 
12768	0	8	92 43 30 
12768	0	8	92 46 40 
12768	0	7	91 37 48 
12768	0	7	91 3a 48 
12816	48	8	82 46 40 
12816	0	8	82 43 40 
12816	0	7	81 3a 40 
12816	0	7	81 37 40 
12816	0	8	92 3f 30 
12816	0	8	92 43 40 
12864	48	10	84 33 40 
12864	0	8	82 43 40 
12864	0	8	82 3f 40 
12864	0	7	81 33 40 
12864	0	11	99 36 7f 
12864	0	8	92 3a 30 
12864	0	8	92 3f 40 
12864	0	7	91 37 48 
12864	0	7	91 3a 48 
12912	48	8	82 3f 40 
12912	0	8	82 3a 40 
12912	0	7	81 3a 40 
12912	0	7	81 37 40 
12912	0	8	92 3f 30 
12912	0	8	92 43 40 
12960	48	8	82 43 40 
12960	0	8	82 3f 40 
12960	0	8	92 43 30 
12960	0	8	92 46 40 
12960	0	7	91 37 48 
12960	0	7	91 3a 48 
13008	48	8	82 46 40 
13008	0	8	82 43 40 
13008	0	7	81 3a 40 
13008	0	7	81 37 40 
13008	0	8	92 48 40 
13008	0	8	92 46 30 
13056	48	11	89 36 40 
13056	0	9	83 3a 40 
13056	0	8	82 46 40 
13056	0	8	82 48 40 
13056	0	7	81 46 40 
13056	0	11	99 31 50 
13056	0	10	94 2c 7f 
13056	0	9	93 3e 70 
13056	0	8	92 46 30 
13056	0	8	92 4a 40 
13056	0	7	91 3c 60 
13056	0	7	91 38 60 
13056	0	7	91 4a 7f 
13056	0	7	91 2c 60 
13104	48	8	82 4a 40 
13104	0	8	82 46 40 
13104	0	7	81 38 40 
13104	0	7	81 3c 40 
13104	0	8	92 48 30 
13104	0	8	92 4b 40 
13152	48	9	83 3e 40 
13152	0	8	82 4b 40 
13152	0	8	82 48 40 
13152	0	7	81 4a 40 
13152	0	9	93 3f 70 
13152	0	8	92 44 30 
13152	0	8	92 48 40 
13152	0	7	91 38 48 
13152	0	7	91 3c 48 
13152	0	7	91 4b 7f 
13200	48	8	82 48 40 
13200	0	8	82 44 40 
13200	0	7	81 3c 40 
13200	0	7	81 38 40 
13200	0	8	92 3f 30 
13200	0	8	92 44 40 
13248	48	10	84 2c 40 
13248	0	9	83 3f 40 
13248	0	8	82 44 40 
13248	0	8	82 3f 40 
13248	0	7	81 4b 40 
13248	0	7	81 2c 40 
13248	0	9	93 3c 70 
13248	0	8	92 3c 30 
13248	0	8	92 3f 40 
13248	0	7	91 38 48 
13248	0	7	91 3c 48 
13248	0	7	91 48 7f 
13296	48	8	82 3f 40 
13296	0	8	82 3c 40 
13296	0	7	81 3c 40 
13296	0	7	81 38 40 
13296	0	8	92 3f 30 
13296	0	8	92 44 40 
13344	48	8	82 44 40 
13344	0	8	82 3f 40 
13344	0	10	94 2c 7f 
13344	0	8	92 46 30 
13344	0	8	92 4a 40 
13344	0	7	91 38 48 
13344	0	7	91 3c 48 
13344	0	7	91 2c 60 
13392	48	10	84 2c 40 
13392	0	8	82 4a 40 
13392	0	8	82 46 40 
13392	0	7	81 2c 40 
13392	0	7	81 3c 40 
13392	0	7	81 38 40 
13392	0	10	94 2c 7f 
13392	0	8	92 48 30 
13392	0	8	92 4b 40 
13392	0	7	91 2c 60 
13440	48	11	89 31 40 
13440	0	10	84 2c 40 
13440	0	8	82 4b 40 
13440	0	8	82 48 40 
13440	0	7	81 2c 40 
13440	0	10	94 2c 7f 
13440	0	8	92 46 30 
13440	0	8	92 4a 40 
13440	0	7	91 38 60 
13440	0	7	91 3c 60 
13440	0	7	91 2c 60 
13488	48	8	82 4a 40 
13488	0	8	82 46 40 
13488	0	7	81 3c 40 
13488	0	7	81 38 40 
13488	0	8	92 48 30 
13488	0	8	92 4b 40 
13536	48	9	83 3c 40 
13536	0	8	82 4b 40 
13536	0	8	82 48 40 
13536	0	7	81 48 40 
13536	0	9	93 33 70 
13536	0	8	92 44 30 
13536	0	8	92 48 40 
13536	0	7	91 38 48 
13536	0	7	91 3c 48 
13536	0	7	91 3f 7f 
13584	48	8	82 48 40 
13584	0	8	82 44 40 
13584	0	7	81 3c 40 
13584	0	7	81 38 40 
13584	0	8	92 3f 30 
13584	0	8	92 44 40 
13632	48	10	84 2c 40 
13632	0	9	83 33 40 
13632	0	8	82 44 40 
13632	0	8	82 3f 40 
13632	0	7	81 3f 40 
13632	0	7	81 2c 40 
13632	0	11	99 36 7f 
13632	0	9	93 35 70 
13632	0	8	92 3c 30 
13632	0	8	92 3f 40 
13632	0	7	91 38 48 
13632	0	7	91 3c 48 
13632	0	7	91 41 7f 
13680	48	8	82 3f 40 
13680	0	8	82 3c 40 
13680	0	7	81 3c 40 
13680	0	7	81 38 40 
13680	0	8	92 3f 30 
13680	0	8	92 44 40 
13728	48	9	83 35 40 
13728	0	8	82 44 40 
13728	0	8	82 3f 40 
13728	0	7	81 41 40 
13728	0	9	93 33 70 
13728	0	8	92 44 30 
13728	0	8	92 48 40 
13728	0	7	91 38 48 
13728	0	7	91 3c 48 
13728	0	7	91 3f 7f 
13776	48	8	82 48 40 
13776	0	8	82 44 40 
13776	0	7	81 3c 40 
13776	0	7	81 38 40 
13776	0	8	92 48 30 
13776	0	8	92 4b 40 
13824	48	11	89 36 40 
13824	0	9	83 33 40 
13824	0	8	82 4b 40 
13824	0	8	82 48 40 
13824	0	7	81 3f 40 
13824	0	10	94 33 7f 
13824	0	9	93 37 70 
13824	0	8	92 44 30 
13824	0	8	92 48 40 
13824	0	7	91 37 60 
13824	0	7	91 3a 60 
13824	0	7	91 43 7f 
13824	0	7	91 33 60 
13872	48	8	82 48 40 
13872	0	8	82 44 40 
13872	0	7	81 3a 40 
13872	0	7	81 37 40 
13872	0	8	92 46 30 
13872	0	8	92 4a 40 
13920	48	9	83 37 40 
13920	0	8	82 4a 40 
13920	0	8	82 46 40 
13920	0	7	81 43 40 
13920	0	9	93 3a 70 
13920	0	8	92 43 30 
13920	0	8	92 46 40 
13920	0	7	91 37 48 
13920	0	7	91 3a 48 
13920	0	7	91 46 7f 
13968	48	8	82 46 40 
13968	0	8	82 43 40 
13968	0	7	81 3a 40 
13968	0	7	81 37 40 
13968	0	8	92 3f 30 
13968	0	8	92 43 40 
14016	48	10	84 33 40 
14016	0	9	83 3a 40 
14016	0	8	82 43 40 
14016	0	8	82 3f 40 
14016	0	7	81 46 40 
14016	0	7	81 33 40 
14016	0	9	93 3a 70 
14016	0	8	92 3a 30 
14016	0	8	92 3f 40 
14016	0	7	91 37 48 
14016	0	7	91 3a 48 
14016	0	7	91 46 7f 
14064	48	8	82 3f 40 
14064	0	8	82 3a 40 
14064	0	7	81 3a 40 
14064	0	7	81 37 40 
14064	0	8	92 3f 30 
14064	0	8	92 43 40 
14112	48	8	82 43 40 
14112	0	8	82 3f 40 
14112	0	10	94 33 7f 
14112	0	8	92 44 30 
14112	0	8	92 48 40 
14112	0	7	91 37 48 
14112	0	7	91 3a 48 
14112	0	7	91 33 60 
14160	48	10	84 33 40 
14160	0	8	82 48 40 
14160	0	8	82 44 40 
14160	0	7	81 33 40 
14160	0	7	81 3a 40 
14160	0	7	81 37 40 
14160	0	10	94 33 7f 
14160	0	8	92 46 30 
14160	0	8	92 4a 40 
14160	0	7	91 33 60 
14208	48	10	84 33 40 
14208	0	8	82 4a 40 
14208	0	8	82 46 40 
14208	0	7	81 33 40 
14208	0	10	94 33 7f 
14208	0	8	92 44 30 
14208	0	8	92 48 40 
14208	0	7	91 37 60 
14208	0	7	91 3a 60 
14208	0	7	91 33 60 
14256	48	8	82 48 40 
14256	0	8	82 44 40 
14256	0	7	81 3a 40 
14256	0	7	81 37 40 
14256	0	8	92 46 30 
14256	0	8	92 4a 40 
14304	48	8	82 4a 40 
14304	0	8	82 46 40 
14304	0	8	92 43 30 
14304	0	8	92 46 40 
14304	0	7	91 37 48 
14304	0	7	91 3a 48 
14352	48	8	82 46 40 
14352	0	8	82 43 40 
14352	0	7	81 3a 40 
14352	0	7	81 37 40 
14352	0	8	92 3f 30 
14352	0	8	92 43 40 
14400	48	10	84 33 40 
14400	0	8	82 43 40 
14400	0	8	82 3f 40 
14400	0	7	81 33 40 
14400	0	11	99 36 7f 
14400	0	8	92 3a 30 
14400	0	8	92 3f 40 
14400	0	7	91 37 48 
14400	0	7	91 3a 48 
14448	48	8	82 3f 40 
14448	0	8	82 3a 40 
14448	0	7	81 3a 40 
14448	0	7	81 37 40 
14448	0	8	92 3f 30 
14448	0	8	92 43 40 
14496	48	8	82 43 40 
14496	0	8	82 3f 40 
14496	0	8	92 43 30 
14496	0	8	92 46 40 
14496	0	7	91 37 48 
14496	0	7	91 3a 48 
14544	48	8	82 46 40 
14544	0	8	82 43 40 
14544	0	7	81 3a 40 
14544	0	7	81 37 40 
14544	0	8	92 4a 40 
14544	0	8	92 46 30 
14592	48	11	89 36 40 
14592	0	9	83 3a 40 
14592	0	8	82 46 40 
14592	0	8	82 4a 40 
14592	0	7	81 46 40 
14592	0	10	94 2f 7f 
14592	0	9	93 3a 70 
14592	0	7	91 33 50 
14592	0	7	91 36 50 
14592	0	7	91 46 7f 
14592	0	7	91 2f 60 
14640	48	7	81 36 40 
14640	0	7	81 33 40 
14640	0	7	91 36 60 
14640	0	7	91 3b 60 
14688	48	9	83 3a 40 
14688	0	7	81 3b 40 
14688	0	7	81 46 40 
14688	0	7	81 36 40 
14688	0	9	93 3b 70 
14688	0	7	91 3b 70 
14688	0	7	91 3f 70 
14688	0	7	91 47 7f 
14736	48	7	81 3f 40 
14736	0	7	81 3b 40 
14736	0	7	91 36 60 
14736	0	7	91 3b 60 
14784	48	10	84 2f 40 
14784	0	9	83 3b 40 
14784	0	7	81 3b 40 
14784	0	7	81 47 40 
14784	0	7	81 2f 40 
14784	0	7	81 36 40 
14784	0	9	93 38 70 
14784	0	7	91 33 50 
14784	0	7	91 36 50 
14784	0	7	91 44 7f 
14832	48	7	81 36 40 
14832	0	7	81 33 40 
14832	0	7	91 36 60 
14832	0	7	91 3b 60 
14880	48	7	81 3b 40 
14880	0	7	81 36 40 
14880	0	10	94 2f 7f 
14880	0	7	91 3b 70 
14880	0	7	91 3f 70 
14880	0	7	91 2f 60 
14928	48	10	84 2f 40 
14928	0	7	81 2f 40 
14928	0	7	81 3f 40 
14928	0	7	81 3b 40 
14928	0	10	94 2f 7f 
14928	0	7	91 36 60 
14928	0	7	91 3b 60 
14928	0	7	91 2f 60 
14976	48	10	84 2f 40 
14976	0	7	81 2f 40 
14976	0	7	81 3b 40 
14976	0	7	81 36 40 
14976	0	10	94 34 7f 
14976	0	7	91 34 50 
14976	0	7	91 38 50 
14976	0	7	91 34 60 
15024	48	7	81 34 40 
15024	0	7	81 38 40 
15024	0	7	91 38 60 
15024	0	7	91 3b 60 
15072	48	7	81 3b 40 
15072	0	7	81 38 40 
15072	0	7	91 3b 70 
15072	0	7	91 40 70 
15120	48	7	81 40 40 
15120	0	7	81 3b 40 
15120	0	7	91 38 60 
15120	0	7	91 3b 60 
15168	48	10	84 34 40 
15168	0	9	83 38 40 
15168	0	7	81 3b 40 
15168	0	7	81 34 40 
15168	0	7	81 44 40 
15168	0	7	81 38 40 
15168	0	11	99 36 7f 
15168	0	9	93 36 70 
15168	0	7	91 34 50 
15168	0	7	91 38 50 
15168	0	7	91 42 7f 
15216	48	7	81 38 40 
15216	0	7	81 34 40 
15216	0	7	91 38 60 
15216	0	7	91 3b 60 
15264	48	9	83 36 40 
15264	0	7	81 3b 40 
15264	0	7	81 42 40 
15264	0	7	81 38 40 
15264	0	9	93 38 70 
15264	0	7	91 3b 70 
15264	0	7	91 40 70 
15264	0	7	91 44 7f 
15312	48	7	81 40 40 
15312	0	7	81 3b 40 
15312	0	7	91 38 60 
15312	0	7	91 3b 60 
15360	48	11	89 36 40 
15360	0	9	83 38 40 
15360	0	7	81 3b 40 
15360	0	7	81 44 40 
15360	0	7	81 38 40 
15360	0	10	94 2e 7f 
15360	0	9	93 3a 70 
15360	0	7	91 32 50 
15360	0	7	91 35 50 
15360	0	7	91 46 7f 
15360	0	7	91 2e 60 
15408	48	7	81 35 40 
15408	0	7	81 32 40 
15408	0	7	91 35 60 
15408	0	7	91 3a 60 
15456	48	7	81 3a 40 
15456	0	7	81 35 40 
15456	0	7	91 3a 70 
15456	0	7	91 3e 70 
15504	48	7	81 3e 40 
15504	0	7	81 3a 40 
15504	0	7	91 35 60 
15504	0	7	91 3a 60 
15552	48	10	84 2e 40 
15552	0	7	81 3a 40 
15552	0	7	81 2e 40 
15552	0	7	81 35 40 
15552	0	7	91 32 50 
15552	0	7	91 35 50 
15600	48	7	81 35 40 
15600	0	7	81 32 40 
15600	0	7	91 35 60 
15600	0	7	91 3a 60 
15648	48	6	e0 7f 7f 
15648	0	7	81 3a 40 
15648	0	7	81 35 40 
15648	0	10	94 2e 7f 
15648	0	7	91 3a 70 
15648	0	7	91 41 70 
15648	0	7	91 2e 60 
15696	48	10	84 2e 40 
15696	0	7	81 2e 40 
15696	0	7	81 41 40 
15696	0	7	81 3a 40 
15696	0	10	94 2e 7f 
15696	0	7	91 35 60 
15696	0	7	91 3a 60 
15696	0	7	91 2e 60 
15744	48	10	84 2e 40 
15744	0	7	81 2e 40 
15744	0	7	81 3a 40 
15744	0	7	81 35 40 
15744	0	10	94 2e 7f 
15744	0	7	91 32 50 
15744	0	7	91 35 50 
15744	0	7	91 2e 60 
15744	0	6	90 4f 60 
15752	8	6	e0 55 6a 
15760	8	6	e0 2b 55 
15768	8	6	e0 0 40 
15792	24	7	81 35 40 
15792	0	7	81 32 40 
15792	0	7	91 35 60 
15792	0	7	91 3a 60 
15840	48	7	81 3a 40 
15840	0	7	81 35 40 
15840	0	7	91 3a 70 
15840	0	7	91 3e 70 
15888	48	7	81 3e 40 
15888	0	7	81 3a 40 
15888	0	7	91 35 60 
15888	0	7	91 3a 60 
15936	48	6	e0 7f 7f 
15936	0	10	84 2e 40 
15936	0	7	81 3a 40 
15936	0	7	81 2e 40 
15936	0	7	81 35 40 
15936	0	6	80 4f 40 
15936	0	11	99 36 7f 
15936	0	7	91 32 50 
15936	0	7	91 35 50 
15936	0	6	90 54 60 
15944	8	6	e0 55 6a 
15952	8	6	e0 2b 55 
15960	8	6	e0 0 40 
15984	24	7	81 35 40 
15984	0	7	81 32 40 
15984	0	7	91 35 60 
15984	0	7	91 3a 60 
16032	48	7	81 3a 40 
16032	0	7	81 35 40 
16032	0	7	91 3a 70 
16032	0	7	91 41 70 
16080	48	7	81 41 40 
16080	0	7	81 3a 40 
16080	0	7	91 35 60 
16080	0	7	91 3a 60 
16128	48	6	e0 7f 7f 
16128	0	11	89 36 40 
16128	0	9	83 3a 40 
16128	0	7	81 3a 40 
16128	0	7	81 46 40 
16128	0	7	81 35 40 
16128	0	6	80 54 40 
16128	0	10	94 30 7f 
16128	0	7	91 46 60 
16128	0	7	91 3c 70 
16128	0	7	91 43 70 
16128	0	7	91 30 60 
16128	0	6	90 52 60 
16136	8	6	e0 55 6a 
16144	8	6	e0 2b 55 
16152	8	6	e0 0 40 
16176	24	7	81 43 40 
16176	0	7	81 3c 40 
16176	0	7	81 46 40 
16224	48	7	91 46 40 
16224	0	7	91 3c 60 
16224	0	7	91 43 60 
16272	48	7	81 43 40 
16272	0	7	81 3c 40 
16272	0	7	81 46 40 
16320	48	10	84 30 40 
16320	0	7	81 30 40 
16320	0	7	91 46 40 
16320	0	7	91 3c 60 
16320	0	7	91 43 60 
16368	48	7	81 43 40 
16368	0	7	81 3c 40 
16368	0	7	81 46 40 
16416	48	10	94 30 7f 
16416	0	7	91 46 40 
16416	0	7	91 3c 60 
16416	0	7	91 43 60 
16416	0	7	91 30 60 
16464	48	10	84 30 40 
16464	0	7	81 30 40 
16464	0	7	81 43 40 
16464	0	7	81 3c 40 
16464	0	7	81 46 40 
16464	0	10	94 30 7f 
16464	0	7	91 30 60 
16512	48	10	84 30 40 
16512	0	7	81 30 40 
16512	0	10	94 30 7f 
16512	0	7	91 46 60 
16512	0	7	91 3c 70 
16512	0	7	91 43 70 
16512	0	7	91 30 60 
16560	48	7	81 43 40 
16560	0	7	81 3c 40 
16560	0	7	81 46 40 
16608	48	6	80 52 40 
16608	0	7	91 46 40 
16608	0	7	91 3c 60 
16608	0	7	91 43 60 
16656	48	7	81 43 40 
16656	0	7	81 3c 40 
16656	0	7	81 46 40 
16704	48	6	e0 0 60 
16704	0	10	84 30 40 
16704	0	7	81 30 40 
16704	0	11	99 36 7f 
16704	0	7	91 46 40 
16704	0	7	91 3c 60 
16704	0	7	91 43 60 
16704	0	6	90 51 60 
16712	8	6	e0 2b 55 
16720	8	6	e0 56 4a 
16728	8	6	e0 0 40 
16752	24	7	81 43 40 
16752	0	7	81 3c 40 
16752	0	7	81 46 40 
16800	48	6	80 51 40 
16800	0	7	91 46 40 
16800	0	7	91 3c 60 
16800	0	7	91 43 60 
16800	0	6	90 4d 60 
16848	48	7	81 43 40 
16848	0	7	81 3c 40 
16848	0	7	81 46 40 
16896	48	6	e0 7f 7f 
16896	0	11	89 36 40 
16896	0	6	80 4d 40 
16896	0	10	94 30 7f 
16896	0	7	91 46 60 
16896	0	7	91 3c 70 
16896	0	7	91 43 70 
16896	0	7	91 30 60 
16896	0	6	90 4f 60 
16904	8	6	e0 55 6a 
16912	8	6	e0 2b 55 
16920	8	6	e0 0 40 
16944	24	7	81 43 40 
16944	0	7	81 3c 40 
16944	0	7	81 46 40 
16992	48	7	91 46 40 
16992	0	7	91 3c 60 
16992	0	7	91 43 60 
17040	48	7	81 43 40 
17040	0	7	81 3c 40 
17040	0	7	81 46 40 
17088	48	10	84 30 40 
17088	0	7	81 30 40 
17088	0	7	91 46 40 
17088	0	7	91 3c 60 
17088	0	7	91 43 60 
17136	48	7	81 43 40 
17136	0	7	81 3c 40 
17136	0	7	81 46 40 
17184	48	10	94 30 7f 
17184	0	7	91 46 40 
17184	0	7	91 3c 60 
17184	0	7	91 43 60 
17184	0	7	91 30 60 
17232	48	10	84 30 40 
17232	0	7	81 30 40 
17232	0	7	81 43 40 
17232	0	7	81 3c 40 
17232	0	7	81 46 40 
17232	0	10	94 30 7f 
17232	0	7	91 30 60 
17280	48	10	84 30 40 
17280	0	7	81 30 40 
17280	0	10	94 30 7f 
17280	0	7	91 46 60 
17280	0	7	91 3c 70 
17280	0	7	91 43 70 
17280	0	7	91 30 60 
17328	48	7	81 43 40 
17328	0	7	81 3c 40 
17328	0	7	81 46 40 
17376	48	6	80 4f 40 
17376	0	7	91 46 40 
17376	0	7	91 3c 60 
17376	0	7	91 43 60 
17424	48	7	81 43 40 
17424	0	7	81 3c 40 
17424	0	7	81 46 40 
17472	48	6	e0 7f 7f 
17472	0	10	84 30 40 
17472	0	7	81 30 40 
17472	0	11	99 36 7f 
17472	0	7	91 46 40 
17472	0	7	91 3c 60 
17472	0	7	91 43 60 
17472	0	6	90 4f 60 
17480	8	6	e0 55 6a 
17488	8	6	e0 2b 55 
17496	8	6	e0 0 40 
17520	24	7	81 43 40 
17520	0	7	81 3c 40 
17520	0	7	81 46 40 
17568	48	6	80 4f 40 
17568	0	7	91 46 40 
17568	0	7	91 3c 60 
17568	0	7	91 43 60 
17568	0	6	90 54 60 
17616	48	7	81 43 40 
17616	0	7	81 3c 40 
17616	0	7	81 46 40 
17664	48	6	e0 7f 7f 
17664	0	11	89 36 40 
17664	0	6	80 54 40 
17664	0	10	94 30 7f 
17664	0	7	91 46 60 
17664	0	7	91 3c 70 
17664	0	7	91 43 70 
17664	0	7	91 30 60 
17664	0	6	90 56 60 
17672	8	6	e0 55 6a 
17680	8	6	e0 2b 55 
17688	8	6	e0 0 40 
17712	24	7	81 43 40 
17712	0	7	81 3c 40 
17712	0	7	81 46 40 
17760	48	6	80 56 40 
17760	0	7	91 46 40 
17760	0	7	91 3c 60 
17760	0	7	91 43 60 
17760	0	6	90 52 60 
17808	48	7	81 43 40 
17808	0	7	81 3c 40 
17808	0	7	81 46 40 
17856	48	10	84 30 40 
17856	0	7	81 30 40 
17856	0	7	91 46 40 
17856	0	7	91 3c 60 
17856	0	7	91 43 60 
17904	48	7	81 43 40 
17904	0	7	81 3c 40 
17904	0	7	81 46 40 
17952	48	10	94 30 7f 
17952	0	7	91 46 40 
17952	0	7	91 3c 60 
17952	0	7	91 43 60 
17952	0	7	91 30 60 
18000	48	10	84 30 40 
18000	0	7	81 30 40 
18000	0	7	81 43 40 
18000	0	7	81 3c 40 
18000	0	7	81 46 40 
18000	0	10	94 30 7f 
18000	0	7	91 30 60 
18048	48	10	84 30 40 
18048	0	7	81 30 40 
18048	0	10	94 30 7f 
18048	0	7	91 46 60 
18048	0	7	91 3c 70 
18048	0	7	91 43 70 
18048	0	7	91 30 60 
18096	48	7	81 43 40 
18096	0	7	81 3c 40 
18096	0	7	81 46 40 
18144	48	6	80 52 40 
18144	0	7	91 46 40 
18144	0	7	91 3c 60 
18144	0	7	91 43 60 
18192	48	7	81 43 40 
18192	0	7	81 3c 40 
18192	0	7	81 46 40 
18240	48	6	e0 0 60 
18240	0	10	84 30 40 
18240	0	7	81 30 40 
18240	0	11	99 36 7f 
18240	0	7	91 46 40 
18240	0	7	91 3c 60 
18240	0	7	91 43 60 
18240	0	6	90 51 60 
18248	8	6	e0 2b 55 
18256	8	6	e0 56 4a 
18264	8	6	e0 0 40 
18288	24	7	81 43 40 
18288	0	7	81 3c 40 
18288	0	7	81 46 40 
18288	0	6	80 51 40 
18288	0	6	90 4f 60 
18336	48	6	80 4f 40 
18336	0	7	91 46 40 
18336	0	7	91 3c 60 
18336	0	7	91 43 60 
18336	0	6	90 4d 60 
18384	48	7	81 43 40 
18384	0	7	81 3c 40 
18384	0	7	81 46 40 
18432	48	6	e0 7f 7f 
18432	0	11	89 36 40 
18432	0	6	80 4d 40 
18432	0	10	94 30 7f 
18432	0	7	91 46 60 
18432	0	7	91 3c 70 
18432	0	7	91 43 70 
18432	0	7	91 30 60 
18432	0	6	90 4f 60 
18440	8	6	e0 55 6a 
18448	8	6	e0 2b 55 
18456	8	6	e0 0 40 
18480	24	7	81 43 40 
18480	0	7	81 3c 40 
18480	0	7	81 46 40 
18528	48	7	91 46 40 
18528	0	7	91 3c 60 
18528	0	7	91 43 60 
18576	48	7	81 43 40 
18576	0	7	81 3c 40 
18576	0	7	81 46 40 
18624	48	10	84 30 40 
18624	0	7	81 30 40 
18624	0	7	91 46 40 
18624	0	7	91 3c 60 
18624	0	7	91 43 60 
18672	48	7	81 43 40 
18672	0	7	81 3c 40 
18672	0	7	81 46 40 
18720	48	10	94 30 7f 
18720	0	7	91 46 40 
18720	0	7	91 3c 60 
18720	0	7	91 43 60 
18720	0	7	91 30 60 
18768	48	10	84 30 40 
18768	0	7	81 30 40 
18768	0	7	81 43 40 
18768	0	7	81 3c 40 
18768	0	7	81 46 40 
18768	0	10	94 30 7f 
18768	0	7	91 30 60 
18816	48	10	84 30 40 
18816	0	7	81 30 40 
18816	0	10	94 30 7f 
18816	0	7	91 46 60 
18816	0	7	91 3c 70 
18816	0	7	91 43 70 
18816	0	7	91 30 60 
18864	48	7	81 43 40 
18864	0	7	81 3c 40 
18864	0	7	81 46 40 
18912	48	6	80 4f 40 
18912	0	7	91 46 40 
18912	0	7	91 3c 60 
18912	0	7	91 43 60 
18960	48	7	81 43 40 
18960	0	7	81 3c 40 
18960	0	7	81 46 40 
19008	48	6	e0 7f 7f 
19008	0	10	84 30 40 
19008	0	7	81 30 40 
19008	0	11	99 36 7f 
19008	0	7	91 46 40 
19008	0	7	91 3c 60 
19008	0	7	91 43 60 
19008	0	6	90 4f 60 
19016	8	6	e0 55 6a 
19024	8	6	e0 2b 55 
19032	8	6	e0 0 40 
19056	24	7	81 43 40 
19056	0	7	81 3c 40 
19056	0	7	81 46 40 
19104	48	6	80 4f 40 
19104	0	7	91 46 40 
19104	0	7	91 3c 60 
19104	0	7	91 43 60 
19104	0	6	90 54 60 
19152	48	7	81 43 40 
19152	0	7	81 3c 40 
19152	0	7	81 46 40 
19200	48	6	e0 7f 7f 
19200	0	11	89 36 40 
19200	0	6	80 54 40 
19200	0	10	94 30 7f 
19200	0	7	91 46 60 
19200	0	7	91 3c 70 
19200	0	7	91 43 70 
19200	0	7	91 30 60 
19200	0	6	90 52 60 
19208	8	6	e0 55 6a 
19216	8	6	e0 2b 55 
19224	8	6	e0 0 40 
19248	24	7	81 43 40 
19248	0	7	81 3c 40 
19248	0	7	81 46 40 
19296	48	7	91 46 40 
19296	0	7	91 3c 60 
19296	0	7	91 43 60 
19344	48	7	81 43 40 
19344	0	7	81 3c 40 
19344	0	7	81 46 40 
19392	48	10	84 30 40 
19392	0	7	81 30 40 
19392	0	7	91 46 40 
19392	0	7	91 3c 60 
19392	0	7	91 43 60 
19440	48	7	81 43 40 
19440	0	7	81 3c 40 
19440	0	7	81 46 40 
19488	48	10	94 30 7f 
19488	0	7	91 46 40 
19488	0	7	91 3c 60 
19488	0	7	91 43 60 
19488	0	7	91 30 60 
19536	48	10	84 30 40 
19536	0	7	81 30 40 
19536	0	7	81 43 40 
19536	0	7	81 3c 40 
19536	0	7	81 46 40 
19536	0	10	94 30 7f 
19536	0	7	91 30 60 
19584	48	10	84 30 40 
19584	0	7	81 30 40 
19584	0	10	94 30 7f 
19584	0	7	91 46 60 
19584	0	7	91 3c 70 
19584	0	7	91 43 70 
19584	0	7	91 30 60 
19632	48	7	81 43 40 
19632	0	7	81 3c 40 
19632	0	7	81 46 40 
19680	48	6	80 52 40 
19680	0	7	91 46 40 
19680	0	7	91 3c 60 
19680	0	7	91 43 60 
19728	48	7	81 43 40 
19728	0	7	81 3c 40 
19728	0	7	81 46 40 
19776	48	6	e0 0 60 
19776	0	10	84 30 40 
19776	0	7	81 30 40 
19776	0	11	99 36 7f 
19776	0	7	91 46 40 
19776	0	7	91 3c 60 
19776	0	7	91 43 60 
19776	0	6	90 51 60 
19784	8	6	e0 2b 55 
19792	8	6	e0 56 4a 
19800	8	6	e0 0 40 
19824	24	7	81 43 40 
19824	0	7	81 3c 40 
19824	0	7	81 46 40 
19824	0	6	80 51 40 
19824	0	6	90 4f 60 
19872	48	6	80 4f 40 
19872	0	7	91 46 40 
19872	0	7	91 3c 60 
19872	0	7	91 43 60 
19872	0	6	90 4d 60 
19920	48	7	81 43 40 
19920	0	7	81 3c 40 
19920	0	7	81 46 40 
19920	0	6	80 4d 40 
19920	0	6	90 51 60 
19968	48	6	e0 7f 7f 
19968	0	11	89 36 40 
19968	0	6	80 51 40 
19968	0	10	94 30 7f 
19968	0	7	91 46 60 
19968	0	7	91 3c 70 
19968	0	7	91 43 70 
19968	0	7	91 30 60 
19968	0	6	90 4f 60 
19976	8	6	e0 55 6a 
19984	8	6	e0 2b 55 
19992	8	6	e0 0 40 
20016	24	7	81 43 40 
20016	0	7	81 3c 40 
20016	0	7	81 46 40 
20064	48	7	91 46 40 
20064	0	7	91 3c 60 
20064	0	7	91 43 60 
20112	48	7	81 43 40 
20112	0	7	81 3c 40 
20112	0	7	81 46 40 
20160	48	10	84 30 40 
20160	0	7	81 30 40 
20160	0	7	91 46 40 
20160	0	7	91 3c 60 
20160	0	7	91 43 60 
20208	48	7	81 43 40 
20208	0	7	81 3c 40 
20208	0	7	81 46 40 
20256	48	10	94 30 7f 
20256	0	7	91 46 40 
20256	0	7	91 3c 60 
20256	0	7	91 43 60 
20256	0	7	91 30 60 
20304	48	10	84 30 40 
20304	0	7	81 30 40 
20304	0	7	81 43 40 
20304	0	7	81 3c 40 
20304	0	7	81 46 40 
20304	0	10	94 30 7f 
20304	0	7	91 30 60 
20352	48	10	84 30 40 
20352	0	7	81 30 40 
20352	0	6	80 4f 40 
20352	0	10	94 30 7f 
20352	0	7	91 46 60 
20352	0	7	91 3c 70 
20352	0	7	91 43 70 
20352	0	7	91 30 60 
20400	48	7	81 43 40 
20400	0	7	81 3c 40 
20400	0	7	81 46 40 
20448	48	6	e0 7f 7f 
20448	0	7	91 46 40 
20448	0	7	91 3c 60 
20448	0	7	91 43 60 
20448	0	6	90 48 60 
20456	8	6	e0 55 6a 
20464	8	6	e0 2b 55 
20472	8	6	e0 0 40 
20496	24	7	81 43 40 
20496	0	7	81 3c 40 
20496	0	7	81 46 40 
20544	48	10	84 30 40 
20544	0	7	81 30 40 
20544	0	6	80 48 40 
20544	0	11	99 36 7f 
20544	0	7	91 46 40 
20544	0	7	91 3c 60 
20544	0	7	91 43 60 
20544	0	6	90 4a 60 
20592	48	7	81 43 40 
20592	0	7	81 3c 40 
20592	0	7	81 46 40 
20640	48	6	80 4a 40 
20640	0	7	91 46 40 
20640	0	7	91 3c 60 
20640	0	7	91 43 60 
20640	0	6	90 4b 60 
20688	48	7	81 43 40 
20688	0	7	81 3c 40 
20688	0	7	81 46 40 
20736	48	6	e0 7f 7f 
20736	0	11	89 36 40 
20736	0	6	80 4b 40 
20736	0	10	94 30 7f 
20736	0	7	91 46 60 
20736	0	7	91 3c 70 
20736	0	7	91 43 70 
20736	0	7	91 30 60 
20736	0	6	90 4d 60 
20744	8	6	e0 55 6a 
20752	8	6	e0 2b 55 
20760	8	6	e0 0 40 
20784	24	7	81 43 40 
20784	0	7	81 3c 40 
20784	0	7	81 46 40 
20832	48	7	91 46 40 
20832	0	7	91 3c 60 
20832	0	7	91 43 60 
20880	48	7	81 43 40 
20880	0	7	81 3c 40 
20880	0	7	81 46 40 
20928	48	10	84 30 40 
20928	0	7	81 30 40 
20928	0	7	91 46 40 
20928	0	7	91 3c 60 
20928	0	7	91 43 60 
20976	48	7	81 43 40 
20976	0	7	81 3c 40 
20976	0	7	81 46 40 
21024	48	10	94 30 7f 
21024	0	7	91 46 40 
21024	0	7	91 3c 60 
21024	0	7	91 43 60 
21024	0	7	91 30 60 
21072	48	10	84 30 40 
21072	0	7	81 30 40 
21072	0	7	81 43 40 
21072	0	7	81 3c 40 
21072	0	7	81 46 40 
21072	0	10	94 30 7f 
21072	0	7	91 30 60 
21120	48	10	84 30 40 
21120	0	7	81 30 40 
21120	0	6	80 4d 40 
21120	0	10	94 30 7f 
21120	0	7	91 46 60 
21120	0	7	91 3c 70 
21120	0	7	91 43 70 
21120	0	7	91 30 60 
21168	48	7	81 43 40 
21168	0	7	81 3c 40 
21168	0	7	81 46 40 
21216	48	6	e0 7f 7f 
21216	0	7	91 46 40 
21216	0	7	91 3c 60 
21216	0	7	91 43 60 
21216	0	6	90 4b 60 
21224	8	6	e0 55 6a 
21232	8	6	e0 2b 55 
21240	8	6	e0 0 40 
21264	24	7	81 43 40 
21264	0	7	81 3c 40 
21264	0	7	81 46 40 
21312	48	10	84 30 40 
21312	0	7	81 30 40 
21312	0	6	80 4b 40 
21312	0	11	99 36 7f 
21312	0	7	91 46 40 
21312	0	7	91 3c 60 
21312	0	7	91 43 60 
21312	0	6	90 4a 60 
21360	48	7	81 43 40 
21360	0	7	81 3c 40 
21360	0	7	81 46 40 
21408	48	6	80 4a 40 
21408	0	7	91 46 40 
21408	0	7	91 3c 60 
21408	0	7	91 43 60 
21408	0	6	90 46 60 
21456	48	7	81 43 40 
21456	0	7	81 3c 40 
21456	0	7	81 46 40 
21504	48	6	e0 7f 7f 
21504	0	11	89 36 40 
21504	0	6	80 46 40 
21504	0	10	94 30 7f 
21504	0	7	91 46 60 
21504	0	7	91 3c 70 
21504	0	7	91 43 70 
21504	0	7	91 30 60 
21504	0	6	90 48 60 
21512	8	6	e0 55 6a 
21520	8	6	e0 2b 55 
21528	8	6	e0 0 40 
21552	24	7	81 43 40 
21552	0	7	81 3c 40 
21552	0	7	81 46 40 
21600	48	7	91 46 40 
21600	0	7	91 3c 60 
21600	0	7	91 43 60 
21648	48	7	81 43 40 
21648	0	7	81 3c 40 
21648	0	7	81 46 40 
21696	48	10	84 30 40 
21696	0	7	81 30 40 
21696	0	7	91 46 40 
21696	0	7	91 3c 60 
21696	0	7	91 43 60 
21744	48	7	81 43 40 
21744	0	7	81 3c 40 
21744	0	7	81 46 40 
21792	48	10	94 30 7f 
21792	0	7	91 46 40 
21792	0	7	91 3c 60 
21792	0	7	91 43 60 
21792	0	7	91 30 60 
21840	48	10	84 30 40 
21840	0	7	81 30 40 
21840	0	7	81 43 40 
21840	0	7	81 3c 40 
21840	0	7	81 46 40 
21840	0	10	94 30 7f 
21840	0	7	91 30 60 
21888	48	10	84 30 40 
21888	0	7	81 30 40 
21888	0	10	94 30 7f 
21888	0	7	91 46 60 
21888	0	7	91 3c 70 
21888	0	7	91 43 70 
21888	0	7	91 30 60 
21936	48	7	81 43 40 
21936	0	7	81 3c 40 
21936	0	7	81 46 40 
21984	48	7	91 46 40 
21984	0	7	91 3c 60 
21984	0	7	91 43 60 
22032	48	7	81 43 40 
22032	0	7	81 3c 40 
22032	0	7	81 46 40 
22080	48	10	84 30 40 
22080	0	7	81 30 40 
22080	0	6	80 48 40 
22080	0	11	99 36 7f 
22080	0	7	91 46 40 
22080	0	7	91 3c 60 
22080	0	7	91 43 60 
22128	48	7	81 43 40 
22128	0	7	81 3c 40 
22128	0	7	81 46 40 
22176	48	7	91 46 40 
22176	0	7	91 3c 60 
22176	0	7	91 43 60 
22224	48	7	81 43 40 
22224	0	7	81 3c 40 
22224	0	7	81 46 40 
22272	48	11	89 36 40 
22272	0	10	94 30 7f 
22272	0	7	91 3f 60 
22272	0	7	91 41 60 
22272	0	7	91 46 7f 
22272	0	7	91 30 60 
22464	192	10	84 30 40 
22464	0	7	81 46 40 
22464	0	7	81 41 40 
22464	0	7	81 3f 40 
22464	0	7	91 3e 60 
22464	0	7	91 40 60 
22464	0	7	91 45 7f 
22656	192	7	81 45 40 
22656	0	7	81 40 40 
22656	0	7	81 3e 40 
22656	0	7	91 3a 60 
22656	0	7	91 3c 60 
22656	0	7	91 41 7f 
22848	192	7	81 41 40 
22848	0	7	81 3c 40 
22848	0	7	81 3a 40 
22848	0	7	91 3e 60 
22848	0	7	91 40 60 
22848	0	7	91 45 7f 
23040	192	6	e0 7f 7f 
23040	0	7	81 45 40 
23040	0	7	81 30 40 
23040	0	7	81 40 40 
23040	0	7	81 3e 40 
23040	0	10	94 30 7f 
23040	0	7	91 3c 60 
23040	0	7	91 3e 60 
23040	0	7	91 43 7f 
23040	0	7	91 30 60 
23040	0	6	90 52 60 
23048	8	6	e0 55 6a 
23056	8	6	e0 2b 55 
23064	8	6	e0 0 40 
23136	72	6	80 52 40 
23136	0	6	90 51 60 
23232	96	10	84 30 40 
23232	0	7	81 30 40 
23232	0	6	80 51 40 
23232	0	6	90 4d 60 
23328	96	6	80 4d 40 
23328	0	10	94 30 7f 
23328	0	7	91 30 60 
23328	0	6	90 51 60 
23376	48	10	84 30 40 
23376	0	7	81 30 40 
23376	0	10	94 30 7f 
23376	0	7	91 30 60 
23424	48	6	e0 7f 7f 
23424	0	10	84 30 40 
23424	0	7	81 30 40 
23424	0	6	80 51 40 
23424	0	10	94 30 7f 
23424	0	7	91 30 60 
23424	0	6	90 4f 60 
23432	8	6	e0 55 6a 
23440	8	6	e0 2b 55 
23448	8	6	e0 0 40 
23616	168	10	84 30 40 
23616	0	7	81 30 40 
23616	0	10	94 2b 7f 
23616	0	7	91 2b 60 
23808	192	10	84 2b 40 
23808	0	7	81 2b 40 
23808	0	7	81 3c 40 
23808	0	7	81 3e 40 
23808	0	7	81 43 40 
23808	0	6	80 4f 40 
23808	0	10	94 30 7f 
23808	0	7	91 3f 60 
23808	0	7	91 41 60 
23808	0	7	91 46 7f 
23808	0	7	91 30 60 
24000	192	10	84 30 40 
24000	0	7	81 46 40 
24000	0	7	81 41 40 
24000	0	7	81 3f 40 
24000	0	7	91 3e 60 
24000	0	7	91 40 60 
24000	0	7	91 45 7f 
24192	192	7	81 45 40 
24192	0	7	81 40 40 
24192	0	7	81 3e 40 
24192	0	7	91 41 60 
24192	0	7	91 43 60 
24192	0	7	91 48 7f 
24384	192	7	81 48 40 
24384	0	7	81 43 40 
24384	0	7	81 41 40 
24384	0	7	91 3e 60 
24384	0	7	91 40 60 
24384	0	7	91 45 7f 
24576	192	6	e0 7f 7f 
24576	0	7	81 45 40 
24576	0	7	81 30 40 
24576	0	7	81 40 40 
24576	0	7	81 3e 40 
24576	0	10	94 30 7f 
24576	0	7	91 3c 60 
24576	0	7	91 3e 60 
24576	0	7	91 43 7f 
24576	0	7	91 30 60 
24576	0	6	90 52 60 
24584	8	6	e0 55 6a 
24592	8	6	e0 2b 55 
24600	8	6	e0 0 40 
24672	72	6	80 52 40 
24672	0	6	90 51 60 
24768	96	10	84 30 40 
24768	0	7	81 30 40 
24768	0	6	80 51 40 
24768	0	6	90 54 60 
24864	96	6	80 54 40 
24864	0	6	90 51 60 
24960	96	6	e0 7f 7f 
24960	0	6	80 51 40 
24960	0	10	94 30 7f 
24960	0	7	91 30 60 
24960	0	6	90 4f 60 
24968	8	6	e0 55 6a 
24976	8	6	e0 2b 55 
24984	8	6	e0 0 40 
25152	168	10	84 30 40 
25152	0	7	81 30 40 
25152	0	10	94 2e 7f 
25152	0	7	91 2e 60 
25248	96	7	81 3e 40 
25248	0	7	81 43 40 
25248	0	7	91 3e 60 
25248	0	7	91 43 7f 
25272	24	7	81 43 40 
25272	0	7	81 3e 40 
25272	0	7	91 3f 60 
25272	0	7	91 44 7f 
25296	24	7	81 44 40 
25296	0	7	81 3f 40 
25296	0	7	91 41 60 
25296	0	7	91 46 7f 
25320	24	7	81 46 40 
25320	0	7	81 41 40 
25320	0	7	91 43 60 
25320	0	7	91 48 7f 
25344	24	10	84 2e 40 
25344	0	7	81 48 40 
25344	0	7	81 2e 40 
25344	0	7	81 3c 40 
25344	0	7	81 43 40 
25344	0	6	80 4f 40 
25344	0	11	99 31 50 
25344	0	10	94 2c 7f 
25344	0	9	93 3e 70 
25344	0	8	92 46 30 
25344	0	8	92 4a 40 
25344	0	7	91 3c 60 
25344	0	7	91 38 60 
25344	0	7	91 4a 7f 
25344	0	7	91 2c 60 
25392	48	8	82 4a 40 
25392	0	8	82 46 40 
25392	0	7	81 38 40 
25392	0	7	81 3c 40 
25392	0	8	92 48 30 
25392	0	8	92 4b 40 
25440	48	9	83 3e 40 
25440	0	8	82 4b 40 
25440	0	8	82 48 40 
25440	0	7	81 4a 40 
25440	0	9	93 3f 70 
25440	0	8	92 44 30 
25440	0	8	92 48 40 
25440	0	7	91 38 48 
25440	0	7	91 3c 48 
25440	0	7	91 4b 7f 
25488	48	8	82 48 40 
25488	0	8	82 44 40 
25488	0	7	81 3c 40 
25488	0	7	81 38 40 
25488	0	8	92 3f 30 
25488	0	8	92 44 40 
25536	48	10	84 2c 40 
25536	0	9	83 3f 40 
25536	0	8	82 44 40 
25536	0	8	82 3f 40 
25536	0	7	81 4b 40 
25536	0	7	81 2c 40 
25536	0	9	93 3c 70 
25536	0	8	92 3c 30 
25536	0	8	92 3f 40 
25536	0	7	91 38 48 
25536	0	7	91 3c 48 
25536	0	7	91 48 7f 
25584	48	8	82 3f 40 
25584	0	8	82 3c 40 
25584	0	7	81 3c 40 
25584	0	7	81 38 40 
25584	0	8	92 3f 30 
25584	0	8	92 44 40 
25632	48	8	82 44 40 
25632	0	8	82 3f 40 
25632	0	10	94 2c 7f 
25632	0	8	92 46 30 
25632	0	8	92 4a 40 
25632	0	7	91 38 48 
25632	0	7	91 3c 48 
25632	0	7	91 2c 60 
25680	48	10	84 2c 40 
25680	0	8	82 4a 40 
25680	0	8	82 46 40 
25680	0	7	81 2c 40 
25680	0	7	81 3c 40 
25680	0	7	81 38 40 
25680	0	10	94 2c 7f 
25680	0	8	92 48 30 
25680	0	8	92 4b 40 
25680	0	7	91 2c 60 
25728	48	11	89 31 40 
25728	0	10	84 2c 40 
25728	0	8	82 4b 40 
25728	0	8	82 48 40 
25728	0	7	81 2c 40 
25728	0	10	94 2c 7f 
25728	0	8	92 46 30 
25728	0	8	92 4a 40 
25728	0	7	91 38 60 
25728	0	7	91 3c 60 
25728	0	7	91 2c 60 
25776	48	8	82 4a 40 
25776	0	8	82 46 40 
25776	0	7	81 3c 40 
25776	0	7	81 38 40 
25776	0	8	92 48 30 
25776	0	8	92 4b 40 
25824	48	9	83 3c 40 
25824	0	8	82 4b 40 
25824	0	8	82 48 40 
25824	0	7	81 48 40 
25824	0	9	93 33 70 
25824	0	8	92 44 30 
25824	0	8	92 48 40 
25824	0	7	91 38 48 
25824	0	7	91 3c 48 
25824	0	7	91 3f 7f 
25872	48	8	82 48 40 
25872	0	8	82 44 40 
25872	0	7	81 3c 40 
25872	0	7	81 38 40 
25872	0	8	92 3f 30 
25872	0	8	92 44 40 
25920	48	10	84 2c 40 
25920	0	9	83 33 40 
25920	0	8	82 44 40 
25920	0	8	82 3f 40 
25920	0	7	81 3f 40 
25920	0	7	81 2c 40 
25920	0	11	99 36 7f 
25920	0	9	93 35 70 
25920	0	8	92 3c 30 
25920	0	8	92 3f 40 
25920	0	7	91 38 48 
25920	0	7	91 3c 48 
25920	0	7	91 41 7f 
25968	48	8	82 3f 40 
25968	0	8	82 3c 40 
25968	0	7	81 3c 40 
25968	0	7	81 38 40 
25968	0	8	92 3f 30 
25968	0	8	92 44 40 
26016	48	9	83 35 40 
26016	0	8	82 44 40 
26016	0	8	82 3f 40 
26016	0	7	81 41 40 
26016	0	9	93 33 70 
26016	0	8	92 44 30 
26016	0	8	92 48 40 
26016	0	7	91 38 48 
26016	0	7	91 3c 48 
26016	0	7	91 3f 7f 
26064	48	8	82 48 40 
26064	0	8	82 44 40 
26064	0	7	81 3c 40 
26064	0	7	81 38 40 
26064	0	8	92 48 30 
26064	0	8	92 4b 40 
26112	48	11	89 36 40 
26112	0	9	83 33 40 
26112	0	8	82 4b 40 
26112	0	8	82 48 40 
26112	0	7	81 3f 40 
26112	0	10	94 33 7f 
26112	0	9	93 37 70 
26112	0	8	92 44 30 
26112	0	8	92 48 40 
26112	0	7	91 37 60 
26112	0	7	91 3a 60 
26112	0	7	91 43 7f 
26112	0	7	91 33 60 
26160	48	8	82 48 40 
26160	0	8	82 44 40 
26160	0	7	81 3a 40 
26160	0	7	81 37 40 
26160	0	8	92 46 30 
26160	0	8	92 4a 40 
26208	48	9	83 37 40 
26208	0	8	82 4a 40 
26208	0	8	82 46 40 
26208	0	7	81 43 40 
26208	0	9	93 3a 70 
26208	0	8	92 43 30 
26208	0	8	92 46 40 
26208	0	7	91 37 48 
26208	0	7	91 3a 48 
26208	0	7	91 46 7f 
26256	48	8	82 46 40 
26256	0	8	82 43 40 
26256	0	7	81 3a 40 
26256	0	7	81 37 40 
26256	0	8	92 3f 30 
26256	0	8	92 43 40 
26304	48	10	84 33 40 
26304	0	9	83 3a 40 
26304	0	8	82 43 40 
26304	0	8	82 3f 40 
26304	0	7	81 46 40 
26304	0	7	81 33 40 
26304	0	9	93 3a 70 
26304	0	8	92 3a 30 
26304	0	8	92 3f 40 
26304	0	7	91 37 48 
26304	0	7	91 3a 48 
26304	0	7	91 46 7f 
26352	48	8	82 3f 40 
26352	0	8	82 3a 40 
26352	0	7	81 3a 40 
26352	0	7	81 37 40 
26352	0	8	92 3f 30 
26352	0	8	92 43 40 
26400	48	8	82 43 40 
26400	0	8	82 3f 40 
26400	0	10	94 33 7f 
26400	0	8	92 44 30 
26400	0	8	92 48 40 
26400	0	7	91 37 48 
26400	0	7	91 3a 48 
26400	0	7	91 33 60 
26448	48	10	84 33 40 
26448	0	8	82 48 40 
26448	0	8	82 44 40 
26448	0	7	81 33 40 
26448	0	7	81 3a 40 
26448	0	7	81 37 40 
26448	0	10	94 33 7f 
26448	0	8	92 46 30 
26448	0	8	92 4a 40 
26448	0	7	91 33 60 
26496	48	10	84 33 40 
26496	0	8	82 4a 40 
26496	0	8	82 46 40 
26496	0	7	81 33 40 
26496	0	10	94 33 7f 
26496	0	8	92 44 30 
26496	0	8	92 48 40 
26496	0	7	91 37 60 
26496	0	7	91 3a 60 
26496	0	7	91 33 60 
26544	48	8	82 48 40 
26544	0	8	82 44 40 
26544	0	7	81 3a 40 
26544	0	7	81 37 40 
26544	0	8	92 46 30 
26544	0	8	92 4a 40 
26592	48	8	82 4a 40 
26592	0	8	82 46 40 
26592	0	8	92 43 30 
26592	0	8	92 46 40 
26592	0	7	91 37 48 
26592	0	7	91 3a 48 
26640	48	8	82 46 40 
26640	0	8	82 43 40 
26640	0	7	81 3a 40 
26640	0	7	81 37 40 
26640	0	8	92 3f 30 
26640	0	8	92 43 40 
26688	48	10	84 33 40 
26688	0	8	82 43 40 
26688	0	8	82 3f 40 
26688	0	7	81 33 40 
26688	0	11	99 36 7f 
26688	0	8	92 3a 30 
26688	0	8	92 3f 40 
26688	0	7	91 37 48 
26688	0	7	91 3a 48 
26736	48	8	82 3f 40 
26736	0	8	82 3a 40 
26736	0	7	81 3a 40 
26736	0	7	81 37 40 
26736	0	8	92 3f 30 
26736	0	8	92 43 40 
26784	48	8	82 43 40 
26784	0	8	82 3f 40 
26784	0	8	92 43 30 
26784	0	8	92 46 40 
26784	0	7	91 37 48 
26784	0	7	91 3a 48 
26832	48	8	82 46 40 
26832	0	8	82 43 40 
26832	0	7	81 3a 40 
26832	0	7	81 37 40 
26832	0	8	92 46 30 
26832	0	8	92 48 40 
26880	48	11	89 36 40 
26880	0	9	83 3a 40 
26880	0	8	82 48 40 
26880	0	8	82 46 40 
26880	0	7	81 46 40 
26880	0	10	94 2c 7f 
26880	0	9	93 3e 70 
26880	0	8	92 46 30 
26880	0	8	92 4a 40 
26880	0	7	91 3c 60 
26880	0	7	91 38 60 
26880	0	7	91 4a 7f 
26880	0	7	91 2c 60 
26928	48	8	82 4a 40 
26928	0	8	82 46 40 
26928	0	7	81 38 40 
26928	0	7	81 3c 40 
26928	0	8	92 48 30 
26928	0	8	92 4b 40 
26976	48	9	83 3e 40 
26976	0	8	82 4b 40 
26976	0	8	82 48 40 
26976	0	7	81 4a 40 
26976	0	9	93 3f 70 
26976	0	8	92 44 30 
26976	0	8	92 48 40 
26976	0	7	91 38 48 
26976	0	7	91 3c 48 
26976	0	7	91 4b 7f 
27024	48	8	82 48 40 
27024	0	8	82 44 40 
27024	0	7	81 3c 40 
27024	0	7	81 38 40 
27024	0	8	92 3f 30 
27024	0	8	92 44 40 
27072	48	10	84 2c 40 
27072	0	9	83 3f 40 
27072	0	8	82 44 40 
27072	0	8	82 3f 40 
27072	0	7	81 4b 40 
27072	0	7	81 2c 40 
27072	0	9	93 3c 70 
27072	0	8	92 3c 30 
27072	0	8	92 3f 40 
27072	0	7	91 38 48 
27072	0	7	91 3c 48 
27072	0	7	91 48 7f 
27120	48	8	82 3f 40 
27120	0	8	82 3c 40 
27120	0	7	81 3c 40 
27120	0	7	81 38 40 
27120	0	8	92 3f 30 
27120	0	8	92 44 40 
27168	48	8	82 44 40 
27168	0	8	82 3f 40 
27168	0	10	94 2c 7f 
27168	0	8	92 46 30 
27168	0	8	92 4a 40 
27168	0	7	91 38 48 
27168	0	7	91 3c 48 
27168	0	7	91 2c 60 
27216	48	10	84 2c 40 
27216	0	8	82 4a 40 
27216	0	8	82 46 40 
27216	0	7	81 2c 40 
27216	0	7	81 3c 40 
27216	0	7	81 38 40 
27216	0	10	94 2c 7f 
27216	0	8	92 48 30 
27216	0	8	92 4b 40 
27216	0	7	91 2c 60 
27264	48	10	84 2c 40 
27264	0	9	83 3c 40 
27264	0	8	82 4b 40 
27264	0	8	82 48 40 
27264	0	7	81 2c 40 
27264	0	7	81 48 40 
27264	0	10	94 2c 7f 
27264	0	9	93 41 70 
27264	0	8	92 46 30 
27264	0	8	92 4a 40 
27264	0	7	91 38 60 
27264	0	7	91 3c 60 
27264	0	7	91 4d 7f 
27264	0	7	91 2c 60 
27312	48	8	82 4a 40 
27312	0	8	82 46 40 
27312	0	7	81 3c 40 
27312	0	7	81 38 40 
27312	0	8	92 48 30 
27312	0	8	92 4b 40 
27360	48	8	82 4b 40 
27360	0	8	82 48 40 
27360	0	8	92 44 30 
27360	0	8	92 48 40 
27360	0	7	91 38 48 
27360	0	7	91 3c 48 
27408	48	8	82 48 40 
27408	0	8	82 44 40 
27408	0	7	81 3c 40 
27408	0	7	81 38 40 
27408	0	8	92 3f 30 
27408	0	8	92 44 40 
27456	48	10	84 2c 40 
27456	0	9	83 41 40 
27456	0	8	82 44 40 
27456	0	8	82 3f 40 
27456	0	7	81 2c 40 
27456	0	7	81 4d 40 
27456	0	11	99 36 7f 
27456	0	9	93 3f 70 
27456	0	8	92 3c 30 
27456	0	8	92 3f 40 
27456	0	7	91 38 48 
27456	0	7	91 3c 48 
27456	0	7	91 4b 7f 
27504	48	8	82 3f 40 
27504	0	8	82 3c 40 
27504	0	7	81 3c 40 
27504	0	7	81 38 40 
27504	0	8	92 3f 30 
27504	0	8	92 44 40 
27552	48	9	83 3f 40 
27552	0	8	82 44 40 
27552	0	8	82 3f 40 
27552	0	7	81 4b 40 
27552	0	9	93 3e 70 
27552	0	8	92 44 30 
27552	0	8	92 48 40 
27552	0	7	91 38 48 
27552	0	7	91 3c 48 
27552	0	7	91 4a 7f 
27600	48	8	82 48 40 
27600	0	8	82 44 40 
27600	0	7	81 3c 40 
27600	0	7	81 38 40 
27600	0	8	92 48 30 
27600	0	8	92 4b 40 
27648	48	11	89 36 40 
27648	0	9	83 3e 40 
27648	0	8	82 4b 40 
27648	0	8	82 48 40 
27648	0	7	81 4a 40 
27648	0	10	94 33 7f 
27648	0	9	93 3c 70 
27648	0	8	92 44 30 
27648	0	8	92 48 40 
27648	0	7	91 37 60 
27648	0	7	91 3a 60 
27648	0	7	91 48 7f 
27648	0	7	91 33 60 
27696	48	8	82 48 40 
27696	0	8	82 44 40 
27696	0	7	81 3a 40 
27696	0	7	81 37 40 
27696	0	8	92 46 30 
27696	0	8	92 4a 40 
27744	48	8	82 4a 40 
27744	0	8	82 46 40 
27744	0	8	92 43 30 
27744	0	8	92 46 40 
27744	0	7	91 37 48 
27744	0	7	91 3a 48 
27792	48	8	82 46 40 
27792	0	8	82 43 40 
27792	0	7	81 3a 40 
27792	0	7	81 37 40 
27792	0	8	92 3f 30 
27792	0	8	92 43 40 
27840	48	10	84 33 40 
27840	0	9	83 3c 40 
27840	0	8	82 43 40 
27840	0	8	82 3f 40 
27840	0	7	81 33 40 
27840	0	7	81 48 40 
27840	0	9	93 3a 70 
27840	0	8	92 3a 30 
27840	0	8	92 3f 40 
27840	0	7	91 37 48 
27840	0	7	91 3a 48 
27840	0	7	91 46 7f 
27888	48	8	82 3f 40 
27888	0	8	82 3a 40 
27888	0	7	81 3a 40 
27888	0	7	81 37 40 
27888	0	8	92 3f 30 
27888	0	8	92 43 40 
27936	48	8	82 43 40 
27936	0	8	82 3f 40 
27936	0	10	94 33 7f 
27936	0	8	92 44 30 
27936	0	8	92 48 40 
27936	0	7	91 37 48 
27936	0	7	91 3a 48 
27936	0	7	91 33 60 
27984	48	10	84 33 40 
27984	0	8	82 48 40 
27984	0	8	82 44 40 
27984	0	7	81 33 40 
27984	0	7	81 3a 40 
27984	0	7	81 37 40 
27984	0	10	94 33 7f 
27984	0	8	92 46 30 
27984	0	8	92 4a 40 
27984	0	7	91 33 60 
28032	48	10	84 33 40 
28032	0	8	82 4a 40 
28032	0	8	82 46 40 
28032	0	7	81 33 40 
28032	0	10	94 33 7f 
28032	0	8	92 44 30 
28032	0	8	92 48 40 
28032	0	7	91 37 60 
28032	0	7	91 3a 60 
28032	0	7	91 33 60 
28080	48	8	82 48 40 
28080	0	8	82 44 40 
28080	0	7	81 3a 40 
28080	0	7	81 37 40 
28080	0	8	92 46 30 
28080	0	8	92 4a 40 
28128	48	8	82 4a 40 
28128	0	8	82 46 40 
28128	0	8	92 43 30 
28128	0	8	92 46 40 
28128	0	7	91 37 48 
28128	0	7	91 3a 48 
28176	48	8	82 46 40 
28176	0	8	82 43 40 
28176	0	7	81 3a 40 
28176	0	7	81 37 40 
28176	0	8	92 3f 30 
28176	0	8	92 43 40 
28224	48	10	84 33 40 
28224	0	8	82 43 40 
28224	0	8	82 3f 40 
28224	0	7	81 33 40 
28224	0	11	99 36 7f 
28224	0	8	92 3a 30 
28224	0	8	92 3f 40 
28224	0	7	91 37 48 
28224	0	7	91 3a 48 
28272	48	8	82 3f 40 
28272	0	8	82 3a 40 
28272	0	7	81 3a 40 
28272	0	7	81 37 40 
28272	0	8	92 3f 30 
28272	0	8	92 43 40 
28320	48	8	82 43 40 
28320	0	8	82 3f 40 
28320	0	8	92 43 30 
28320	0	8	92 46 40 
28320	0	7	91 37 48 
28320	0	7	91 3a 48 
28368	48	8	82 46 40 
28368	0	8	82 43 40 
28368	0	7	81 3a 40 
28368	0	7	81 37 40 
28368	0	8	92 48 40 
28368	0	8	92 46 30 
28416	48	11	89 36 40 
28416	0	9	83 3a 40 
28416	0	8	82 46 40 
28416	0	8	82 48 40 
28416	0	7	81 46 40 
28416	0	11	99 31 50 
28416	0	10	94 2c 7f 
28416	0	9	93 3e 70 
28416	0	8	92 46 30 
28416	0	8	92 4a 40 
28416	0	7	91 3c 60 
28416	0	7	91 38 60 
28416	0	7	91 4a 7f 
28416	0	7	91 2c 60 
28464	48	8	82 4a 40 
28464	0	8	82 46 40 
28464	0	7	81 38 40 
28464	0	7	81 3c 40 
28464	0	8	92 48 30 
28464	0	8	92 4b 40 
28512	48	9	83 3e 40 
28512	0	8	82 4b 40 
28512	0	8	82 48 40 
28512	0	7	81 4a 40 
28512	0	9	93 3f 70 
28512	0	8	92 44 30 
28512	0	8	92 48 40 
28512	0	7	91 38 48 
28512	0	7	91 3c 48 
28512	0	7	91 4b 7f 
28560	48	8	82 48 40 
28560	0	8	82 44 40 
28560	0	7	81 3c 40 
28560	0	7	81 38 40 
28560	0	8	92 3f 30 
28560	0	8	92 44 40 
28608	48	10	84 2c 40 
28608	0	9	83 3f 40 
28608	0	8	82 44 40 
28608	0	8	82 3f 40 
28608	0	7	81 4b 40 
28608	0	7	81 2c 40 
28608	0	9	93 3c 70 
28608	0	8	92 3c 30 
28608	0	8	92 3f 40 
28608	0	7	91 38 48 
28608	0	7	91 3c 48 
28608	0	7	91 48 7f 
28656	48	8	82 3f 40 
28656	0	8	82 3c 40 
28656	0	7	81 3c 40 
28656	0	7	81 38 40 
28656	0	8	92 3f 30 
28656	0	8	92 44 40 
28704	48	8	82 44 40 
28704	0	8	82 3f 40 
28704	0	10	94 2c 7f 
28704	0	8	92 46 30 
28704	0	8	92 4a 40 
28704	0	7	91 38 48 
28704	0	7	91 3c 48 
28704	0	7	91 2c 60 
28752	48	10	84 2c 40 
28752	0	8	82 4a 40 
28752	0	8	82 46 40 
28752	0	7	81 2c 40 
28752	0	7	81 3c 40 
28752	0	7	81 38 40 
28752	0	10	94 2c 7f 
28752	0	8	92 48 30 
28752	0	8	92 4b 40 
28752	0	7	91 2c 60 
28800	48	11	89 31 40 
28800	0	10	84 2c 40 
28800	0	8	82 4b 40 
28800	0	8	82 48 40 
28800	0	7	81 2c 40 
28800	0	10	94 2c 7f 
28800	0	8	92 46 30 
28800	0	8	92 4a 40 
28800	0	7	91 38 60 
28800	0	7	91 3c 60 
28800	0	7	91 2c 60 
28848	48	8	82 4a 40 
28848	0	8	82 46 40 
28848	0	7	81 3c 40 
28848	0	7	81 38 40 
28848	0	8	92 48 30 
28848	0	8	92 4b 40 
28896	48	9	83 3c 40 
28896	0	8	82 4b 40 
28896	0	8	82 48 40 
28896	0	7	81 48 40 
28896	0	9	93 33 70 
28896	0	8	92 44 30 
28896	0	8	92 48 40 
28896	0	7	91 38 48 
28896	0	7	91 3c 48 
28896	0	7	91 3f 7f 
28944	48	8	82 48 40 
28944	0	8	82 44 40 
28944	0	7	81 3c 40 
28944	0	7	81 38 40 
28944	0	8	92 3f 30 
28944	0	8	92 44 40 
28992	48	10	84 2c 40 
28992	0	9	83 33 40 
28992	0	8	82 44 40 
28992	0	8	82 3f 40 
28992	0	7	81 3f 40 
28992	0	7	81 2c 40 
28992	0	11	99 36 7f 
28992	0	9	93 35 70 
28992	0	8	92 3c 30 
28992	0	8	92 3f 40 
28992	0	7	91 38 48 
28992	0	7	91 3c 48 
28992	0	7	91 41 7f 
29040	48	8	82 3f 40 
29040	0	8	82 3c 40 
29040	0	7	81 3c 40 
29040	0	7	81 38 40 
29040	0	8	92 3f 30 
29040	0	8	92 44 40 
29088	48	9	83 35 40 
29088	0	8	82 44 40 
29088	0	8	82 3f 40 
29088	0	7	81 41 40 
29088	0	9	93 33 70 
29088	0	8	92 44 30 
29088	0	8	92 48 40 
29088	0	7	91 38 48 
29088	0	7	91 3c 48 
29088	0	7	91 3f 7f 
29136	48	8	82 48 40 
29136	0	8	82 44 40 
29136	0	7	81 3c 40 
29136	0	7	81 38 40 
29136	0	8	92 48 30 
29136	0	8	92 4b 40 
29184	48	11	89 36 40 
29184	0	9	83 33 40 
29184	0	8	82 4b 40 
29184	0	8	82 48 40 
29184	0	7	81 3f 40 
29184	0	10	94 33 7f 
29184	0	9	93 37 70 
29184	0	8	92 44 30 
29184	0	8	92 48 40 
29184	0	7	91 37 60 
29184	0	7	91 3a 60 
29184	0	7	91 43 7f 
29184	0	7	91 33 60 
29232	48	8	82 48 40 
29232	0	8	82 44 40 
29232	0	7	81 3a 40 
29232	0	7	81 37 40 
29232	0	8	92 46 30 
29232	0	8	92 4a 40 
29280	48	9	83 37 40 
29280	0	8	82 4a 40 
29280	0	8	82 46 40 
29280	0	7	81 43 40 
29280	0	9	93 3a 70 
29280	0	8	92 43 30 
29280	0	8	92 46 40 
29280	0	7	91 37 48 
29280	0	7	91 3a 48 
29280	0	7	91 46 7f 
29328	48	8	82 46 40 
29328	0	8	82 43 40 
29328	0	7	81 3a 40 
29328	0	7	81 37 40 
29328	0	8	92 3f 30 
29328	0	8	92 43 40 
29376	48	10	84 33 40 
29376	0	9	83 3a 40 
29376	0	8	82 43 40 
29376	0	8	82 3f 40 
29376	0	7	81 46 40 
29376	0	7	81 33 40 
29376	0	9	93 3a 70 
29376	0	8	92 3a 30 
29376	0	8	92 3f 40 
29376	0	7	91 37 48 
29376	0	7	91 3a 48 
29376	0	7	91 46 7f 
29424	48	8	82 3f 40 
29424	0	8	82 3a 40 
29424	0	7	81 3a 40 
29424	0	7	81 37 40 
29424	0	8	92 3f 30 
29424	0	8	92 43 40 
29472	48	8	82 43 40 
29472	0	8	82 3f 40 
29472	0	10	94 33 7f 
29472	0	8	92 44 30 
29472	0	8	92 48 40 
29472	0	7	91 37 48 
29472	0	7	91 3a 48 
29472	0	7	91 33 60 
29520	48	10	84 33 40 
29520	0	8	82 48 40 
29520	0	8	82 44 40 
29520	0	7	81 33 40 
29520	0	7	81 3a 40 
29520	0	7	81 37 40 
29520	0	10	94 33 7f 
29520	0	8	92 46 30 
29520	0	8	92 4a 40 
29520	0	7	91 33 60 
29568	48	10	84 33 40 
29568	0	8	82 4a 40 
29568	0	8	82 46 40 
29568	0	7	81 33 40 
29568	0	10	94 33 7f 
29568	0	8	92 44 30 
29568	0	8	92 48 40 
29568	0	7	91 37 60 
29568	0	7	91 3a 60 
29568	0	7	91 33 60 
29616	48	8	82 48 40 
29616	0	8	82 44 40 
29616	0	7	81 3a 40 
29616	0	7	81 37 40 
29616	0	8	92 46 30 
29616	0	8	92 4a 40 
29664	48	8	82 4a 40 
29664	0	8	82 46 40 
29664	0	8	92 43 30 
29664	0	8	92 46 40 
29664	0	7	91 37 48 
29664	0	7	91 3a 48 
29712	48	8	82 46 40 
29712	0	8	82 43 40 
29712	0	7	81 3a 40 
29712	0	7	81 37 40 
29712	0	8	92 3f 30 
29712	0	8	92 43 40 
29760	48	10	84 33 40 
29760	0	8	82 43 40 
29760	0	8	82 3f 40 
29760	0	7	81 33 40 
29760	0	11	99 36 7f 
29760	0	8	92 3a 30 
29760	0	8	92 3f 40 
29760	0	7	91 37 48 
29760	0	7	91 3a 48 
29808	48	8	82 3f 40 
29808	0	8	82 3a 40 
29808	0	7	81 3a 40 
29808	0	7	81 37 40 
29808	0	8	92 3f 30 
29808	0	8	92 43 40 
29856	48	8	82 43 40 
29856	0	8	82 3f 40 
29856	0	8	92 43 30 
29856	0	8	92 46 40 
29856	0	7	91 37 48 
29856	0	7	91 3a 48 
29904	48	8	82 46 40 
29904	0	8	82 43 40 
29904	0	7	81 3a 40 
29904	0	7	81 37 40 
29904	0	8	92 4a 40 
29904	0	8	92 46 30 
29952	48	11	89 36 40 
29952	0	9	83 3a 40 
29952	0	8	82 46 40 
29952	0	8	82 4a 40 
29952	0	7	81 46 40 
29952	0	10	94 2f 7f 
29952	0	9	93 3a 70 
29952	0	7	91 33 50 
29952	0	7	91 36 50 
29952	0	7	91 46 7f 
29952	0	7	91 2f 60 
29952	0	8	ff 2f 0 
30000	48	7	81 36 40 
30000	0	7	81 33 40 
30000	0	7	91 36 60 
30000	0	7	91 3b 60 
30048	48	9	83 3a 40 
30048	0	7	81 3b 40 
30048	0	7	81 46 40 
30048	0	7	81 36 40 
30048	0	9	93 3b 70 
30048	0	7	91 3b 70 
30048	0	7	91 3f 70 
30048	0	7	91 47 7f 
30096	48	7	81 3f 40 
30096	0	7	81 3b 40 
30096	0	7	91 36 60 
30096	0	7	91 3b 60 
30144	48	10	84 2f 40 
30144	0	9	83 3b 40 
30144	0	7	81 3b 40 
30144	0	7	81 47 40 
30144	0	7	81 2f 40 
30144	0	7	81 36 40 
30144	0	9	93 38 70 
30144	0	7	91 33 50 
30144	0	7	91 36 50 
30144	0	7	91 44 7f 
30192	48	7	81 36 40 
30192	0	7	81 33 40 
30192	0	7	91 36 60 
30192	0	7	91 3b 60 
30240	48	7	81 3b 40 
30240	0	7	81 36 40 
30240	0	10	94 2f 7f 
30240	0	7	91 3b 70 
30240	0	7	91 3f 70 
30240	0	7	91 2f 60 
30288	48	10	84 2f 40 
30288	0	7	81 2f 40 
30288	0	7	81 3f 40 
30288	0	7	81 3b 40 
30288	0	10	94 2f 7f 
30288	0	7	91 36 60 
30288	0	7	91 3b 60 
30288	0	7	91 2f 60 
30336	48	10	84 2f 40 
30336	0	7	81 2f 40 
30336	0	7	81 3b 40 
30336	0	7	81 36 40 
30336	0	10	94 34 7f 
30336	0	7	91 34 50 
30336	0	7	91 38 50 
30336	0	7	91 34 60 
30384	48	7	81 34 40 
30384	0	7	81 38 40 
30384	0	7	91 38 60 
30384	0	7	91 3b 60 
30432	48	7	81 3b 40 
30432	0	7	81 38 40 
30432	0	7	91 3b 70 
30432	0	7	91 40 70 
30480	48	7	81 40 40 
30480	0	7	81 3b 40 
30480	0	7	91 38 60 
30480	0	7	91 3b 60 
30528	48	10	84 34 40 
30528	0	9	83 38 40 
30528	0	7	81 3b 40 
30528	0	7	81 34 40 
30528	0	7	81 44 40 
30528	0	7	81 38 40 
30528	0	11	99 36 7f 
30528	0	9	93 36 70 
30528	0	7	91 34 50 
30528	0	7	91 38 50 
30528	0	7	91 42 7f 
30576	48	7	81 38 40 
30576	0	7	81 34 40 
30576	0	7	91 38 60 
30576	0	7	91 3b 60 
30624	48	9	83 36 40 
30624	0	7	81 3b 40 
30624	0	7	81 42 40 
30624	0	7	81 38 40 
30624	0	9	93 38 70 
30624	0	7	91 3b 70 
30624	0	7	91 40 70 
30624	0	7	91 44 7f 
30672	48	7	81 40 40 
30672	0	7	81 3b 40 
30672	0	7	91 38 60 
30672	0	7	91 3b 60 
30720	48	11	89 36 40 
30720	0	9	83 38 40 
30720	0	7	81 3b 40 
30720	0	7	81 44 40 
30720	0	7	81 38 40 
30720	0	10	94 2e 7f 
30720	0	9	93 3a 70 
30720	0	7	91 32 50 
30720	0	7	91 35 50 
30720	0	7	91 46 7f 
30720	0	7	91 2e 60 
30768	48	7	81 35 40 
30768	0	7	81 32 40 
30768	0	7	91 35 60 
30768	0	7	91 3a 60 
30816	48	7	81 3a 40 
30816	0	7	81 35 40 
30816	0	7	91 3a 70 
30816	0	7	91 3e 70 
30864	48	7	81 3e 40 
30864	0	7	81 3a 40 
30864	0	7	91 35 60 
30864	0	7	91 3a 60 
30912	48	10	84 2e 40 
30912	0	7	81 3a 40 
30912	0	7	81 2e 40 
30912	0	7	81 35 40 
30912	0	7	91 32 50 
30912	0	7	91 35 50 
30960	48	7	81 35 40 
30960	0	7	81 32 40 
30960	0	7	91 35 60 
30960	0	7	91 3a 60 
31008	48	6	e0 7f 7f 
31008	0	7	81 3a 40 
31008	0	7	81 35 40 
31008	0	10	94 2e 7f 
31008	0	7	91 3a 70 
31008	0	7	91 41 70 
31008	0	7	91 2e 60 
31056	48	10	84 2e 40 
31056	0	7	81 2e 40 
31056	0	7	81 41 40 
31056	0	7	81 3a 40 
31056	0	10	94 2e 7f 
31056	0	7	91 35 60 
31056	0	7	91 3a 60 
31056	0	7	91 2e 60 
31104	48	10	84 2e 40 
31104	0	7	81 2e 40 
31104	0	7	81 3a 40 
31104	0	7	81 35 40 
31104	0	10	94 2e 7f 
31104	0	7	91 32 50 
31104	0	7	91 35 50 
31104	0	7	91 2e 60 
31104	0	6	90 4f 60 
31112	8	6	e0 55 6a 
31120	8	6	e0 2b 55 
31128	8	6	e0 0 40 
31152	24	7	81 35 40 
31152	0	7	81 32 40 
31152	0	7	91 35 60 
31152	0	7	91 3a 60 
31200	48	7	81 3a 40 
31200	0	7	81 35 40 
31200	0	7	91 3a 70 
31200	0	7	91 3e 70 
31248	48	7	81 3e 40 
31248	0	7	81 3a 40 
31248	0	7	91 35 60 
31248	0	7	91 3a 60 
31296	48	6	e0 7f 7f 
31296	0	10	84 2e 40 
31296	0	7	81 3a 40 
31296	0	7	81 2e 40 
31296	0	7	81 35 40 
31296	0	6	80 4f 40 
31296	0	11	99 36 7f 
31296	0	7	91 32 50 
31296	0	7	91 35 50 
31296	0	6	90 54 60 
31304	8	6	e0 55 6a 
31312	8	6	e0 2b 55 
31320	8	6	e0 0 40 
31344	24	7	81 35 40 
31344	0	7	81 32 40 
31344	0	7	91 35 60 
31344	0	7	91 3a 60 
31392	48	7	81 3a 40 
31392	0	7	81 35 40 
31392	0	7	91 3a 70 
31392	0	7	91 41 70 
31440	48	7	81 41 40 
31440	0	7	81 3a 40 
31440	0	7	91 35 60 
31440	0	7	91 3a 60 
31488	48	6	e0 7f 7f 
31488	0	11	89 36 40 
31488	0	9	83 3a 40 
31488	0	7	81 3a 40 
31488	0	7	81 46 40 
31488	0	7	81 35 40 
31488	0	6	80 54 40 
31488	0	10	94 30 7f 
31488	0	7	91 46 60 
31488	0	7	91 3c 70 
31488	0	7	91 43 70 
31488	0	7	91 30 60 
31488	0	6	90 52 60 
31488	0	9	ff 2f 0 
31496	8	6	e0 55 6a 
31504	8	6	e0 2b 55 
31512	8	6	e0 0 40 
31536	24	7	81 43 40 
31536	0	7	81 3c 40 
31536	0	7	81 46 40 
31544	8	6	b0 7 7e 
31544	0	7	b1 7 7e 
31544	0	10	b4 7 7e 
31544	0	11	b9 7 7e 
31584	40	7	91 46 40 
31584	0	7	91 3c 60 
31584	0	7	91 43 60 
31592	8	6	b0 7 7d 
31592	0	7	b1 7 7d 
31592	0	10	b4 7 7d 
31592	0	11	b9 7 7d 
31632	40	7	81 43 40 
31632	0	7	81 3c 40 
31632	0	7	81 46 40 
31640	8	6	b0 7 7c 
31640	0	7	b1 7 7c 
31640	0	10	b4 7 7c 
31640	0	11	b9 7 7c 
31680	40	10	84 30 40 
31680	0	7	81 30 40 
31680	0	7	91 46 40 
31680	0	7	91 3c 60 
31680	0	7	91 43 60 
31688	8	6	b0 7 7b 
31688	0	7	b1 7 7b 
31688	0	10	b4 7 7b 
31688	0	11	b9 7 7b 
31728	40	7	81 43 40 
31728	0	7	81 3c 40 
31728	0	7	81 46 40 
31736	8	6	b0 7 7a 
31736	0	7	b1 7 7a 
31736	0	10	b4 7 7a 
31736	0	11	b9 7 7a 
31776	40	10	94 30 7f 
31776	0	7	91 46 40 
31776	0	7	91 3c 60 
31776	0	7	91 43 60 
31776	0	7	91 30 60 
31784	8	6	b0 7 79 
31784	0	7	b1 7 79 
31784	0	10	b4 7 79 
31784	0	11	b9 7 79 
31824	40	10	84 30 40 
31824	0	7	81 30 40 
31824	0	7	81 43 40 
31824	0	7	81 3c 40 
31824	0	7	81 46 40 
31824	0	10	94 30 7f 
31824	0	7	91 30 60 
31832	8	6	b0 7 78 
31832	0	7	b1 7 78 
31832	0	10	b4 7 78 
31832	0	11	b9 7 78 
31872	40	10	84 30 40 
31872	0	7	81 30 40 
31872	0	10	94 30 7f 
31872	0	7	91 46 60 
31872	0	7	91 3c 70 
31872	0	7	91 43 70 
31872	0	7	91 30 60 
31880	8	6	b0 7 77 
31880	0	7	b1 7 77 
31880	0	10	b4 7 77 
31880	0	11	b9 7 77 
31920	40	7	81 43 40 
31920	0	7	81 3c 40 
31920	0	7	81 46 40 
31928	8	6	b0 7 76 
31928	0	7	b1 7 76 
31928	0	10	b4 7 76 
31928	0	11	b9 7 76 
31968	40	6	80 52 40 
31968	0	7	91 46 40 
31968	0	7	91 3c 60 
31968	0	7	91 43 60 
31976	8	6	b0 7 75 
31976	0	7	b1 7 75 
31976	0	10	b4 7 75 
31976	0	11	b9 7 75 
32016	40	7	81 43 40 
32016	0	7	81 3c 40 
32016	0	7	81 46 40 
32024	8	6	b0 7 74 
32024	0	7	b1 7 74 
32024	0	10	b4 7 74 
32024	0	11	b9 7 74 
32064	40	6	e0 0 60 
32064	0	10	84 30 40 
32064	0	7	81 30 40 
32064	0	11	99 36 7f 
32064	0	7	91 46 40 
32064	0	7	91 3c 60 
32064	0	7	91 43 60 
32064	0	6	90 51 60 
32072	8	6	e0 2b 55 
32072	0	6	b0 7 73 
32072	0	7	b1 7 73 
32072	0	10	b4 7 73 
32072	0	11	b9 7 73 
32080	8	6	e0 56 4a 
32088	8	6	e0 0 40 
32112	24	7	81 43 40 
32112	0	7	81 3c 40 
32112	0	7	81 46 40 
32120	8	6	b0 7 72 
32120	0	7	b1 7 72 
32120	0	10	b4 7 72 
32120	0	11	b9 7 72 
32160	40	6	80 51 40 
32160	0	7	91 46 40 
32160	0	7	91 3c 60 
32160	0	7	91 43 60 
32160	0	6	90 4d 60 
32168	8	6	b0 7 71 
32168	0	7	b1 7 71 
32168	0	10	b4 7 71 
32168	0	11	b9 7 71 
32208	40	7	81 43 40 
32208	0	7	81 3c 40 
32208	0	7	81 46 40 
32216	8	6	b0 7 70 
32216	0	7	b1 7 70 
32216	0	10	b4 7 70 
32216	0	11	b9 7 70 
32256	40	6	e0 7f 7f 
32256	0	11	89 36 40 
32256	0	6	80 4d 40 
32256	0	10	94 30 7f 
32256	0	7	91 46 60 
32256	0	7	91 3c 70 
32256	0	7	91 43 70 
32256	0	7	91 30 60 
32256	0	6	90 4f 60 
32264	8	6	e0 55 6a 
32264	0	6	b0 7 6f 
32264	0	7	b1 7 6f 
32264	0	10	b4 7 6f 
32264	0	11	b9 7 6f 
32272	8	6	e0 2b 55 
32280	8	6	e0 0 40 
32304	24	7	81 43 40 
32304	0	7	81 3c 40 
32304	0	7	81 46 40 
32312	8	6	b0 7 6e 
32312	0	7	b1 7 6e 
32312	0	10	b4 7 6e 
32312	0	11	b9 7 6e 
32352	40	7	91 46 40 
32352	0	7	91 3c 60 
32352	0	7	91 43 60 
32360	8	6	b0 7 6d 
32360	0	7	b1 7 6d 
32360	0	10	b4 7 6d 
32360	0	11	b9 7 6d 
32400	40	7	81 43 40 
32400	0	7	81 3c 40 
32400	0	7	81 46 40 
32408	8	6	b0 7 6c 
32408	0	7	b1 7 6c 
32408	0	10	b4 7 6c 
32408	0	11	b9 7 6c 
32448	40	10	84 30 40 
32448	0	7	81 30 40 
32448	0	7	91 46 40 
32448	0	7	91 3c 60 
32448	0	7	91 43 60 
32456	8	6	b0 7 6b 
32456	0	7	b1 7 6b 
32456	0	10	b4 7 6b 
32456	0	11	b9 7 6b 
32496	40	7	81 43 40 
32496	0	7	81 3c 40 
32496	0	7	81 46 40 
32504	8	6	b0 7 6a 
32504	0	7	b1 7 6a 
32504	0	10	b4 7 6a 
32504	0	11	b9 7 6a 
32544	40	10	94 30 7f 
32544	0	7	91 46 40 
32544	0	7	91 3c 60 
32544	0	7	91 43 60 
32544	0	7	91 30 60 
32560	16	6	b0 7 69 
32560	0	7	b1 7 69 
32560	0	10	b4 7 69 
32560	0	11	b9 7 69 
32592	32	10	84 30 40 
32592	0	7	81 30 40 
32592	0	7	81 43 40 
32592	0	7	81 3c 40 
32592	0	7	81 46 40 
32592	0	10	94 30 7f 
32592	0	7	91 30 60 
32608	16	6	b0 7 68 
32608	0	7	b1 7 68 
32608	0	10	b4 7 68 
32608	0	11	b9 7 68 
32640	32	10	84 30 40 
32640	0	7	81 30 40 
32640	0	10	94 30 7f 
32640	0	7	91 46 60 
32640	0	7	91 3c 70 
32640	0	7	91 43 70 
32640	0	7	91 30 60 
32656	16	6	b0 7 67 
32656	0	7	b1 7 67 
32656	0	10	b4 7 67 
32656	0	11	b9 7 67 
32688	32	7	81 43 40 
32688	0	7	81 3c 40 
32688	0	7	81 46 40 
32704	16	6	b0 7 66 
32704	0	7	b1 7 66 
32704	0	10	b4 7 66 
32704	0	11	b9 7 66 
32736	32	6	80 4f 40 
32736	0	7	91 46 40 
32736	0	7	91 3c 60 
32736	0	7	91 43 60 
32752	16	6	b0 7 65 
32752	0	7	b1 7 65 
32752	0	10	b4 7 65 
32752	0	11	b9 7 65 
32784	32	7	81 43 40 
32784	0	7	81 3c 40 
32784	0	7	81 46 40 
32800	16	6	b0 7 64 
32800	0	7	b1 7 64 
32800	0	10	b4 7 64 
32800	0	11	b9 7 64 
32832	32	6	e0 7f 7f 
32832	0	10	84 30 40 
32832	0	7	81 30 40 
32832	0	11	99 36 7f 
32832	0	7	91 46 40 
32832	0	7	91 3c 60 
32832	0	7	91 43 60 
32832	0	6	90 4f 60 
32840	8	6	e0 55 6a 
32848	8	6	e0 2b 55 
32848	0	6	b0 7 63 
32848	0	7	b1 7 63 
32848	0	10	b4 7 63 
32848	0	11	b9 7 63 
32856	8	6	e0 0 40 
32880	24	7	81 43 40 
32880	0	7	81 3c 40 
32880	0	7	81 46 40 
32896	16	6	b0 7 62 
32896	0	7	b1 7 62 
32896	0	10	b4 7 62 
32896	0	11	b9 7 62 
32928	32	6	80 4f 40 
32928	0	7	91 46 40 
32928	0	7	91 3c 60 
32928	0	7	91 43 60 
32928	0	6	90 54 60 
32944	16	6	b0 7 61 
32944	0	7	b1 7 61 
32944	0	10	b4 7 61 
32944	0	11	b9 7 61 
32976	32	7	81 43 40 
32976	0	7	81 3c 40 
32976	0	7	81 46 40 
32992	16	6	b0 7 60 
32992	0	7	b1 7 60 
32992	0	10	b4 7 60 
32992	0	11	b9 7 60 
33024	32	6	e0 7f 7f 
33024	0	11	89 36 40 
33024	0	6	80 54 40 
33024	0	10	94 30 7f 
33024	0	7	91 46 60 
33024	0	7	91 3c 70 
33024	0	7	91 43 70 
33024	0	7	91 30 60 
33024	0	6	90 56 60 
33032	8	6	e0 55 6a 
33040	8	6	e0 2b 55 
33040	0	6	b0 7 5f 
33040	0	7	b1 7 5f 
33040	0	10	b4 7 5f 
33040	0	11	b9 7 5f 
33048	8	6	e0 0 40 
33072	24	7	81 43 40 
33072	0	7	81 3c 40 
33072	0	7	81 46 40 
33088	16	6	b0 7 5e 
33088	0	7	b1 7 5e 
33088	0	10	b4 7 5e 
33088	0	11	b9 7 5e 
33120	32	6	80 56 40 
33120	0	7	91 46 40 
33120	0	7	91 3c 60 
33120	0	7	91 43 60 
33120	0	6	90 52 60 
33136	16	6	b0 7 5d 
33136	0	7	b1 7 5d 
33136	0	10	b4 7 5d 
33136	0	11	b9 7 5d 
33168	32	7	81 43 40 
33168	0	7	81 3c 40 
33168	0	7	81 46 40 
33184	16	6	b0 7 5c 
33184	0	7	b1 7 5c 
33184	0	10	b4 7 5c 
33184	0	11	b9 7 5c 
33216	32	10	84 30 40 
33216	0	7	81 30 40 
33216	0	7	91 46 40 
33216	0	7	91 3c 60 
33216	0	7	91 43 60 
33232	16	6	b0 7 5b 
33232	0	7	b1 7 5b 
33232	0	10	b4 7 5b 
33232	0	11	b9 7 5b 
33264	32	7	81 43 40 
33264	0	7	81 3c 40 
33264	0	7	81 46 40 
33280	16	6	b0 7 5a 
33280	0	7	b1 7 5a 
33280	0	10	b4 7 5a 
33280	0	11	b9 7 5a 
33312	32	10	94 30 7f 
33312	0	7	91 46 40 
33312	0	7	91 3c 60 
33312	0	7	91 43 60 
33312	0	7	91 30 60 
33328	16	6	b0 7 59 
33328	0	7	b1 7 59 
33328	0	10	b4 7 59 
33328	0	11	b9 7 59 
33360	32	10	84 30 40 
33360	0	7	81 30 40 
33360	0	7	81 43 40 
33360	0	7	81 3c 40 
33360	0	7	81 46 40 
33360	0	10	94 30 7f 
33360	0	7	91 30 60 
33376	16	6	b0 7 58 
33376	0	7	b1 7 58 
33376	0	10	b4 7 58 
33376	0	11	b9 7 58 
33408	32	10	84 30 40 
33408	0	7	81 30 40 
33408	0	10	94 30 7f 
33408	0	7	91 46 60 
33408	0	7	91 3c 70 
33408	0	7	91 43 70 
33408	0	7	91 30 60 
33424	16	6	b0 7 57 
33424	0	7	b1 7 57 
33424	0	10	b4 7 57 
33424	0	11	b9 7 57 
33456	32	7	81 43 40 
33456	0	7	81 3c 40 
33456	0	7	81 46 40 
33472	16	6	b0 7 56 
33472	0	7	b1 7 56 
33472	0	10	b4 7 56 
33472	0	11	b9 7 56 
33504	32	6	80 52 40 
33504	0	7	91 46 40 
33504	0	7	91 3c 60 
33504	0	7	91 43 60 
33520	16	6	b0 7 55 
33520	0	7	b1 7 55 
33520	0	10	b4 7 55 
33520	0	11	b9 7 55 
33552	32	7	81 43 40 
33552	0	7	81 3c 40 
33552	0	7	81 46 40 
33576	24	6	b0 7 54 
33576	0	7	b1 7 54 
33576	0	10	b4 7 54 
33576	0	11	b9 7 54 
33600	24	6	e0 0 60 
33600	0	10	84 30 40 
33600	0	7	81 30 40 
33600	0	11	99 36 7f 
33600	0	7	91 46 40 
33600	0	7	91 3c 60 
33600	0	7	91 43 60 
33600	0	6	90 51 60 
33608	8	6	e0 2b 55 
33616	8	6	e0 56 4a 
33624	8	6	e0 0 40 
33624	0	6	b0 7 53 
33624	0	7	b1 7 53 
33624	0	10	b4 7 53 
33624	0	11	b9 7 53 
33648	24	7	81 43 40 
33648	0	7	81 3c 40 
33648	0	7	81 46 40 
33648	0	6	80 51 40 
33648	0	6	90 4f 60 
33672	24	6	b0 7 52 
33672	0	7	b1 7 52 
33672	0	10	b4 7 52 
33672	0	11	b9 7 52 
33696	24	6	80 4f 40 
33696	0	7	91 46 40 
33696	0	7	91 3c 60 
33696	0	7	91 43 60 
33696	0	6	90 4d 60 
33720	24	6	b0 7 51 
33720	0	7	b1 7 51 
33720	0	10	b4 7 51 
33720	0	11	b9 7 51 
33744	24	7	81 43 40 
33744	0	7	81 3c 40 
33744	0	7	81 46 40 
33768	24	6	b0 7 50 
33768	0	7	b1 7 50 
33768	0	10	b4 7 50 
33768	0	11	b9 7 50 
33792	24	6	e0 7f 7f 
33792	0	11	89 36 40 
33792	0	6	80 4d 40 
33792	0	10	94 30 7f 
33792	0	7	91 46 60 
33792	0	7	91 3c 70 
33792	0	7	91 43 70 
33792	0	7	91 30 60 
33792	0	6	90 4f 60 
33800	8	6	e0 55 6a 
33808	8	6	e0 2b 55 
33816	8	6	e0 0 40 
33816	0	6	b0 7 4f 
33816	0	7	b1 7 4f 
33816	0	10	b4 7 4f 
33816	0	11	b9 7 4f 
33840	24	7	81 43 40 
33840	0	7	81 3c 40 
33840	0	7	81 46 40 
33864	24	6	b0 7 4e 
33864	0	7	b1 7 4e 
33864	0	10	b4 7 4e 
33864	0	11	b9 7 4e 
33888	24	7	91 46 40 
33888	0	7	91 3c 60 
33888	0	7	91 43 60 
33912	24	6	b0 7 4d 
33912	0	7	b1 7 4d 
33912	0	10	b4 7 4d 
33912	0	11	b9 7 4d 
33936	24	7	81 43 40 
33936	0	7	81 3c 40 
33936	0	7	81 46 40 
33960	24	6	b0 7 4c 
33960	0	7	b1 7 4c 
33960	0	10	b4 7 4c 
33960	0	11	b9 7 4c 
33984	24	10	84 30 40 
33984	0	7	81 30 40 
33984	0	7	91 46 40 
33984	0	7	91 3c 60 
33984	0	7	91 43 60 
34008	24	6	b0 7 4b 
34008	0	7	b1 7 4b 
34008	0	10	b4 7 4b 
34008	0	11	b9 7 4b 
34032	24	7	81 43 40 
34032	0	7	81 3c 40 
34032	0	7	81 46 40 
34056	24	6	b0 7 4a 
34056	0	7	b1 7 4a 
34056	0	10	b4 7 4a 
34056	0	11	b9 7 4a 
34080	24	10	94 30 7f 
34080	0	7	91 46 40 
34080	0	7	91 3c 60 
34080	0	7	91 43 60 
34080	0	7	91 30 60 
34104	24	6	b0 7 49 
34104	0	7	b1 7 49 
34104	0	10	b4 7 49 
34104	0	11	b9 7 49 
34128	24	10	84 30 40 
34128	0	7	81 30 40 
34128	0	7	81 43 40 
34128	0	7	81 3c 40 
34128	0	7	81 46 40 
34128	0	10	94 30 7f 
34128	0	7	91 30 60 
34152	24	6	b0 7 48 
34152	0	7	b1 7 48 
34152	0	10	b4 7 48 
34152	0	11	b9 7 48 
34176	24	10	84 30 40 
34176	0	7	81 30 40 
34176	0	10	94 30 7f 
34176	0	7	91 46 60 
34176	0	7	91 3c 70 
34176	0	7	91 43 70 
34176	0	7	91 30 60 
34200	24	6	b0 7 47 
34200	0	7	b1 7 47 
34200	0	10	b4 7 47 
34200	0	11	b9 7 47 
34224	24	7	81 43 40 
34224	0	7	81 3c 40 
34224	0	7	81 46 40 
34248	24	6	b0 7 46 
34248	0	7	b1 7 46 
34248	0	10	b4 7 46 
34248	0	11	b9 7 46 
34272	24	6	80 4f 40 
34272	0	7	91 46 40 
34272	0	7	91 3c 60 
34272	0	7	91 43 60 
34296	24	6	b0 7 45 
34296	0	7	b1 7 45 
34296	0	10	b4 7 45 
34296	0	11	b9 7 45 
34320	24	7	81 43 40 
34320	0	7	81 3c 40 
34320	0	7	81 46 40 
34344	24	6	b0 7 44 
34344	0	7	b1 7 44 
34344	0	10	b4 7 44 
34344	0	11	b9 7 44 
34368	24	6	e0 7f 7f 
34368	0	10	84 30 40 
34368	0	7	81 30 40 
34368	0	11	99 36 7f 
34368	0	7	91 46 40 
34368	0	7	91 3c 60 
34368	0	7	91 43 60 
34368	0	6	90 4f 60 
34376	8	6	e0 55 6a 
34384	8	6	e0 2b 55 
34392	8	6	e0 0 40 
34392	0	6	b0 7 43 
34392	0	7	b1 7 43 
34392	0	10	b4 7 43 
34392	0	11	b9 7 43 
34416	24	7	81 43 40 
34416	0	7	81 3c 40 
34416	0	7	81 46 40 
34440	24	6	b0 7 42 
34440	0	7	b1 7 42 
34440	0	10	b4 7 42 
34440	0	11	b9 7 42 
34464	24	6	80 4f 40 
34464	0	7	91 46 40 
34464	0	7	91 3c 60 
34464	0	7	91 43 60 
34464	0	6	90 54 60 
34488	24	6	b0 7 41 
34488	0	7	b1 7 41 
34488	0	10	b4 7 41 
34488	0	11	b9 7 41 
34512	24	7	81 43 40 
34512	0	7	81 3c 40 
34512	0	7	81 46 40 
34536	24	6	b0 7 40 
34536	0	7	b1 7 40 
34536	0	10	b4 7 40 
34536	0	11	b9 7 40 
34560	24	6	e0 7f 7f 
34560	0	11	89 36 40 
34560	0	6	80 54 40 
34560	0	10	94 30 7f 
34560	0	7	91 46 60 
34560	0	7	91 3c 70 
34560	0	7	91 43 70 
34560	0	7	91 30 60 
34560	0	6	90 52 60 
34568	8	6	e0 55 6a 
34576	8	6	e0 2b 55 
34584	8	6	e0 0 40 
34592	8	6	b0 7 3f 
34592	0	7	b1 7 3f 
34592	0	10	b4 7 3f 
34592	0	11	b9 7 3f 
34608	16	7	81 43 40 
34608	0	7	81 3c 40 
34608	0	7	81 46 40 
34640	32	6	b0 7 3e 
34640	0	7	b1 7 3e 
34640	0	10	b4 7 3e 
34640	0	11	b9 7 3e 
34656	16	7	91 46 40 
34656	0	7	91 3c 60 
34656	0	7	91 43 60 
34688	32	6	b0 7 3d 
34688	0	7	b1 7 3d 
34688	0	10	b4 7 3d 
34688	0	11	b9 7 3d 
34704	16	7	81 43 40 
34704	0	7	81 3c 40 
34704	0	7	81 46 40 
34736	32	6	b0 7 3c 
34736	0	7	b1 7 3c 
34736	0	10	b4 7 3c 
34736	0	11	b9 7 3c 
34752	16	10	84 30 40 
34752	0	7	81 30 40 
34752	0	7	91 46 40 
34752	0	7	91 3c 60 
34752	0	7	91 43 60 
34784	32	6	b0 7 3b 
34784	0	7	b1 7 3b 
34784	0	10	b4 7 3b 
34784	0	11	b9 7 3b 
34800	16	7	81 43 40 
34800	0	7	81 3c 40 
34800	0	7	81 46 40 
34832	32	6	b0 7 3a 
34832	0	7	b1 7 3a 
34832	0	10	b4 7 3a 
34832	0	11	b9 7 3a 
34848	16	10	94 30 7f 
34848	0	7	91 46 40 
34848	0	7	91 3c 60 
34848	0	7	91 43 60 
34848	0	7	91 30 60 
34880	32	6	b0 7 39 
34880	0	7	b1 7 39 
34880	0	10	b4 7 39 
34880	0	11	b9 7 39 
34896	16	10	84 30 40 
34896	0	7	81 30 40 
34896	0	7	81 43 40 
34896	0	7	81 3c 40 
34896	0	7	81 46 40 
34896	0	10	94 30 7f 
34896	0	7	91 30 60 
34928	32	6	b0 7 38 
34928	0	7	b1 7 38 
34928	0	10	b4 7 38 
34928	0	11	b9 7 38 
34944	16	10	84 30 40 
34944	0	7	81 30 40 
34944	0	10	94 30 7f 
34944	0	7	91 46 60 
34944	0	7	91 3c 70 
34944	0	7	91 43 70 
34944	0	7	91 30 60 
34976	32	6	b0 7 37 
34976	0	7	b1 7 37 
34976	0	10	b4 7 37 
34976	0	11	b9 7 37 
34992	16	7	81 43 40 
34992	0	7	81 3c 40 
34992	0	7	81 46 40 
35024	32	6	b0 7 36 
35024	0	7	b1 7 36 
35024	0	10	b4 7 36 
35024	0	11	b9 7 36 
35040	16	6	80 52 40 
35040	0	7	91 46 40 
35040	0	7	91 3c 60 
35040	0	7	91 43 60 
35072	32	6	b0 7 35 
35072	0	7	b1 7 35 
35072	0	10	b4 7 35 
35072	0	11	b9 7 35 
35088	16	7	81 43 40 
35088	0	7	81 3c 40 
35088	0	7	81 46 40 
35120	32	6	b0 7 34 
35120	0	7	b1 7 34 
35120	0	10	b4 7 34 
35120	0	11	b9 7 34 
35136	16	6	e0 0 60 
35136	0	10	84 30 40 
35136	0	7	81 30 40 
35136	0	11	99 36 7f 
35136	0	7	91 46 40 
35136	0	7	91 3c 60 
35136	0	7	91 43 60 
35136	0	6	90 51 60 
35144	8	6	e0 2b 55 
35152	8	6	e0 56 4a 
35160	8	6	e0 0 40 
35168	8	6	b0 7 33 
35168	0	7	b1 7 33 
35168	0	10	b4 7 33 
35168	0	11	b9 7 33 
35184	16	7	81 43 40 
35184	0	7	81 3c 40 
35184	0	7	81 46 40 
35184	0	6	80 51 40 
35184	0	6	90 4f 60 
35216	32	6	b0 7 32 
35216	0	7	b1 7 32 
35216	0	10	b4 7 32 
35216	0	11	b9 7 32 
35232	16	6	80 4f 40 
35232	0	7	91 46 40 
35232	0	7	91 3c 60 
35232	0	7	91 43 60 
35232	0	6	90 4d 60 
35264	32	6	b0 7 31 
35264	0	7	b1 7 31 
35264	0	10	b4 7 31 
35264	0	11	b9 7 31 
35280	16	7	81 43 40 
35280	0	7	81 3c 40 
35280	0	7	81 46 40 
35280	0	6	80 4d 40 
35280	0	6	90 51 60 
35312	32	6	b0 7 30 
35312	0	7	b1 7 30 
35312	0	10	b4 7 30 
35312	0	11	b9 7 30 
35328	16	6	e0 7f 7f 
35328	0	11	89 36 40 
35328	0	6	80 51 40 
35328	0	10	94 30 7f 
35328	0	7	91 46 60 
35328	0	7	91 3c 70 
35328	0	7	91 43 70 
35328	0	7	91 30 60 
35328	0	6	90 4f 60 
35336	8	6	e0 55 6a 
35344	8	6	e0 2b 55 
35352	8	6	e0 0 40 
35360	8	6	b0 7 2f 
35360	0	7	b1 7 2f 
35360	0	10	b4 7 2f 
35360	0	11	b9 7 2f 
35376	16	7	81 43 40 
35376	0	7	81 3c 40 
35376	0	7	81 46 40 
35408	32	6	b0 7 2e 
35408	0	7	b1 7 2e 
35408	0	10	b4 7 2e 
35408	0	11	b9 7 2e 
35424	16	7	91 46 40 
35424	0	7	91 3c 60 
35424	0	7	91 43 60 
35456	32	6	b0 7 2d 
35456	0	7	b1 7 2d 
35456	0	10	b4 7 2d 
35456	0	11	b9 7 2d 
35472	16	7	81 43 40 
35472	0	7	81 3c 40 
35472	0	7	81 46 40 
35504	32	6	b0 7 2c 
35504	0	7	b1 7 2c 
35504	0	10	b4 7 2c 
35504	0	11	b9 7 2c 
35520	16	10	84 30 40 
35520	0	7	81 30 40 
35520	0	7	91 46 40 
35520	0	7	91 3c 60 
35520	0	7	91 43 60 
35552	32	6	b0 7 2b 
35552	0	7	b1 7 2b 
35552	0	10	b4 7 2b 
35552	0	11	b9 7 2b 
35568	16	7	81 43 40 
35568	0	7	81 3c 40 
35568	0	7	81 46 40 
35608	40	6	b0 7 2a 
35608	0	7	b1 7 2a 
35608	0	10	b4 7 2a 
35608	0	11	b9 7 2a 
35616	8	10	94 30 7f 
35616	0	7	91 46 40 
35616	0	7	91 3c 60 
35616	0	7	91 43 60 
35616	0	7	91 30 60 
35656	40	6	b0 7 29 
35656	0	7	b1 7 29 
35656	0	10	b4 7 29 
35656	0	11	b9 7 29 
35664	8	10	84 30 40 
35664	0	7	81 30 40 
35664	0	7	81 43 40 
35664	0	7	81 3c 40 
35664	0	7	81 46 40 
35664	0	10	94 30 7f 
35664	0	7	91 30 60 
35704	40	6	b0 7 28 
35704	0	7	b1 7 28 
35704	0	10	b4 7 28 
35704	0	11	b9 7 28 
35712	8	10	84 30 40 
35712	0	7	81 30 40 
35712	0	6	80 4f 40 
35712	0	10	94 30 7f 
35712	0	7	91 46 60 
35712	0	7	91 3c 70 
35712	0	7	91 43 70 
35712	0	7	91 30 60 
35752	40	6	b0 7 27 
35752	0	7	b1 7 27 
35752	0	10	b4 7 27 
35752	0	11	b9 7 27 
35760	8	7	81 43 40 
35760	0	7	81 3c 40 
35760	0	7	81 46 40 
35800	40	6	b0 7 26 
35800	0	7	b1 7 26 
35800	0	10	b4 7 26 
35800	0	11	b9 7 26 
35808	8	6	e0 7f 7f 
35808	0	7	91 46 40 
35808	0	7	91 3c 60 
35808	0	7	91 43 60 
35808	0	6	90 48 60 
35816	8	6	e0 55 6a 
35824	8	6	e0 2b 55 
35832	8	6	e0 0 40 
35848	16	6	b0 7 25 
35848	0	7	b1 7 25 
35848	0	10	b4 7 25 
35848	0	11	b9 7 25 
35856	8	7	81 43 40 
35856	0	7	81 3c 40 
35856	0	7	81 46 40 
35896	40	6	b0 7 24 
35896	0	7	b1 7 24 
35896	0	10	b4 7 24 
35896	0	11	b9 7 24 
35904	8	10	84 30 40 
35904	0	7	81 30 40 
35904	0	6	80 48 40 
35904	0	11	99 36 7f 
35904	0	7	91 46 40 
35904	0	7	91 3c 60 
35904	0	7	91 43 60 
35904	0	6	90 4a 60 
35944	40	6	b0 7 23 
35944	0	7	b1 7 23 
35944	0	10	b4 7 23 
35944	0	11	b9 7 23 
35952	8	7	81 43 40 
35952	0	7	81 3c 40 
35952	0	7	81 46 40 
35992	40	6	b0 7 22 
35992	0	7	b1 7 22 
35992	0	10	b4 7 22 
35992	0	11	b9 7 22 
36000	8	6	80 4a 40 
36000	0	7	91 46 40 
36000	0	7	91 3c 60 
36000	0	7	91 43 60 
36000	0	6	90 4b 60 
36040	40	6	b0 7 21 
36040	0	7	b1 7 21 
36040	0	10	b4 7 21 
36040	0	11	b9 7 21 
36048	8	7	81 43 40 
36048	0	7	81 3c 40 
36048	0	7	81 46 40 
36088	40	6	b0 7 20 
36088	0	7	b1 7 20 
36088	0	10	b4 7 20 
36088	0	11	b9 7 20 
36096	8	6	e0 7f 7f 
36096	0	11	89 36 40 
36096	0	6	80 4b 40 
36096	0	10	94 30 7f 
36096	0	7	91 46 60 
36096	0	7	91 3c 70 
36096	0	7	91 43 70 
36096	0	7	91 30 60 
36096	0	6	90 4d 60 
36104	8	6	e0 55 6a 
36112	8	6	e0 2b 55 
36120	8	6	e0 0 40 
36136	16	6	b0 7 1f 
36136	0	7	b1 7 1f 
36136	0	10	b4 7 1f 
36136	0	11	b9 7 1f 
36144	8	7	81 43 40 
36144	0	7	81 3c 40 
36144	0	7	81 46 40 
36184	40	6	b0 7 1e 
36184	0	7	b1 7 1e 
36184	0	10	b4 7 1e 
36184	0	11	b9 7 1e 
36192	8	7	91 46 40 
36192	0	7	91 3c 60 
36192	0	7	91 43 60 
36232	40	6	b0 7 1d 
36232	0	7	b1 7 1d 
36232	0	10	b4 7 1d 
36232	0	11	b9 7 1d 
36240	8	7	81 43 40 
36240	0	7	81 3c 40 
36240	0	7	81 46 40 
36280	40	6	b0 7 1c 
36280	0	7	b1 7 1c 
36280	0	10	b4 7 1c 
36280	0	11	b9 7 1c 
36288	8	10	84 30 40 
36288	0	7	81 30 40 
36288	0	7	91 46 40 
36288	0	7	91 3c 60 
36288	0	7	91 43 60 
36328	40	6	b0 7 1b 
36328	0	7	b1 7 1b 
36328	0	10	b4 7 1b 
36328	0	11	b9 7 1b 
36336	8	7	81 43 40 
36336	0	7	81 3c 40 
36336	0	7	81 46 40 
36376	40	6	b0 7 1a 
36376	0	7	b1 7 1a 
36376	0	10	b4 7 1a 
36376	0	11	b9 7 1a 
36384	8	10	94 30 7f 
36384	0	7	91 46 40 
36384	0	7	91 3c 60 
36384	0	7	91 43 60 
36384	0	7	91 30 60 
36424	40	6	b0 7 19 
36424	0	7	b1 7 19 
36424	0	10	b4 7 19 
36424	0	11	b9 7 19 
36432	8	10	84 30 40 
36432	0	7	81 30 40 
36432	0	7	81 43 40 
36432	0	7	81 3c 40 
36432	0	7	81 46 40 
36432	0	10	94 30 7f 
36432	0	7	91 30 60 
36472	40	6	b0 7 18 
36472	0	7	b1 7 18 
36472	0	10	b4 7 18 
36472	0	11	b9 7 18 
36480	8	10	84 30 40 
36480	0	7	81 30 40 
36480	0	6	80 4d 40 
36480	0	10	94 30 7f 
36480	0	7	91 46 60 
36480	0	7	91 3c 70 
36480	0	7	91 43 70 
36480	0	7	91 30 60 
36520	40	6	b0 7 17 
36520	0	7	b1 7 17 
36520	0	10	b4 7 17 
36520	0	11	b9 7 17 
36528	8	7	81 43 40 
36528	0	7	81 3c 40 
36528	0	7	81 46 40 
36568	40	6	b0 7 16 
36568	0	7	b1 7 16 
36568	0	10	b4 7 16 
36568	0	11	b9 7 16 
36576	8	6	e0 7f 7f 
36576	0	7	91 46 40 
36576	0	7	91 3c 60 
36576	0	7	91 43 60 
36576	0	6	90 4b 60 
36584	8	6	e0 55 6a 
36592	8	6	e0 2b 55 
36600	8	6	e0 0 40 
36624	24	6	b0 7 15 
36624	0	7	b1 7 15 
36624	0	10	b4 7 15 
36624	0	11	b9 7 15 
36624	0	7	81 43 40 
36624	0	7	81 3c 40 
36624	0	7	81 46 40 
36672	48	6	b0 7 14 
36672	0	7	b1 7 14 
36672	0	10	b4 7 14 
36672	0	11	b9 7 14 
36672	0	10	84 30 40 
36672	0	7	81 30 40 
36672	0	6	80 4b 40 
36672	0	11	99 36 7f 
36672	0	7	91 46 40 
36672	0	7	91 3c 60 
36672	0	7	91 43 60 
36672	0	6	90 4a 60 
36720	48	6	b0 7 13 
36720	0	7	b1 7 13 
36720	0	10	b4 7 13 
36720	0	11	b9 7 13 
36720	0	7	81 43 40 
36720	0	7	81 3c 40 
36720	0	7	81 46 40 
36768	48	6	b0 7 12 
36768	0	7	b1 7 12 
36768	0	10	b4 7 12 
36768	0	11	b9 7 12 
36768	0	6	80 4a 40 
36768	0	7	91 46 40 
36768	0	7	91 3c 60 
36768	0	7	91 43 60 
36768	0	6	90 46 60 
36816	48	6	b0 7 11 
36816	0	7	b1 7 11 
36816	0	10	b4 7 11 
36816	0	11	b9 7 11 
36816	0	7	81 43 40 
36816	0	7	81 3c 40 
36816	0	7	81 46 40 
36864	48	6	e0 7f 7f 
36864	0	6	b0 7 10 
36864	0	7	b1 7 10 
36864	0	10	b4 7 10 
36864	0	11	b9 7 10 
36864	0	11	89 36 40 
36864	0	6	80 46 40 
36864	0	10	94 30 7f 
36864	0	7	91 46 60 
36864	0	7	91 3c 70 
36864	0	7	91 43 70 
36864	0	7	91 30 60 
36864	0	6	90 48 60 
36872	8	6	e0 55 6a 
36880	8	6	e0 2b 55 
36888	8	6	e0 0 40 
36912	24	6	b0 7 f 
36912	0	7	b1 7 f 
36912	0	10	b4 7 f 
36912	0	11	b9 7 f 
36912	0	7	81 43 40 
36912	0	7	81 3c 40 
36912	0	7	81 46 40 
36960	48	6	b0 7 e 
36960	0	7	b1 7 e 
36960	0	10	b4 7 e 
36960	0	11	b9 7 e 
36960	0	7	91 46 40 
36960	0	7	91 3c 60 
36960	0	7	91 43 60 
37008	48	6	b0 7 d 
37008	0	7	b1 7 d 
37008	0	10	b4 7 d 
37008	0	11	b9 7 d 
37008	0	7	81 43 40 
37008	0	7	81 3c 40 
37008	0	7	81 46 40 
37056	48	6	b0 7 c 
37056	0	7	b1 7 c 
37056	0	10	b4 7 c 
37056	0	11	b9 7 c 
37056	0	10	84 30 40 
37056	0	7	81 30 40 
37056	0	7	91 46 40 
37056	0	7	91 3c 60 
37056	0	7	91 43 60 
37104	48	6	b0 7 b 
37104	0	7	b1 7 b 
37104	0	10	b4 7 b 
37104	0	11	b9 7 b 
37104	0	7	81 43 40 
37104	0	7	81 3c 40 
37104	0	7	81 46 40 
37152	48	6	b0 7 a 
37152	0	7	b1 7 a 
37152	0	10	b4 7 a 
37152	0	11	b9 7 a 
37152	0	10	94 30 7f 
37152	0	7	91 46 40 
37152	0	7	91 3c 60 
37152	0	7	91 43 60 
37152	0	7	91 30 60 
37200	48	6	b0 7 9 
37200	0	7	b1 7 9 
37200	0	10	b4 7 9 
37200	0	11	b9 7 9 
37200	0	10	84 30 40 
37200	0	7	81 30 40 
37200	0	7	81 43 40 
37200	0	7	81 3c 40 
37200	0	7	81 46 40 
37200	0	10	94 30 7f 
37200	0	7	91 30 60 
37248	48	6	b0 7 8 
37248	0	7	b1 7 8 
37248	0	10	b4 7 8 
37248	0	11	b9 7 8 
37248	0	10	84 30 40 
37248	0	7	81 30 40 
37248	0	10	94 30 7f 
37248	0	7	91 46 60 
37248	0	7	91 3c 70 
37248	0	7	91 43 70 
37248	0	7	91 30 60 
37296	48	6	b0 7 7 
37296	0	7	b1 7 7 
37296	0	10	b4 7 7 
37296	0	11	b9 7 7 
37296	0	7	81 43 40 
37296	0	7	81 3c 40 
37296	0	7	81 46 40 
37344	48	6	b0 7 6 
37344	0	7	b1 7 6 
37344	0	10	b4 7 6 
37344	0	11	b9 7 6 
37344	0	7	91 46 40 
37344	0	7	91 3c 60 
37344	0	7	91 43 60 
37392	48	6	b0 7 5 
37392	0	7	b1 7 5 
37392	0	10	b4 7 5 
37392	0	11	b9 7 5 
37392	0	7	81 43 40 
37392	0	7	81 3c 40 
37392	0	7	81 46 40 
37440	48	6	b0 7 4 
37440	0	7	b1 7 4 
37440	0	10	b4 7 4 
37440	0	11	b9 7 4 
37440	0	10	84 30 40 
37440	0	7	81 30 40 
37440	0	6	80 48 40 
37440	0	11	99 36 7f 
37440	0	7	91 46 40 
37440	0	7	91 3c 60 
37440	0	7	91 43 60 
37488	48	6	b0 7 3 
37488	0	7	b1 7 3 
37488	0	10	b4 7 3 
37488	0	11	b9 7 3 
37488	0	7	81 43 40 
37488	0	7	81 3c 40 
37488	0	7	81 46 40 
37536	48	6	b0 7 2 
37536	0	7	b1 7 2 
37536	0	10	b4 7 2 
37536	0	11	b9 7 2 
37536	0	7	91 46 40 
37536	0	7	91 3c 60 
37536	0	7	91 43 60 
37584	48	6	b0 7 1 
37584	0	7	b1 7 1 
37584	0	10	b4 7 1 
37584	0	11	b9 7 1 
37584	0	7	81 43 40 
37584	0	7	81 3c 40 
37584	0	7	81 46 40 
37632	48	6	b0 7 0 
37632	0	7	b1 7 0 
37632	0	10	b4 7 0 
37632	0	11	b9 7 0 
37632	0	11	89 36 40 
37632	0	11	ff 2f 0 
37632	0	10	ff 2f 0 
37632	0	7	ff 2f 0 
37632	0	6	ff 2f 0 
