TPQ: 97
TRACKS: 1
0	0	0	ff 54 5 60 0 0 0 0 
0	0	0	b1 6f 7f 
0	0	0	b2 6f 7f 
0	0	0	b3 6f 7f 
0	0	0	b4 6f 7f 
0	0	0	b5 6f 7f 
0	0	0	b6 6f 7f 
0	0	0	b9 6f 7f 
0	0	0	ff 58 4 4 2 18 8 
0	0	0	ff 51 3 a 2c 2a 
0	0	0	c1 18 
0	0	0	c2 18 
0	0	0	c3 7a 
0	0	0	c4 18 
0	0	0	c5 5d 
0	0	0	c6 4d 
0	0	0	b9 7 60 
0	0	0	b1 7 60 
0	0	0	b2 7 60 
0	0	0	b3 7 60 
0	0	0	b4 7 60 
0	0	0	b5 7 60 
0	0	0	b6 7 60 
2	2	0	96 58 71 
21	19	0	86 58 7f 
21	0	0	96 56 71 
44	23	0	86 56 7f 
45	1	0	96 54 71 
66	21	0	86 54 7f 
66	0	0	96 5b 71 
134	68	0	95 4c 71 
157	23	0	85 4c 7f 
157	0	0	95 4a 71 
180	23	0	85 4a 7f 
181	1	0	95 48 71 
202	21	0	85 48 7f 
202	0	0	95 4f 71 
315	113	0	91 55 71 
316	1	0	92 4f 71 
316	0	0	93 3d 7f 
316	0	0	94 52 71 
327	11	0	81 55 7f 
327	0	0	84 52 7f 
327	0	0	83 3d 7f 
327	0	0	82 4f 7f 
337	10	0	93 40 7f 
337	0	0	94 55 71 
338	1	0	91 58 71 
338	0	0	92 52 71 
348	10	0	81 58 7f 
348	0	0	82 52 7f 
349	1	0	83 40 7f 
349	0	0	84 55 7f 
360	11	0	86 5b 7f 
360	0	0	85 4f 7f 
361	1	0	91 5b 71 
361	0	0	c5 56 
361	0	0	92 55 71 
361	0	0	93 43 7f 
361	0	0	94 58 71 
361	0	0	95 30 71 
372	11	0	85 30 7f 
382	10	0	83 43 7f 
382	0	0	84 58 7f 
384	2	0	81 5b 7f 
384	0	0	82 55 7f 
405	21	0	95 31 71 
417	12	0	85 31 7f 
450	33	0	95 30 71 
462	12	0	85 30 7f 
495	33	0	95 2e 71 
507	12	0	85 2e 7f 
540	33	0	95 2d 71 
619	79	0	85 2d 7f 
619	0	0	95 2a 71 
630	11	0	85 2a 7f 
631	1	0	95 2d 71 
642	11	0	85 2d 7f 
675	33	0	95 31 71 
687	12	0	85 31 7f 
720	33	0	95 30 71 
731	11	0	85 30 7f 
765	34	0	95 2d 71 
777	12	0	85 2d 7f 
810	33	0	95 2a 71 
821	11	0	85 2a 7f 
855	34	0	95 27 71 
867	12	0	85 27 7f 
900	33	0	c4 4d 
901	1	0	95 24 71 
901	0	0	96 57 71 
901	0	0	94 54 71 
945	44	0	86 57 7f 
946	1	0	84 54 7f 
946	0	0	85 24 7f 
946	0	0	96 57 71 
946	0	0	94 54 71 
956	10	0	84 54 7f 
957	1	0	86 57 7f 
957	0	0	94 57 71 
957	0	0	96 5a 71 
967	10	0	84 57 7f 
967	0	0	86 5a 7f 
968	1	0	94 5a 71 
968	0	0	96 5d 71 
978	10	0	84 5a 7f 
978	0	0	86 5d 7f 
979	1	0	94 5d 71 
979	0	0	96 60 71 
989	10	0	86 60 7f 
990	1	0	84 5d 7f 
990	0	0	96 63 71 
990	0	0	94 60 71 
1011	21	0	86 63 7f 
1011	0	0	84 60 7f 
1034	23	0	95 31 71 
1045	11	0	85 31 7f 
1079	34	0	c4 5d 
1080	1	0	95 30 71 
1080	0	0	c2 32 
1080	0	0	94 51 71 
1080	0	0	96 60 71 
1090	10	0	86 60 7f 
1091	1	0	85 30 7f 
1091	0	0	84 51 7f 
1124	33	0	96 61 71 
1125	1	0	94 52 71 
1125	0	0	95 31 71 
1135	10	0	85 31 7f 
1136	1	0	86 61 7f 
1136	0	0	84 52 7f 
1169	33	0	95 30 71 
1170	1	0	96 60 71 
1170	0	0	94 51 71 
1180	10	0	86 60 7f 
1181	1	0	84 51 7f 
1181	0	0	85 30 7f 
1214	33	0	96 5e 71 
1215	1	0	94 4f 71 
1215	0	0	95 2e 71 
1225	10	0	85 2e 7f 
1226	1	0	86 5e 7f 
1226	0	0	84 4f 7f 
1259	33	0	95 2d 71 
1260	1	0	96 5d 71 
1260	0	0	94 4c 71 
1270	10	0	86 5d 7f 
1271	1	0	84 4c 7f 
1271	0	0	85 2d 7f 
1271	0	0	96 5a 71 
1271	0	0	94 4b 71 
1271	0	0	95 28 71 
1281	10	0	84 4b 7f 
1281	0	0	85 28 7f 
1282	1	0	86 5a 7f 
1282	0	0	94 40 71 
1282	0	0	95 24 71 
1282	0	0	96 56 71 
1292	10	0	84 40 7f 
1292	0	0	86 56 7f 
1293	1	0	85 24 7f 
1293	0	0	96 61 71 
1293	0	0	94 48 71 
1293	0	0	95 2b 71 
1303	10	0	85 2b 7f 
1304	1	0	86 61 7f 
1304	0	0	84 48 7f 
1304	0	0	95 2a 71 
1304	0	0	96 60 71 
1304	0	0	94 4a 71 
1314	10	0	86 60 7f 
1315	1	0	84 4a 7f 
1315	0	0	85 2a 7f 
1315	0	0	96 5b 71 
1315	0	0	94 4b 71 
1315	0	0	95 29 71 
1315	0	0	99 24 7f 
1325	10	0	85 29 7f 
1325	0	0	89 24 7f 
1326	1	0	86 5b 7f 
1326	0	0	84 4b 7f 
1326	0	0	99 31 7f 
1326	0	0	94 4f 71 
1326	0	0	95 28 71 
1326	0	0	96 5d 71 
1336	10	0	84 4f 7f 
1336	0	0	86 5d 7f 
1337	1	0	85 28 7f 
1337	0	0	96 63 71 
1337	0	0	94 4e 71 
1337	0	0	95 27 71 
1347	10	0	85 27 7f 
1348	1	0	86 63 7f 
1348	0	0	84 4e 7f 
1349	1	0	89 31 7f 
1437	88	0	c4 33 
1438	1	0	c1 33 
1438	0	0	c3 33 
1438	0	0	94 4b 71 
1438	0	0	91 4e 71 
1438	0	0	93 45 7f 
1448	10	0	81 4e 7f 
1449	1	0	83 45 7f 
1449	0	0	84 4b 7f 
1449	0	0	91 4e 71 
1449	0	0	93 48 7f 
1449	0	0	94 45 71 
1459	10	0	83 48 7f 
1459	0	0	84 45 7f 
1460	1	0	81 4e 7f 
1460	0	0	93 4b 7f 
1460	0	0	94 48 71 
1460	0	0	91 4e 71 
1470	10	0	83 4b 7f 
1470	0	0	81 4e 7f 
1471	1	0	84 48 7f 
1616	145	0	c3 32 
1617	1	0	c4 5d 
1617	0	0	93 24 7f 
1617	0	0	94 4f 71 
1617	0	0	95 30 71 
1638	21	0	84 4f 7f 
1638	0	0	94 50 71 
1661	23	0	84 50 7f 
1662	1	0	94 4f 71 
1706	44	0	85 30 7f 
1707	1	0	96 4f 71 
1707	0	0	95 37 71 
1730	23	0	85 37 7f 
1730	0	0	95 38 71 
1751	21	0	85 38 7f 
1753	2	0	95 37 71 
1796	43	0	86 4f 7f 
1798	2	0	96 54 71 
1886	88	0	84 4f 7f 
1888	2	0	94 4d 71 
1932	44	0	84 4d 7f 
1933	1	0	94 4b 71 
1977	44	0	83 24 7f 
1977	0	0	84 4b 7f 
1978	1	0	86 54 7f 
1978	0	0	85 37 7f 
1978	0	0	94 4a 71 
1978	0	0	96 57 71 
1978	0	0	93 25 7f 
1978	0	0	95 35 71 
2022	44	0	84 4a 7f 
2023	1	0	94 43 71 
2046	23	0	84 43 7f 
2046	0	0	94 44 71 
2067	21	0	84 44 7f 
2068	1	0	85 35 7f 
2068	0	0	83 25 7f 
2069	1	0	94 43 71 
2069	0	0	95 38 71 
2069	0	0	93 2c 7f 
2092	23	0	84 43 7f 
2092	0	0	94 47 71 
2113	21	0	84 47 7f 
2115	2	0	94 4a 71 
2138	23	0	84 4a 7f 
2138	0	0	94 4d 71 
2158	20	0	86 57 7f 
2159	1	0	84 4d 7f 
2159	0	0	83 2c 7f 
2159	0	0	85 38 7f 
2161	2	0	94 4f 71 
2161	0	0	95 3b 71 
2161	0	0	96 56 71 
2161	0	0	92 53 71 
2161	0	0	93 2b 7f 
2184	23	0	84 4f 7f 
2184	0	0	83 2b 7f 
2184	0	0	82 53 7f 
2184	0	0	86 56 7f 
2184	0	0	85 3b 7f 
2229	45	0	96 56 71 
2239	10	0	86 56 7f 
2239	0	0	96 57 71 
2250	11	0	86 57 7f 
2251	1	0	92 50 71 
2251	0	0	93 26 7f 
2251	0	0	96 59 71 
2251	0	0	94 4b 71 
2251	0	0	95 3c 71 
2251	0	0	91 5c 71 
2274	23	0	82 50 7f 
2274	0	0	81 5c 7f 
2274	0	0	85 3c 7f 
2274	0	0	84 4b 7f 
2274	0	0	86 59 7f 
2274	0	0	83 26 7f 
2319	45	0	96 57 71 
2329	10	0	86 57 7f 
2329	0	0	96 59 71 
2340	11	0	86 59 7f 
2341	1	0	91 5f 71 
2341	0	0	94 4a 71 
2341	0	0	96 5b 71 
2341	0	0	93 1f 7f 
2341	0	0	95 3e 71 
2341	0	0	92 4f 71 
2364	23	0	81 5f 7f 
2364	0	0	82 4f 7f 
2364	0	0	85 3e 7f 
2364	0	0	83 1f 7f 
2364	0	0	86 5b 7f 
2364	0	0	84 4a 7f 
2385	21	0	95 27 71 
2396	11	0	85 27 7f 
2430	34	0	95 26 71 
2441	11	0	85 26 7f 
2475	34	0	95 24 71 
2486	11	0	85 24 7f 
2520	34	0	95 23 71 
2531	11	0	85 23 7f 
2544	13	0	95 24 71 
2554	10	0	85 24 7f 
2565	11	0	95 23 71 
2576	11	0	85 23 7f 
2589	13	0	95 24 71 
2599	10	0	85 24 7f 
2610	11	0	95 23 71 
2621	11	0	85 23 7f 
2655	34	0	95 21 71 
2666	11	0	85 21 7f 
2700	34	0	95 20 71 
2701	1	0	96 4a 71 
2701	0	0	91 47 71 
2711	10	0	86 4a 7f 
2712	1	0	81 47 7f 
2745	33	0	96 4a 71 
2746	1	0	91 47 71 
2756	10	0	81 47 7f 
2757	1	0	86 4a 7f 
2769	12	0	85 20 7f 
2769	0	0	91 49 71 
2769	0	0	96 4c 71 
2769	0	0	95 1f 71 
2779	10	0	86 4c 7f 
2779	0	0	85 1f 7f 
2780	1	0	81 49 7f 
2780	0	0	95 1d 71 
2790	10	0	85 1d 7f 
2791	1	0	96 4d 71 
2791	0	0	91 4a 71 
2791	0	0	95 1c 71 
2801	10	0	81 4a 7f 
2802	1	0	85 1c 7f 
2802	0	0	86 4d 7f 
2835	33	0	91 47 71 
2836	1	0	95 20 71 
2836	0	0	96 4a 71 
2846	10	0	85 20 7f 
2847	1	0	86 4a 7f 
2847	0	0	81 47 7f 
2880	33	0	95 23 71 
2881	1	0	96 4d 71 
2881	0	0	91 4a 71 
2891	10	0	81 4a 7f 
2892	1	0	86 4d 7f 
2925	33	0	91 4a 71 
2926	1	0	96 4d 71 
2936	10	0	86 4d 7f 
2937	1	0	81 4a 7f 
2949	12	0	85 23 7f 
2949	0	0	96 4f 71 
2949	0	0	91 4c 71 
2949	0	0	95 23 71 
2959	10	0	81 4c 7f 
2959	0	0	85 23 7f 
2960	1	0	86 4f 7f 
2960	0	0	95 21 71 
2970	10	0	85 21 7f 
2970	0	0	95 20 71 
2971	1	0	96 50 71 
2971	0	0	91 4d 71 
2981	10	0	86 50 7f 
2982	1	0	81 4d 7f 
2982	0	0	85 20 7f 
3015	33	0	96 4d 71 
3016	1	0	91 4a 71 
3016	0	0	95 23 71 
3026	10	0	85 23 7f 
3027	1	0	86 4d 7f 
3027	0	0	81 4a 7f 
3060	33	0	95 26 71 
3061	1	0	96 50 71 
3061	0	0	91 4d 71 
3071	10	0	86 50 7f 
3072	1	0	81 4d 7f 
3105	33	0	96 50 71 
3106	1	0	91 4d 71 
3116	10	0	81 4d 7f 
3117	1	0	86 50 7f 
3129	12	0	85 26 7f 
3129	0	0	91 4f 71 
3129	0	0	96 52 71 
3129	0	0	95 26 71 
3139	10	0	86 52 7f 
3139	0	0	85 26 7f 
3140	1	0	81 4f 7f 
3140	0	0	95 24 71 
3150	10	0	85 24 7f 
3150	0	0	95 23 71 
3151	1	0	96 53 71 
3151	0	0	91 50 71 
3161	10	0	81 50 7f 
3162	1	0	85 23 7f 
3162	0	0	86 53 7f 
3195	33	0	91 4d 71 
3196	1	0	95 23 71 
3196	0	0	96 50 71 
3206	10	0	85 23 7f 
3207	1	0	86 50 7f 
3207	0	0	81 4d 7f 
3240	33	0	95 29 71 
3241	1	0	96 53 71 
3241	0	0	91 50 71 
3251	10	0	81 50 7f 
3252	1	0	86 53 7f 
3285	33	0	91 50 71 
3286	1	0	96 53 71 
3296	10	0	86 53 7f 
3297	1	0	81 50 7f 
3309	12	0	85 29 7f 
3309	0	0	96 55 71 
3309	0	0	91 52 71 
3309	0	0	95 29 71 
3319	10	0	81 52 7f 
3319	0	0	85 29 7f 
3320	1	0	86 55 7f 
3320	0	0	95 27 71 
3330	10	0	85 27 7f 
3330	0	0	95 26 71 
3331	1	0	96 56 71 
3331	0	0	91 53 71 
3341	10	0	86 56 7f 
3342	1	0	81 53 7f 
3342	0	0	85 26 7f 
3375	33	0	96 53 71 
3376	1	0	91 50 71 
3376	0	0	95 29 71 
3386	10	0	85 29 7f 
3387	1	0	86 53 7f 
3387	0	0	81 50 7f 
3420	33	0	c1 26 
3421	1	0	91 5b 7f 
3444	23	0	81 5b 7f 
3600	156	0	c1 33 
3601	1	0	94 42 7f 
3601	0	0	95 2f 71 
3601	0	0	96 53 71 
3612	11	0	86 53 7f 
3624	12	0	85 2f 7f 
3645	21	0	96 52 71 
3646	1	0	92 3b 71 
3646	0	0	93 3e 4c 
3656	10	0	86 52 7f 
3669	13	0	83 3e 7f 
3669	0	0	82 3b 7f 
3690	21	0	84 42 7f 
3691	1	0	95 2e 71 
3691	0	0	96 53 71 
3691	0	0	94 41 7f 
3701	10	0	86 53 7f 
3714	13	0	85 2e 7f 
3735	21	0	96 55 71 
3736	1	0	92 3a 71 
3736	0	0	93 3d 4c 
3746	10	0	86 55 7f 
3759	13	0	83 3d 7f 
3759	0	0	82 3a 7f 
3780	21	0	84 41 7f 
3781	1	0	95 2f 71 
3781	0	0	96 56 71 
3781	0	0	94 47 7f 
3804	23	0	85 2f 7f 
3825	21	0	92 3b 71 
3826	1	0	93 3e 4c 
3849	23	0	82 3b 7f 
3849	0	0	83 3e 7f 
3870	21	0	84 47 7f 
3871	1	0	86 56 7f 
3871	0	0	95 23 71 
3871	0	0	94 4a 7f 
3871	0	0	96 5a 71 
3894	23	0	86 5a 7f 
3915	21	0	93 42 4c 
3916	1	0	92 3e 71 
3939	23	0	83 42 7f 
3939	0	0	82 3e 7f 
3962	23	0	85 23 7f 
3962	0	0	84 4a 7f 
3962	0	0	ff 51 3 a e6 30 
3962	0	0	95 22 71 
3962	0	0	94 4a 4c 
3984	22	0	84 4a 7f 
3984	0	0	94 4b 4c 
4007	23	0	84 4b 7f 
4007	0	0	94 4a 4c 
4029	22	0	84 4a 7f 
4029	0	0	94 4b 4c 
4052	23	0	84 4b 7f 
4052	0	0	94 4a 4c 
4074	22	0	84 4a 7f 
4074	0	0	94 4b 4c 
4097	23	0	84 4b 7f 
4097	0	0	94 4a 4c 
4119	22	0	84 4a 7f 
4119	0	0	94 4b 4c 
4141	22	0	84 4b 7f 
4142	1	0	85 22 7f 
4142	0	0	c6 32 
4142	0	0	c3 5d 
4142	0	0	94 4a 4c 
4142	0	0	95 20 71 
4142	0	0	93 4f 4c 
4164	22	0	84 4a 7f 
4164	0	0	83 4f 7f 
4164	0	0	94 4b 4c 
4164	0	0	93 50 4c 
4186	22	0	84 4b 7f 
4186	0	0	83 50 7f 
4186	0	0	94 4a 4c 
4186	0	0	93 4f 4c 
4209	23	0	84 4a 7f 
4209	0	0	83 4f 7f 
4209	0	0	93 50 4c 
4209	0	0	94 4b 4c 
4231	22	0	83 50 7f 
4231	0	0	84 4b 7f 
4231	0	0	94 4a 4c 
4232	1	0	93 4f 4c 
4253	21	0	83 4f 7f 
4254	1	0	84 4a 7f 
4254	0	0	93 50 4c 
4254	0	0	94 4b 4c 
4276	22	0	83 50 7f 
4276	0	0	84 4b 7f 
4276	0	0	94 4a 4c 
4276	0	0	93 4f 4c 
4299	23	0	84 4a 7f 
4299	0	0	83 4f 7f 
4299	0	0	93 50 4c 
4299	0	0	94 4b 4c 
4321	22	0	83 50 7f 
4321	0	0	84 4b 7f 
4321	0	0	93 4f 4c 
4321	0	0	94 4a 4c 
4321	0	0	95 1f 71 
4321	0	0	92 1f 71 
4322	1	0	85 20 7f 
4322	0	0	96 5c 4c 
4322	0	0	91 47 71 
4331	9	0	81 47 7f 
4343	12	0	85 1f 7f 
4343	0	0	84 4a 7f 
4343	0	0	83 4f 7f 
4343	0	0	93 50 4c 
4344	1	0	94 4b 4c 
4366	22	0	83 50 7f 
4366	0	0	84 4b 7f 
4366	0	0	93 4f 4c 
4366	0	0	94 4a 4c 
4366	0	0	91 48 71 
4376	10	0	81 48 7f 
4388	12	0	83 4f 7f 
4388	0	0	84 4a 7f 
4388	0	0	93 50 4c 
4388	0	0	94 4b 4c 
4410	22	0	84 4b 7f 
4411	1	0	83 50 7f 
4411	0	0	94 4a 4c 
4411	0	0	93 4f 4c 
4411	0	0	91 4a 71 
4421	10	0	81 4a 7f 
4433	12	0	84 4a 7f 
4433	0	0	83 4f 7f 
4433	0	0	93 50 4c 
4433	0	0	94 4b 4c 
4455	22	0	84 4b 7f 
4456	1	0	83 50 7f 
4456	0	0	94 4a 4c 
4456	0	0	91 4b 71 
4456	0	0	93 4f 4c 
4466	10	0	81 4b 7f 
4478	12	0	83 4f 7f 
4478	0	0	84 4a 7f 
4478	0	0	93 50 4c 
4478	0	0	94 4b 4c 
4500	22	0	83 50 7f 
4500	0	0	84 4b 7f 
4500	0	0	94 4a 4c 
4501	1	0	91 4f 71 
4501	0	0	93 4f 4c 
4511	10	0	81 4f 7f 
4523	12	0	83 4f 7f 
4523	0	0	84 4a 7f 
4523	0	0	91 50 71 
4523	0	0	93 50 4c 
4523	0	0	94 4b 4c 
4533	10	0	81 50 7f 
4545	12	0	84 4b 7f 
4545	0	0	83 50 7f 
4545	0	0	93 4f 4c 
4545	0	0	94 4a 4c 
4546	1	0	91 4f 71 
4556	10	0	81 4f 7f 
4567	11	0	83 4f 7f 
4568	1	0	84 4a 7f 
4568	0	0	91 50 71 
4568	0	0	93 50 4c 
4568	0	0	94 4b 4c 
4578	10	0	81 50 7f 
4590	12	0	84 4b 7f 
4590	0	0	83 50 7f 
4590	0	0	94 4a 4c 
4590	0	0	93 4f 4c 
4590	0	0	91 53 71 
4602	12	0	81 53 7f 
4612	10	0	83 4f 7f 
4613	1	0	84 4a 7f 
4613	0	0	91 54 71 
4613	0	0	93 50 4c 
4613	0	0	94 4b 4c 
4623	10	0	81 54 7f 
4635	12	0	84 4b 7f 
4635	0	0	83 50 7f 
4635	0	0	94 4a 4c 
4635	0	0	91 53 71 
4635	0	0	93 4f 4c 
4645	10	0	81 53 7f 
4657	12	0	83 4f 7f 
4657	0	0	84 4a 7f 
4657	0	0	91 54 71 
4658	1	0	93 50 4c 
4658	0	0	94 4b 4c 
4669	11	0	81 54 7f 
4680	11	0	84 4b 7f 
4680	0	0	83 50 7f 
4680	0	0	c6 7a 
4680	0	0	c1 7a 
4681	1	0	86 5c 7f 
4681	0	0	82 1f 7f 
4681	0	0	c4 7a 
4681	0	0	c5 7a 
4681	0	0	94 4a 71 
4681	0	0	96 43 71 
4681	0	0	91 4f 71 
4681	0	0	92 37 71 
4681	0	0	95 46 71 
4702	21	0	86 43 7f 
4702	0	0	85 46 7f 
4702	0	0	82 37 7f 
4703	1	0	81 4f 7f 
4703	0	0	84 4a 7f 
4769	66	0	95 3a 71 
4770	1	0	91 3e 71 
4770	0	0	92 32 71 
4792	22	0	85 3a 7f 
4792	0	0	82 32 7f 
4792	0	0	81 3e 7f 
4871	79	0	ff 51 3 c b7 35 
4871	0	0	91 3a 71 
4871	0	0	c4 32 
4871	0	0	95 37 71 
4871	0	0	92 2b 71 
4872	1	0	94 1f 7f 
4894	22	0	81 3a 7f 
4894	0	0	82 2b 7f 
4894	0	0	85 37 7f 
4916	22	0	c5 56 
4916	0	0	95 33 71 
4927	11	0	85 33 7f 
4961	34	0	95 32 71 
4972	11	0	85 32 7f 
5006	34	0	95 30 71 
5017	11	0	85 30 7f 
5051	34	0	95 2e 71 
5096	45	0	85 2e 7f 
5096	0	0	95 30 71 
5141	45	0	85 30 7f 
5141	0	0	95 2d 71 
5186	45	0	85 2d 7f 
5186	0	0	95 2e 71 
5231	45	0	85 2e 7f 
5231	0	0	95 2b 71 
5389	158	0	85 2b 7f 
5389	0	0	95 29 71 
5400	11	0	85 29 7f 
5400	0	0	95 27 71 
5412	12	0	85 27 7f 
5412	0	0	95 26 71 
5422	10	0	84 1f 7f 
5423	1	0	85 26 7f 
5423	0	0	ff 2f 0 
