TPQ: 384
TRACKS: 8
0	0	0	ff 58 4 4 2 18 8 
0	0	0	ff 51 3 9 d8 28 
0	0	1	ff 3 8 46 52 45 54 4c 45 53 53 
0	0	2	ff 3 9 41 2e 50 49 41 4e 4f 20 31 
0	0	3	ff 3 9 53 54 45 45 4c 20 47 54 52 
0	0	4	ff 3 9 4e 59 4c 4f 4e 20 47 54 52 
0	0	5	ff 3 9 53 59 4e 20 53 54 52 20 31 
0	0	6	ff 3 6 4d 45 4c 4f 44 59 
0	0	7	ff 3 8 47 53 2f 52 45 53 45 54 
0	0	7	f0 41 10 42 12 40 0 7f 0 41 f7 
1536	1536	1	b1 7 78 
1536	0	1	c1 23 
1536	0	2	c2 0 
1536	0	2	b2 7 7f 
1536	0	3	b3 7 7f 
1536	0	3	c3 19 
1536	0	4	c4 18 
1536	0	4	b4 7 78 
1536	0	5	b5 7 6a 
1536	0	5	c5 32 
1536	0	6	b6 7 73 
1536	0	6	c6 1a 
1536	0	4	94 2d 50 
1536	0	4	94 39 5f 
1536	0	3	93 45 45 
1536	0	3	93 39 2f 
1536	0	2	92 45 3b 
1536	0	2	92 51 57 
1536	0	1	91 39 64 
1536	0	7	ff 2f 0 
1632	96	2	b2 40 7f 
1632	0	3	b3 40 7f 
1648	16	4	b4 40 7f 
1728	80	4	94 34 59 
1728	0	4	94 3b 44 
1728	0	3	93 40 38 
1728	0	3	93 47 45 
1728	0	2	92 53 57 
1728	0	2	92 4c 46 
1732	4	4	84 39 0 
1758	26	3	83 45 0 
1758	0	2	82 51 0 
1888	130	4	84 3b 0 
1902	14	3	83 47 0 
1902	0	2	82 53 0 
1920	18	4	84 34 0 
1920	0	4	94 40 4a 
1920	0	3	93 4c 3e 
1920	0	2	92 58 4e 
1934	14	4	84 2d 0 
2066	132	4	84 40 0 
2078	12	3	83 4c 0 
2078	0	2	82 58 0 
2112	34	4	94 39 52 
2244	132	4	84 39 0 
2304	60	4	94 34 3a 
2304	0	4	94 3b 44 
2460	156	4	84 3b 0 
2488	28	4	84 34 0 
2496	8	4	94 40 48 
2660	164	4	84 40 0 
2688	28	4	94 3b 44 
2794	106	3	83 40 0 
2794	0	2	82 4c 0 
2860	66	4	84 3b 0 
2880	20	4	94 2d 48 
2880	0	4	94 39 55 
2920	40	3	83 39 0 
2920	0	2	82 45 0 
3016	96	4	84 39 0 
3038	22	4	84 2d 0 
3052	14	4	b4 40 0 
3062	10	2	b2 40 0 
3062	0	3	b3 40 0 
3072	10	4	94 2c 3b 
3072	0	4	94 34 40 
3072	0	4	94 38 42 
3072	0	3	93 44 45 
3072	0	2	92 50 57 
3072	0	1	91 38 5c 
3078	6	1	81 39 0 
3162	84	2	b2 40 7f 
3162	0	3	b3 40 7f 
3190	28	4	b4 40 7f 
3260	70	4	84 38 0 
3264	4	4	94 3b 42 
3264	0	3	93 47 44 
3264	0	2	92 53 55 
3286	22	4	84 34 0 
3294	8	4	84 2c 0 
3308	14	3	83 44 0 
3308	0	2	82 50 0 
3412	104	4	84 3b 0 
3456	44	4	94 40 57 
3456	0	3	93 4c 36 
3456	0	2	92 58 44 
3494	38	3	83 47 0 
3494	0	2	82 53 0 
3562	68	4	84 40 0 
3632	70	3	83 4c 0 
3632	0	2	82 58 0 
3648	16	4	94 38 52 
3648	0	4	94 34 3c 
3744	96	4	84 34 0 
3760	16	4	84 38 0 
3840	80	4	94 3b 3c 
3944	104	4	84 3b 0 
4032	88	4	94 40 46 
4144	112	4	84 40 0 
4224	80	4	94 3b 4c 
4224	0	4	94 34 3b 
4352	128	4	84 34 0 
4360	8	4	84 3b 0 
4416	56	4	94 38 3b 
4506	90	4	84 38 0 
4536	30	4	b4 40 0 
4564	28	1	81 38 0 
4608	44	4	94 37 46 
4608	0	4	94 34 42 
4608	0	4	94 2f 46 
4608	0	3	93 43 4e 
4608	0	2	92 4f 62 
4608	0	1	91 37 49 
4614	6	2	b2 40 0 
4614	0	3	b3 40 0 
4710	96	2	b2 40 7f 
4710	0	3	b3 40 7f 
4740	30	4	b4 40 7f 
4800	60	4	94 3b 48 
4800	0	3	93 47 3c 
4800	0	2	92 53 4c 
4824	24	4	84 37 0 
4828	4	3	83 43 0 
4828	0	2	82 4f 0 
4928	100	4	84 2f 0 
4936	8	4	84 34 0 
4940	4	4	84 3b 0 
4992	52	3	83 47 0 
4992	0	2	82 53 0 
4992	0	4	94 40 4a 
5132	140	4	84 40 0 
5184	52	4	94 37 44 
5184	0	4	94 34 40 
5342	158	4	84 37 0 
5376	34	4	94 3b 3a 
5404	28	4	84 34 0 
5504	100	4	84 3b 0 
5568	64	4	94 40 48 
5720	152	4	84 40 0 
5760	40	4	94 34 3e 
5760	0	4	94 3b 46 
5950	190	4	84 3b 0 
5952	2	4	94 37 38 
5972	20	4	84 34 0 
6028	56	4	84 37 0 
6072	44	4	b4 40 0 
6120	48	1	81 37 0 
6140	20	2	b2 40 0 
6140	0	3	b3 40 0 
6144	4	4	94 36 3e 
6144	0	4	94 39 55 
6144	0	4	94 32 44 
6144	0	3	93 45 38 
6144	0	3	93 42 30 
6144	0	3	93 4c 39 
6144	0	2	92 58 48 
6144	0	2	92 4e 3d 
6144	0	2	92 51 46 
6144	0	1	91 36 49 
6272	128	2	b2 40 7f 
6272	0	3	b3 40 7f 
6312	40	4	b4 40 7f 
6328	16	4	84 39 0 
6336	8	4	94 3b 35 
6426	90	4	84 3b 0 
6476	50	4	84 36 0 
6488	12	4	84 32 0 
6528	40	4	94 40 55 
6624	96	4	84 40 0 
6720	96	4	94 32 50 
6720	0	4	94 39 40 
6816	96	4	84 39 0 
6912	96	4	94 3b 40 
6990	78	4	84 3b 0 
7030	40	4	84 32 0 
7082	52	3	83 45 0 
7082	0	2	82 51 0 
7090	8	3	83 4c 0 
7090	0	2	82 58 0 
7096	6	3	83 42 0 
7096	0	2	82 4e 0 
7104	8	4	94 40 46 
7212	108	4	84 40 0 
7296	84	4	94 3b 3c 
7378	82	4	84 3b 0 
7448	70	2	b2 40 0 
7448	0	3	b3 40 0 
7488	40	4	94 39 48 
7552	64	4	84 39 0 
7604	52	1	81 36 0 
7620	16	4	b4 40 0 
7680	60	4	94 40 4c 
7680	0	4	94 39 40 
7680	0	4	94 35 2f 
7680	0	4	94 32 2a 
7680	0	3	93 4c 54 
7680	0	3	93 41 41 
7680	0	2	92 4d 52 
7680	0	2	92 58 69 
7680	0	1	91 35 43 
7856	176	4	b4 40 7f 
7872	16	4	94 3e 36 
7872	0	3	93 45 47 
7872	0	2	92 51 59 
7882	10	4	84 39 0 
7896	14	4	84 40 0 
7992	96	2	b2 40 7f 
7992	0	3	b3 40 7f 
8016	24	4	84 3e 0 
8016	0	3	83 4c 0 
8016	0	2	82 58 0 
8064	48	4	94 39 4e 
8074	10	4	84 32 0 
8104	30	4	84 35 0 
8214	110	4	84 39 0 
8256	42	4	94 35 42 
8256	0	4	94 3e 46 
8256	0	3	93 4c 5c 
8256	0	2	92 58 74 
8268	12	3	83 45 0 
8268	0	2	82 51 0 
8286	18	3	83 41 0 
8286	0	2	82 4d 0 
8422	136	3	83 4c 0 
8422	0	2	82 58 0 
8432	10	4	84 3e 0 
8448	16	4	94 39 48 
8592	144	4	84 39 0 
8640	48	4	94 40 59 
8640	0	3	93 45 4a 
8640	0	2	92 51 5d 
8698	58	4	84 35 0 
8726	28	3	83 45 0 
8726	0	2	82 51 0 
8780	54	4	84 40 0 
8832	52	4	94 3e 44 
8832	0	3	93 4a 5a 
8832	0	2	92 56 71 
8904	72	3	83 4a 0 
8904	0	2	82 56 0 
8960	56	4	84 3e 0 
9024	64	4	94 39 3e 
9102	78	2	b2 40 0 
9102	0	3	b3 40 0 
9120	18	4	84 39 0 
9152	32	4	b4 40 0 
9208	56	1	81 35 0 
9216	8	4	94 2d 46 
9216	0	4	94 40 57 
9216	0	4	94 39 46 
9216	0	3	93 4a 45 
9216	0	3	93 40 2d 
9216	0	3	93 3d 2f 
9216	0	3	93 39 34 
9216	0	2	92 45 42 
9216	0	2	92 49 3b 
9216	0	2	92 4c 39 
9216	0	2	92 56 57 
9216	0	1	91 34 49 
9338	122	2	b2 40 7f 
9338	0	3	b3 40 7f 
9408	70	4	94 3d 3e 
9408	0	4	94 34 3c 
9408	0	3	93 49 4c 
9408	0	2	92 55 5f 
9410	2	3	83 4a 0 
9410	0	2	82 56 0 
9432	22	4	84 39 0 
9454	22	4	b4 40 7f 
9470	16	4	84 40 0 
9528	58	3	83 49 0 
9528	0	2	82 55 0 
9560	32	4	84 3d 0 
9566	6	3	83 40 0 
9566	0	2	82 4c 0 
9600	34	4	94 39 50 
9600	0	3	93 45 50 
9600	0	2	92 51 64 
9678	78	4	84 34 0 
9686	8	4	84 2d 0 
9698	12	4	84 39 0 
9758	60	3	83 45 0 
9758	0	2	82 51 0 
9792	34	4	94 40 59 
9792	0	3	93 40 36 
9792	0	2	92 4c 44 
9904	112	4	84 40 0 
9984	80	4	94 3d 44 
10108	124	4	84 3d 0 
10176	68	4	94 39 48 
10176	0	4	94 34 3e 
10320	144	4	84 39 0 
10368	48	4	94 3d 44 
10392	24	3	83 39 0 
10392	0	3	83 3d 0 
10392	0	3	83 40 0 
10392	0	2	82 49 0 
10392	0	2	82 45 0 
10392	0	2	82 4c 0 
10468	76	2	b2 40 0 
10468	0	3	b3 40 0 
10480	12	4	84 34 0 
10520	40	4	84 3d 0 
10560	40	4	94 40 48 
10640	80	1	81 34 0 
10642	2	4	84 40 0 
10672	30	4	b4 40 0 
10752	80	4	94 40 4c 
10752	0	4	94 39 40 
10752	0	4	94 35 2f 
10752	0	4	94 32 2a 
10752	0	3	93 32 38 
10752	0	3	93 45 4e 
10752	0	2	92 51 62 
10752	0	2	92 3e 46 
10752	0	1	91 32 49 
10904	152	2	b2 40 7f 
10904	0	3	b3 40 7f 
10928	24	4	b4 40 7f 
10944	16	4	94 3e 36 
10944	0	3	93 41 44 
10944	0	2	92 4d 55 
10954	10	4	84 39 0 
10968	14	4	84 40 0 
11088	120	4	84 3e 0 
11112	24	3	83 45 0 
11112	0	2	82 51 0 
11122	10	3	83 41 0 
11122	0	2	82 4d 0 
11136	14	0	ff 51 3 9 f3 84 
11136	0	4	94 39 4e 
11136	0	3	93 3e 44 
11136	0	2	92 4a 55 
11146	10	4	84 32 0 
11176	30	4	84 35 0 
11286	110	4	84 39 0 
11318	32	3	83 3e 0 
11318	0	2	82 4a 0 
11328	10	4	94 35 42 
11328	0	4	94 3e 46 
11328	0	4	94 41 4e 
11328	0	3	93 39 40 
11328	0	2	92 45 50 
11504	176	4	84 3e 0 
11520	16	0	ff 51 3 a 2c 1e 
11520	0	4	94 39 48 
11664	144	4	84 39 0 
11678	14	3	83 32 0 
11678	0	3	83 39 0 
11678	0	2	82 3e 0 
11678	0	2	82 45 0 
11712	34	4	94 40 59 
11744	32	4	84 41 0 
11770	26	4	84 35 0 
11852	82	4	84 40 0 
11904	52	0	ff 51 3 a 49 60 
11904	0	4	94 3e 44 
12032	128	4	84 3e 0 
12092	60	2	b2 40 0 
12092	0	3	b3 40 0 
12096	4	4	94 39 3e 
12192	96	4	84 39 0 
12224	32	4	b4 40 0 
12272	48	1	81 32 0 
12288	16	0	ff 51 3 a 85 ec 
12288	0	4	94 28 4e 
12288	0	3	93 38 38 
12288	0	3	93 34 4a 
12288	0	2	92 40 5d 
12288	0	2	92 44 46 
12288	0	1	91 28 4d 
12432	144	2	b2 40 7f 
12432	0	3	b3 40 7f 
12480	48	4	94 2f 44 
12480	0	4	94 34 55 
12480	0	3	93 3e 38 
12480	0	2	92 4a 46 
12662	182	3	83 3e 0 
12662	0	2	82 4a 0 
12672	10	0	ff 51 3 a c5 58 
12672	0	4	94 39 50 
12672	0	3	93 40 45 
12672	0	2	92 4c 57 
12688	16	4	b4 40 7f 
12842	154	4	84 39 0 
12864	22	4	94 3b 46 
12864	0	3	93 3b 40 
12864	0	2	92 47 50 
12882	18	3	83 40 0 
12882	0	2	82 4c 0 
13000	118	4	84 34 0 
13000	0	3	83 3b 0 
13000	0	2	82 47 0 
13002	2	4	84 3b 0 
13020	18	4	84 28 0 
13024	4	4	84 2f 0 
13024	0	3	83 38 0 
13024	0	2	82 44 0 
13042	18	3	83 34 0 
13042	0	2	82 40 0 
13054	12	4	b4 40 0 
13056	2	0	ff 51 3 a e6 21 
13056	0	4	94 28 13 
13056	0	4	94 40 46 
13056	0	4	94 38 39 
13056	0	4	94 3b 3b 
13056	0	3	93 47 39 
13056	0	2	92 53 48 
13122	66	2	b2 40 0 
13122	0	3	b3 40 0 
13440	318	0	ff 51 3 b 2a 2d 
13440	0	6	96 3d 70 
13500	60	1	81 28 0 
13594	94	6	86 3d 0 
13632	38	6	96 3e 70 
13638	6	3	83 47 0 
13638	0	2	82 53 0 
13684	46	4	84 3b 0 
13688	4	4	84 38 0 
13688	0	4	84 40 0 
13688	0	4	84 28 0 
13768	80	6	86 3e 0 
13824	56	0	ff 51 3 9 d8 28 
13824	0	6	96 40 70 
13824	0	4	94 2d 50 
13824	0	4	94 39 5f 
13824	0	1	91 39 64 
13936	112	4	b4 40 7f 
14016	80	4	94 34 59 
14016	0	4	94 3b 44 
14020	4	4	84 39 0 
14176	156	4	84 3b 0 
14208	32	4	84 34 0 
14208	0	4	94 40 4a 
14222	14	4	84 2d 0 
14336	114	6	86 40 0 
14354	18	4	84 40 0 
14400	46	6	96 40 70 
14400	0	4	94 39 52 
14504	104	6	86 40 0 
14532	28	4	84 39 0 
14592	60	6	96 40 70 
14592	0	4	94 34 3a 
14592	0	4	94 3b 44 
14748	156	4	84 3b 0 
14776	28	4	84 34 0 
14784	8	4	94 40 48 
14888	104	6	86 40 0 
14948	60	4	84 40 0 
14976	28	6	96 40 70 
14976	0	4	94 3b 44 
15096	120	6	86 40 0 
15148	52	4	84 3b 0 
15168	20	6	96 40 70 
15168	0	4	94 2d 48 
15168	0	4	94 39 55 
15304	136	4	84 39 0 
15326	22	4	84 2d 0 
15340	14	4	b4 40 0 
15360	20	4	94 2c 3b 
15360	0	4	94 34 40 
15360	0	4	94 38 42 
15360	0	1	91 38 5c 
15366	6	1	81 39 0 
15478	112	4	b4 40 7f 
15548	70	4	84 38 0 
15552	4	4	94 3b 42 
15574	22	4	84 34 0 
15582	8	4	84 2c 0 
15682	100	6	86 40 0 
15700	18	4	84 3b 0 
15744	44	6	96 3e 70 
15744	0	4	94 40 57 
15850	106	4	84 40 0 
15936	86	4	94 38 52 
15936	0	4	94 34 3c 
16032	96	4	84 34 0 
16048	16	4	84 38 0 
16128	80	6	96 3d 70 
16128	0	4	94 3b 3c 
16148	20	6	86 3e 0 
16232	84	4	84 3b 0 
16288	56	6	86 3d 0 
16320	32	6	96 3e 70 
16320	0	4	94 40 46 
16432	112	4	84 40 0 
16512	80	4	94 3b 4c 
16512	0	4	94 34 3b 
16636	124	6	86 3e 0 
16640	4	4	84 34 0 
16648	8	4	84 3b 0 
16704	56	6	96 40 70 
16704	0	4	94 38 3b 
16794	90	4	84 38 0 
16824	30	4	b4 40 0 
16852	28	1	81 38 0 
16896	44	4	94 37 46 
16896	0	4	94 34 42 
16896	0	4	94 2f 46 
16896	0	1	91 37 49 
17000	104	6	86 40 0 
17028	28	4	b4 40 7f 
17088	60	6	96 40 70 
17088	0	4	94 3b 48 
17112	24	4	84 37 0 
17216	104	4	84 2f 0 
17224	8	4	84 34 0 
17228	4	4	84 3b 0 
17280	52	4	94 40 4a 
17400	120	6	86 40 0 
17420	20	4	84 40 0 
17472	52	6	96 3e 70 
17472	0	4	94 37 44 
17472	0	4	94 34 40 
17630	158	4	84 37 0 
17664	34	4	94 3b 3a 
17692	28	4	84 34 0 
17792	100	4	84 3b 0 
17794	2	6	86 3e 0 
17856	62	6	96 3d 70 
17856	0	4	94 40 48 
18008	152	4	84 40 0 
18048	40	4	94 34 3e 
18048	0	4	94 3b 46 
18172	124	6	86 3d 0 
18238	66	4	84 3b 0 
18240	2	6	96 39 70 
18240	0	4	94 37 38 
18260	20	4	84 34 0 
18316	56	4	84 37 0 
18360	44	4	b4 40 0 
18408	48	1	81 37 0 
18432	24	4	94 36 3e 
18432	0	4	94 39 55 
18432	0	4	94 32 44 
18432	0	1	91 36 49 
18600	168	4	b4 40 7f 
18616	16	4	84 39 0 
18624	8	4	94 3b 35 
18714	90	4	84 3b 0 
18764	50	4	84 36 0 
18776	12	4	84 32 0 
18816	40	4	94 40 55 
18912	96	4	84 40 0 
19008	96	4	94 32 50 
19008	0	4	94 39 40 
19104	96	4	84 39 0 
19200	96	4	94 3b 40 
19278	78	4	84 3b 0 
19318	40	4	84 32 0 
19392	74	4	94 40 46 
19496	104	6	86 39 0 
19500	4	4	84 40 0 
19584	84	4	94 3b 3c 
19666	82	4	84 3b 0 
19776	110	6	96 39 70 
19776	0	4	94 39 48 
19840	64	4	84 39 0 
19892	52	1	81 36 0 
19908	16	4	b4 40 0 
19944	36	6	86 39 0 
19968	24	6	96 3e 70 
19968	0	4	94 40 4c 
19968	0	4	94 39 40 
19968	0	4	94 35 2f 
19968	0	4	94 32 2a 
19968	0	1	91 35 43 
20144	176	4	b4 40 7f 
20160	16	4	94 3e 36 
20170	10	4	84 39 0 
20184	14	4	84 40 0 
20296	112	6	86 3e 0 
20304	8	4	84 3e 0 
20352	48	6	96 3e 70 
20352	0	4	94 39 4e 
20362	10	4	84 32 0 
20392	30	4	84 35 0 
20502	110	4	84 39 0 
20518	16	6	86 3e 0 
20544	26	6	96 3d 70 
20544	0	4	94 35 42 
20544	0	4	94 3e 46 
20720	176	4	84 3e 0 
20736	16	4	94 39 48 
20872	136	6	86 3d 0 
20880	8	4	84 39 0 
20928	48	6	96 39 70 
20928	0	4	94 40 59 
20986	58	4	84 35 0 
21068	82	4	84 40 0 
21120	52	4	94 3e 44 
21224	104	6	86 39 0 
21248	24	4	84 3e 0 
21312	64	6	96 34 70 
21312	0	4	94 39 3e 
21408	96	4	84 39 0 
21440	32	4	b4 40 0 
21496	56	1	81 35 0 
21504	8	4	94 2d 46 
21504	0	4	94 40 57 
21504	0	4	94 39 46 
21504	0	1	91 34 49 
21696	192	4	94 3d 3e 
21696	0	4	94 34 3c 
21720	24	4	84 39 0 
21742	22	4	b4 40 7f 
21758	16	4	84 40 0 
21848	90	4	84 3d 0 
21888	40	4	94 39 50 
21966	78	4	84 34 0 
21974	8	4	84 2d 0 
21986	12	4	84 39 0 
22080	94	4	94 40 59 
22192	112	4	84 40 0 
22272	80	4	94 3d 44 
22396	124	4	84 3d 0 
22464	68	4	94 39 48 
22464	0	4	94 34 3e 
22608	144	4	84 39 0 
22656	48	4	94 3d 44 
22702	46	6	86 34 0 
22768	66	4	84 34 0 
22808	40	4	84 3d 0 
22848	40	6	96 34 70 
22848	0	4	94 40 48 
22928	80	1	81 34 0 
22930	2	4	84 40 0 
22956	26	6	86 34 0 
22960	4	4	b4 40 0 
23040	80	6	96 35 70 
23040	0	4	94 40 4c 
23040	0	4	94 39 40 
23040	0	4	94 35 2f 
23040	0	4	94 32 2a 
23040	0	1	91 32 49 
23216	176	4	b4 40 7f 
23232	16	4	94 3e 36 
23242	10	4	84 39 0 
23256	14	4	84 40 0 
23342	86	6	86 35 0 
23376	34	4	84 3e 0 
23424	48	6	96 35 70 
23424	0	4	94 39 4e 
23434	10	4	84 32 0 
23464	30	4	84 35 0 
23562	98	6	86 35 0 
23574	12	4	84 39 0 
23616	42	6	96 39 70 
23616	0	4	94 35 42 
23616	0	4	94 3e 46 
23616	0	4	94 41 4e 
23792	176	4	84 3e 0 
23808	16	4	94 39 48 
23924	116	6	86 39 0 
23952	28	4	84 39 0 
24000	48	6	96 40 70 
24000	0	4	94 40 59 
24032	32	4	84 41 0 
24058	26	4	84 35 0 
24140	82	4	84 40 0 
24192	52	4	94 3e 44 
24320	128	4	84 3e 0 
24324	4	6	86 40 0 
24384	60	6	96 3b 70 
24384	0	4	94 39 3e 
24480	96	4	84 39 0 
24512	32	4	b4 40 0 
24560	48	1	81 32 0 
24576	16	4	94 28 4e 
24576	0	1	91 28 4d 
24768	192	4	94 2f 44 
24768	0	4	94 34 55 
24960	192	4	94 39 50 
24976	16	4	b4 40 7f 
25130	154	4	84 39 0 
25152	22	4	94 3b 46 
25288	136	4	84 34 0 
25290	2	4	84 3b 0 
25308	18	4	84 28 0 
25312	4	4	84 2f 0 
25342	30	4	b4 40 0 
25344	2	4	94 28 13 
25344	0	4	94 40 46 
25344	0	4	94 38 39 
25344	0	4	94 3b 3b 
25702	358	6	86 3b 0 
25728	26	6	96 3d 70 
25788	60	1	81 28 0 
25906	118	6	86 3d 0 
25920	14	6	96 3e 70 
25972	52	4	84 3b 0 
25976	4	4	84 38 0 
25976	0	4	84 40 0 
25976	0	4	84 28 0 
26068	92	6	86 3e 0 
26112	44	6	96 40 70 
26112	0	4	94 2d 50 
26112	0	4	94 39 5f 
26112	0	3	93 45 45 
26112	0	3	93 39 2f 
26112	0	2	92 45 3b 
26112	0	2	92 51 57 
26112	0	1	91 39 64 
26208	96	2	b2 40 7f 
26208	0	3	b3 40 7f 
26224	16	4	b4 40 7f 
26304	80	4	94 34 59 
26304	0	4	94 3b 44 
26304	0	3	93 40 38 
26304	0	3	93 47 45 
26304	0	2	92 53 57 
26304	0	2	92 4c 46 
26308	4	4	84 39 0 
26334	26	3	83 45 0 
26334	0	2	82 51 0 
26464	130	4	84 3b 0 
26478	14	3	83 47 0 
26478	0	2	82 53 0 
26496	18	4	84 34 0 
26496	0	4	94 40 4a 
26496	0	3	93 4c 3e 
26496	0	2	92 58 4e 
26510	14	4	84 2d 0 
26624	114	6	86 40 0 
26642	18	4	84 40 0 
26654	12	3	83 4c 0 
26654	0	2	82 58 0 
26688	34	6	96 40 70 
26688	0	4	94 39 52 
26792	104	6	86 40 0 
26820	28	4	84 39 0 
26880	60	6	96 40 70 
26880	0	4	94 34 3a 
26880	0	4	94 3b 44 
27036	156	4	84 3b 0 
27064	28	4	84 34 0 
27072	8	4	94 40 48 
27176	104	6	86 40 0 
27236	60	4	84 40 0 
27264	28	6	96 40 70 
27264	0	4	94 3b 44 
27370	106	3	83 40 0 
27370	0	2	82 4c 0 
27384	14	6	86 40 0 
27436	52	4	84 3b 0 
27456	20	6	96 40 70 
27456	0	4	94 2d 48 
27456	0	4	94 39 55 
27496	40	3	83 39 0 
27496	0	2	82 45 0 
27592	96	4	84 39 0 
27614	22	4	84 2d 0 
27628	14	4	b4 40 0 
27638	10	2	b2 40 0 
27638	0	3	b3 40 0 
27648	10	4	94 2c 3b 
27648	0	4	94 34 40 
27648	0	4	94 38 42 
27648	0	3	93 44 45 
27648	0	2	92 50 57 
27648	0	1	91 38 5c 
27654	6	1	81 39 0 
27738	84	2	b2 40 7f 
27738	0	3	b3 40 7f 
27766	28	4	b4 40 7f 
27836	70	4	84 38 0 
27840	4	4	94 3b 42 
27840	0	3	93 47 44 
27840	0	2	92 53 55 
27862	22	4	84 34 0 
27870	8	4	84 2c 0 
27884	14	3	83 44 0 
27884	0	2	82 50 0 
27970	86	6	86 40 0 
27988	18	4	84 3b 0 
28032	44	6	96 3e 70 
28032	0	4	94 40 57 
28032	0	3	93 4c 36 
28032	0	2	92 58 44 
28070	38	3	83 47 0 
28070	0	2	82 53 0 
28138	68	4	84 40 0 
28208	70	3	83 4c 0 
28208	0	2	82 58 0 
28224	16	4	94 38 52 
28224	0	4	94 34 3c 
28320	96	4	84 34 0 
28336	16	4	84 38 0 
28416	80	6	96 3d 70 
28416	0	4	94 3b 3c 
28436	20	6	86 3e 0 
28520	84	4	84 3b 0 
28576	56	6	86 3d 0 
28608	32	6	96 3e 70 
28608	0	4	94 40 46 
28720	112	4	84 40 0 
28800	80	4	94 3b 4c 
28800	0	4	94 34 3b 
28924	124	6	86 3e 0 
28928	4	4	84 34 0 
28936	8	4	84 3b 0 
28992	56	6	96 40 70 
28992	0	4	94 38 3b 
29082	90	4	84 38 0 
29112	30	4	b4 40 0 
29140	28	1	81 38 0 
29184	44	4	94 37 46 
29184	0	4	94 34 42 
29184	0	4	94 2f 46 
29184	0	3	93 43 4e 
29184	0	2	92 4f 62 
29184	0	1	91 37 49 
29190	6	2	b2 40 0 
29190	0	3	b3 40 0 
29286	96	2	b2 40 7f 
29286	0	3	b3 40 7f 
29288	2	6	86 40 0 
29316	28	4	b4 40 7f 
29376	60	6	96 40 70 
29376	0	4	94 3b 48 
29376	0	3	93 47 3c 
29376	0	2	92 53 4c 
29400	24	4	84 37 0 
29404	4	3	83 43 0 
29404	0	2	82 4f 0 
29504	100	4	84 2f 0 
29512	8	4	84 34 0 
29516	4	4	84 3b 0 
29568	52	3	83 47 0 
29568	0	2	82 53 0 
29568	0	4	94 40 4a 
29688	120	6	86 40 0 
29708	20	4	84 40 0 
29760	52	6	96 3e 70 
29760	0	4	94 37 44 
29760	0	4	94 34 40 
29918	158	4	84 37 0 
29952	34	4	94 3b 3a 
29980	28	4	84 34 0 
30080	100	4	84 3b 0 
30082	2	6	86 3e 0 
30144	62	6	96 3d 70 
30144	0	4	94 40 48 
30296	152	4	84 40 0 
30336	40	4	94 34 3e 
30336	0	4	94 3b 46 
30460	124	6	86 3d 0 
30526	66	4	84 3b 0 
30528	2	6	96 39 70 
30528	0	4	94 37 38 
30548	20	4	84 34 0 
30604	56	4	84 37 0 
30648	44	4	b4 40 0 
30696	48	1	81 37 0 
30716	20	2	b2 40 0 
30716	0	3	b3 40 0 
30720	4	4	94 36 3e 
30720	0	4	94 39 55 
30720	0	4	94 32 44 
30720	0	3	93 45 38 
30720	0	3	93 42 30 
30720	0	3	93 4c 39 
30720	0	2	92 58 48 
30720	0	2	92 4e 3d 
30720	0	2	92 51 46 
30720	0	1	91 32 49 
30848	128	2	b2 40 7f 
30848	0	3	b3 40 7f 
30888	40	4	b4 40 7f 
30904	16	4	84 39 0 
30912	8	4	94 3b 35 
31002	90	4	84 3b 0 
31052	50	4	84 36 0 
31064	12	4	84 32 0 
31104	40	4	94 40 55 
31200	96	4	84 40 0 
31296	96	4	94 32 50 
31296	0	4	94 39 40 
31392	96	4	84 39 0 
31488	96	4	94 3b 40 
31566	78	4	84 3b 0 
31606	40	4	84 32 0 
31658	52	3	83 45 0 
31658	0	2	82 51 0 
31666	8	3	83 4c 0 
31666	0	2	82 58 0 
31672	6	3	83 42 0 
31672	0	2	82 4e 0 
31680	8	4	94 40 46 
31784	104	6	86 39 0 
31788	4	4	84 40 0 
31872	84	4	94 3b 3c 
31954	82	4	84 3b 0 
32024	70	2	b2 40 0 
32024	0	3	b3 40 0 
32064	40	6	96 39 70 
32064	0	4	94 39 48 
32128	64	4	84 39 0 
32180	52	1	81 32 0 
32196	16	4	b4 40 0 
32232	36	6	86 39 0 
32256	24	6	96 3e 70 
32256	0	4	94 40 4c 
32256	0	4	94 39 40 
32256	0	4	94 35 2f 
32256	0	4	94 32 2a 
32256	0	3	93 4c 54 
32256	0	3	93 41 41 
32256	0	2	92 4d 52 
32256	0	2	92 58 69 
32256	0	1	91 35 43 
32432	176	4	b4 40 7f 
32448	16	4	94 3e 36 
32448	0	3	93 45 47 
32448	0	2	92 51 59 
32458	10	4	84 39 0 
32472	14	4	84 40 0 
32568	96	2	b2 40 7f 
32568	0	3	b3 40 7f 
32584	16	6	86 3e 0 
32592	8	4	84 3e 0 
32592	0	3	83 4c 0 
32592	0	2	82 58 0 
32640	48	6	96 3e 70 
32640	0	4	94 39 4e 
32650	10	4	84 32 0 
32680	30	4	84 35 0 
32790	110	4	84 39 0 
32806	16	6	86 3e 0 
32832	26	6	96 3d 70 
32832	0	4	94 35 42 
32832	0	4	94 3e 46 
32832	0	3	93 4c 5c 
32832	0	2	92 58 74 
32844	12	3	83 45 0 
32844	0	2	82 51 0 
32862	18	3	83 41 0 
32862	0	2	82 4d 0 
32998	136	3	83 4c 0 
32998	0	2	82 58 0 
33008	10	4	84 3e 0 
33024	16	4	94 39 48 
33160	136	6	86 3d 0 
33168	8	4	84 39 0 
33216	48	6	96 39 70 
33216	0	4	94 40 59 
33216	0	3	93 45 4a 
33216	0	2	92 51 5d 
33274	58	4	84 35 0 
33302	28	3	83 45 0 
33302	0	2	82 51 0 
33356	54	4	84 40 0 
33408	52	4	94 3e 44 
33408	0	3	93 4a 5a 
33408	0	2	92 56 71 
33480	72	3	83 4a 0 
33480	0	2	82 56 0 
33512	32	6	86 39 0 
33536	24	4	84 3e 0 
33600	64	6	96 34 70 
33600	0	4	94 39 3e 
33678	78	2	b2 40 0 
33678	0	3	b3 40 0 
33696	18	4	84 39 0 
33728	32	4	b4 40 0 
33784	56	1	81 35 0 
33792	8	4	94 2d 46 
33792	0	4	94 40 57 
33792	0	4	94 39 46 
33792	0	3	93 4a 45 
33792	0	3	93 40 2d 
33792	0	3	93 3d 2f 
33792	0	3	93 39 34 
33792	0	2	92 45 42 
33792	0	2	92 49 3b 
33792	0	2	92 4c 39 
33792	0	2	92 56 57 
33792	0	1	91 34 49 
33914	122	2	b2 40 7f 
33914	0	3	b3 40 7f 
33984	70	4	94 3d 3e 
33984	0	4	94 34 3c 
33984	0	3	93 49 4c 
33984	0	2	92 55 5f 
33986	2	3	83 4a 0 
33986	0	2	82 56 0 
34008	22	4	84 39 0 
34030	22	4	b4 40 7f 
34046	16	4	84 40 0 
34104	58	3	83 49 0 
34104	0	2	82 55 0 
34136	32	4	84 3d 0 
34142	6	3	83 40 0 
34142	0	2	82 4c 0 
34176	34	4	94 39 50 
34176	0	3	93 45 50 
34176	0	2	92 51 64 
34254	78	4	84 34 0 
34262	8	4	84 2d 0 
34274	12	4	84 39 0 
34334	60	3	83 45 0 
34334	0	2	82 51 0 
34368	34	4	94 40 59 
34368	0	3	93 40 36 
34368	0	2	92 4c 44 
34480	112	4	84 40 0 
34560	80	4	94 3d 44 
34684	124	4	84 3d 0 
34752	68	4	94 39 48 
34752	0	4	94 34 3e 
34896	144	4	84 39 0 
34944	48	4	94 3d 44 
34968	24	3	83 39 0 
34968	0	3	83 3d 0 
34968	0	3	83 40 0 
34968	0	2	82 49 0 
34968	0	2	82 45 0 
34968	0	2	82 4c 0 
34990	22	6	86 34 0 
35044	54	2	b2 40 0 
35044	0	3	b3 40 0 
35056	12	4	84 34 0 
35096	40	4	84 3d 0 
35136	40	6	96 34 70 
35136	0	4	94 40 48 
35216	80	1	81 34 0 
35218	2	4	84 40 0 
35244	26	6	86 34 0 
35248	4	4	b4 40 0 
35328	80	6	96 35 70 
35328	0	4	94 40 4c 
35328	0	4	94 39 40 
35328	0	4	94 35 2f 
35328	0	4	94 32 2a 
35328	0	3	93 32 38 
35328	0	3	93 45 4e 
35328	0	2	92 51 62 
35328	0	2	92 3e 46 
35328	0	1	91 32 49 
35480	152	2	b2 40 7f 
35480	0	3	b3 40 7f 
35504	24	4	b4 40 7f 
35520	16	4	94 3e 36 
35520	0	3	93 41 44 
35520	0	2	92 4d 55 
35530	10	4	84 39 0 
35544	14	4	84 40 0 
35630	86	6	86 35 0 
35664	34	4	84 3e 0 
35688	24	3	83 45 0 
35688	0	2	82 51 0 
35698	10	3	83 41 0 
35698	0	2	82 4d 0 
35712	14	6	96 35 70 
35712	0	4	94 39 4e 
35712	0	3	93 3e 44 
35712	0	2	92 4a 55 
35722	10	4	84 32 0 
35752	30	4	84 35 0 
35850	98	6	86 35 0 
35862	12	4	84 39 0 
35894	32	3	83 3e 0 
35894	0	2	82 4a 0 
35904	10	6	96 39 70 
35904	0	4	94 35 42 
35904	0	4	94 3e 46 
35904	0	4	94 41 4e 
35904	0	3	93 39 40 
35904	0	2	92 45 50 
36080	176	4	84 3e 0 
36096	16	4	94 39 48 
36212	116	6	86 39 0 
36240	28	4	84 39 0 
36254	14	3	83 32 0 
36254	0	3	83 39 0 
36254	0	2	82 3e 0 
36254	0	2	82 45 0 
36288	34	6	96 40 70 
36288	0	4	94 40 59 
36320	32	4	84 41 0 
36346	26	4	84 35 0 
36428	82	4	84 40 0 
36480	52	4	94 3e 44 
36608	128	4	84 3e 0 
36612	4	6	86 40 0 
36668	56	2	b2 40 0 
36668	0	3	b3 40 0 
36672	4	6	96 3b 70 
36672	0	4	94 39 3e 
36768	96	4	84 39 0 
36800	32	4	b4 40 0 
36848	48	1	81 32 0 
36864	16	4	94 28 4e 
36864	0	3	93 38 38 
36864	0	3	93 34 4a 
36864	0	2	92 40 5d 
36864	0	2	92 44 46 
36864	0	1	91 28 4d 
37008	144	2	b2 40 7f 
37008	0	3	b3 40 7f 
37056	48	4	94 2f 44 
37056	0	4	94 34 55 
37056	0	3	93 3e 38 
37056	0	2	92 4a 46 
37238	182	3	83 3e 0 
37238	0	2	82 4a 0 
37248	10	4	94 39 50 
37248	0	3	93 40 45 
37248	0	2	92 4c 57 
37264	16	4	b4 40 7f 
37418	154	4	84 39 0 
37440	22	4	94 3b 46 
37440	0	3	93 3b 40 
37440	0	2	92 47 50 
37458	18	3	83 40 0 
37458	0	2	82 4c 0 
37576	118	4	84 34 0 
37576	0	3	83 3b 0 
37576	0	2	82 47 0 
37578	2	4	84 3b 0 
37596	18	4	84 28 0 
37600	4	4	84 2f 0 
37600	0	3	83 38 0 
37600	0	2	82 44 0 
37618	18	3	83 34 0 
37618	0	2	82 40 0 
37630	12	4	b4 40 0 
37632	2	4	94 28 13 
37632	0	4	94 40 46 
37632	0	4	94 38 39 
37632	0	4	94 3b 3b 
37632	0	3	93 47 39 
37632	0	2	92 53 48 
37698	66	2	b2 40 0 
37698	0	3	b3 40 0 
37990	292	6	86 3b 0 
38016	26	6	96 39 70 
38076	60	1	81 28 0 
38214	138	3	83 47 0 
38214	0	2	82 53 0 
38260	46	4	84 3b 0 
38264	4	4	84 38 0 
38264	0	4	84 40 0 
38264	0	4	84 28 0 
38334	70	6	86 39 0 
38400	66	6	96 3d 70 
38400	0	4	94 39 48 
38400	0	4	94 36 4e 
38400	0	2	92 36 34 
38400	0	2	92 45 3e 
38400	0	2	92 49 3f 
38400	0	2	92 42 3a 
38400	0	1	91 36 5e 
38544	144	4	b4 40 7f 
38592	48	4	94 3d 3b 
38658	66	4	84 39 0 
38756	98	4	84 3d 0 
38784	28	4	94 42 52 
38792	8	4	84 36 0 
38904	112	4	84 42 0 
38942	38	2	b2 40 7f 
38976	34	4	94 36 44 
39168	192	4	94 45 4a 
39240	72	4	84 45 0 
39246	6	4	84 36 0 
39360	114	4	94 36 3c 
39360	0	2	92 3d 42 
39448	88	2	82 42 0 
39472	24	2	82 49 0 
39474	2	2	82 45 0 
39474	0	2	82 3d 0 
39540	66	2	82 36 0 
39550	10	6	86 3d 0 
39552	2	6	96 42 70 
39552	0	4	94 39 40 
39552	0	2	92 45 57 
39552	0	2	92 49 52 
39552	0	2	92 42 42 
39624	72	2	82 42 0 
39642	18	2	82 45 0 
39648	6	2	82 49 0 
39744	96	4	94 3d 34 
39764	20	4	84 36 0 
39764	0	4	84 39 0 
39830	66	4	84 3d 0 
39908	78	2	b2 40 0 
39912	4	4	b4 40 0 
39912	0	6	86 42 0 
39920	8	1	81 36 0 
39936	16	6	96 44 70 
39936	0	4	94 41 46 
39936	0	4	94 35 3a 
39936	0	4	94 39 3c 
39936	0	2	92 45 48 
39936	0	2	92 35 3d 
39936	0	2	92 41 39 
39936	0	1	91 35 49 
40128	192	4	94 3d 39 
40136	8	4	b4 40 7f 
40158	22	4	84 39 0 
40250	92	4	84 41 0 
40284	34	4	84 3d 0 
40320	36	4	94 39 46 
40370	50	2	b2 40 7f 
40420	50	4	84 39 0 
40434	14	4	84 35 0 
40468	34	2	82 41 0 
40468	0	2	82 45 0 
40512	44	4	94 41 5f 
40512	0	2	92 45 39 
40512	0	2	92 49 42 
40512	0	2	92 41 37 
40582	70	2	82 49 0 
40608	26	2	82 41 0 
40608	0	2	82 45 0 
40700	92	4	84 41 0 
40704	4	4	94 35 3c 
40896	192	4	94 3d 42 
41040	144	6	86 44 0 
41048	8	4	84 3d 0 
41088	40	6	96 45 70 
41088	0	4	94 39 46 
41088	0	2	92 45 44 
41088	0	2	92 49 3d 
41088	0	2	92 41 35 
41166	78	2	82 45 0 
41170	4	2	82 41 0 
41174	4	4	84 39 0 
41174	0	2	82 49 0 
41228	54	4	84 35 0 
41244	16	2	82 35 0 
41294	50	4	b4 40 0 
41338	44	2	b2 40 0 
41442	104	6	86 45 0 
41472	30	1	81 35 0 
41472	0	6	96 3d 70 
41472	0	4	94 40 40 
41472	0	4	94 34 44 
41472	0	4	94 39 3b 
41472	0	2	92 4c 55 
41472	0	1	91 34 51 
41592	120	4	b4 40 7f 
41646	54	4	84 40 0 
41650	4	4	84 39 0 
41664	14	4	94 3b 2f 
41664	0	2	92 49 3f 
41720	56	2	82 4c 0 
41764	44	2	b2 40 7f 
41768	4	6	86 3d 0 
41782	14	4	84 3b 0 
41842	60	2	82 49 0 
41856	14	6	96 3d 70 
41856	0	4	94 39 48 
41856	0	2	92 45 46 
41922	66	2	82 45 0 
41966	44	4	84 39 0 
42006	40	6	86 3d 0 
42048	42	6	96 3b 70 
42048	0	4	94 40 50 
42048	0	2	92 51 64 
42080	32	4	84 34 0 
42114	34	2	82 51 0 
42240	126	4	94 34 3c 
42316	76	4	84 40 0 
42318	2	6	86 3b 0 
42432	114	6	96 39 70 
42432	0	4	94 3b 44 
42432	0	2	92 4c 3d 
42480	48	2	82 4c 0 
42600	120	4	84 3b 0 
42624	24	4	94 39 48 
42704	80	4	84 34 0 
42720	16	6	86 39 0 
42806	86	4	84 39 0 
42816	10	6	96 3b 70 
42816	0	4	94 34 3c 
42860	44	2	b2 40 0 
42976	116	4	b4 40 0 
42976	0	4	84 34 0 
42982	6	1	81 34 0 
43008	26	4	94 32 44 
43008	0	4	94 3d 46 
43008	0	2	92 3e 37 
43008	0	2	92 4a 44 
43008	0	1	91 32 3d 
43200	192	4	94 39 46 
43200	0	2	92 45 48 
43216	16	2	b2 40 7f 
43264	48	2	82 4a 0 
43384	120	4	b4 40 7f 
43392	8	4	94 3e 52 
43392	0	2	92 4c 5b 
43398	6	4	84 3d 0 
43474	76	2	82 4c 0 
43530	56	4	84 3e 0 
43562	32	4	84 39 0 
43584	22	4	94 42 5f 
43584	0	2	92 4e 59 
43600	16	4	84 32 0 
43600	0	2	82 45 0 
43614	14	2	82 3e 0 
43718	104	2	82 4e 0 
43776	58	4	94 3e 46 
43776	0	2	92 51 57 
43778	2	4	84 42 0 
43846	68	6	86 3b 0 
43872	26	4	94 32 11 
43874	2	2	82 51 0 
43944	70	4	84 3e 0 
43968	24	4	94 3d 42 
43968	0	2	92 3e 38 
44136	168	4	84 3d 0 
44142	6	2	82 3e 0 
44160	18	6	96 42 70 
44160	0	4	94 39 3b 
44324	164	1	81 32 0 
44352	28	4	94 36 40 
44414	62	2	b2 40 0 
44472	58	4	b4 40 0 
44480	8	4	84 32 0 
44510	30	4	84 39 0 
44510	0	4	84 36 0 
44528	18	6	86 42 0 
44544	16	6	96 40 70 
44544	0	4	94 3b 48 
44544	0	4	94 40 40 
44544	0	4	94 37 34 
44544	0	4	94 31 46 
44544	0	2	92 4c 55 
44544	0	2	92 47 50 
44544	0	2	92 43 39 
44544	0	1	91 31 5e 
44728	184	4	b4 40 7f 
44736	8	4	94 34 3c 
44762	26	4	84 40 0 
44776	14	4	84 37 0 
44808	32	4	84 3b 0 
44808	0	2	82 43 0 
44868	60	2	82 4c 0 
44886	18	2	b2 40 7f 
44892	6	2	82 47 0 
44928	36	4	94 37 40 
44928	0	2	92 43 39 
45076	148	2	82 43 0 
45078	2	4	84 37 0 
45120	42	4	94 3b 57 
45120	0	2	92 47 48 
45180	60	4	84 34 0 
45272	92	4	84 3b 0 
45312	40	4	94 40 42 
45312	0	2	92 4f 62 
45320	8	2	82 47 0 
45440	120	2	82 4f 0 
45504	64	4	94 3b 3c 
45504	0	2	92 4c 55 
45512	8	4	84 40 0 
45672	160	2	82 4c 0 
45696	24	6	96 3b 70 
45696	0	4	94 34 3e 
45696	0	2	92 47 39 
45698	2	6	86 40 0 
45744	46	4	84 3b 0 
45818	74	2	82 47 0 
45830	12	1	81 31 0 
45872	42	6	86 3b 0 
45888	16	6	96 3a 70 
45888	0	4	94 37 3a 
45888	0	2	92 43 3a 
45888	0	1	91 31 51 
45932	44	4	84 34 0 
45952	20	4	84 31 0 
45968	16	2	82 43 0 
45998	30	4	84 37 0 
46008	10	2	b2 40 0 
46022	14	4	b4 40 0 
46076	54	1	81 31 0 
46080	4	4	94 34 44 
46080	0	4	94 42 48 
46080	0	4	94 3d 42 
46080	0	4	94 3a 35 
46080	0	2	92 49 3c 
46080	0	2	92 46 35 
46080	0	2	92 40 31 
46080	0	2	92 36 37 
46080	0	1	91 2a 55 
46346	266	4	b4 40 7f 
46364	18	4	84 3a 0 
46408	44	2	b2 40 7f 
46454	46	4	84 3d 0 
46464	10	4	94 3a 3c 
46464	0	2	92 3d 3e 
46466	2	4	84 42 0 
46504	38	4	84 34 0 
46504	0	2	82 40 0 
46504	0	2	82 49 0 
46522	18	2	82 46 0 
46656	134	4	94 34 32 
46656	0	2	92 49 59 
46748	92	4	84 3a 0 
46794	46	2	82 49 0 
46848	54	4	94 3d 3b 
46848	0	2	92 46 4e 
46984	136	2	82 36 0 
46992	8	2	82 3d 0 
47004	12	4	84 3d 0 
47016	12	2	82 46 0 
47040	24	4	94 42 48 
47190	150	6	86 3a 0 
47194	4	4	84 42 0 
47232	38	6	96 40 70 
47232	0	4	94 3d 4c 
47424	192	4	94 3a 48 
47446	22	4	84 3d 0 
47496	50	4	b4 40 0 
47502	6	4	84 34 0 
47512	10	4	84 3a 0 
47576	64	6	86 40 0 
47584	8	2	b2 40 0 
47594	10	1	81 2a 0 
47616	22	6	96 3e 70 
47616	0	4	94 42 3d 
47616	0	4	94 3e 3c 
47616	0	4	94 39 34 
47616	0	4	94 2f 2e 
47616	0	2	92 3b 46 
47616	0	2	92 45 48 
47616	0	1	91 2f 5c 
47798	182	4	b4 40 7f 
47808	10	4	94 36 44 
47808	0	2	92 42 4c 
47848	40	4	84 39 0 
47900	52	4	84 42 0 
47910	10	4	84 3e 0 
48000	90	0	ff 51 3 9 f3 84 
48000	0	4	94 3b 3c 
48000	0	2	92 4a 46 
48042	42	2	82 45 0 
48142	100	4	84 3b 0 
48192	50	4	84 36 0 
48192	0	4	94 3e 46 
48192	0	2	92 4e 5b 
48216	24	2	82 4a 0 
48220	4	2	b2 40 7f 
48246	26	4	84 2f 0 
48368	122	2	82 42 0 
48384	16	0	ff 51 3 a 2c 1e 
48384	0	4	94 2f 37 
48412	28	2	82 3b 0 
48484	72	2	82 4e 0 
48558	74	4	84 3e 0 
48576	18	4	94 36 48 
48586	10	6	86 3e 0 
48704	118	1	81 2f 0 
48768	64	0	ff 51 3 a 49 60 
48768	0	6	96 39 70 
48768	0	4	94 42 40 
48768	0	1	91 2f 49 
48820	52	2	b2 40 0 
48936	116	6	86 39 0 
48960	24	6	96 38 70 
48984	24	4	84 36 0 
49002	18	4	84 2f 0 
49008	6	4	84 42 0 
49088	80	4	b4 40 0 
49118	30	1	81 2f 0 
49152	34	0	ff 51 3 a 85 ec 
49152	0	4	94 28 4e 
49152	0	2	92 34 50 
49152	0	1	91 28 4f 
49314	162	4	b4 40 7f 
49344	30	4	94 2f 48 
49344	0	2	92 3b 50 
49536	192	0	ff 51 3 a c5 58 
49536	0	4	94 34 42 
49536	0	2	92 40 4a 
49728	192	4	94 38 39 
49728	0	2	92 42 46 
49830	102	2	82 40 0 
49914	84	4	84 38 0 
49920	6	0	ff 51 3 a e6 21 
49920	0	4	94 3e 39 
49920	0	2	92 40 4a 
49926	6	4	b4 40 0 
49938	12	2	82 42 0 
50254	316	6	86 38 0 
50304	50	0	ff 51 3 b 2a 2d 
50304	0	6	96 3d 70 
50426	122	1	81 28 0 
50456	30	4	84 3e 0 
50462	6	2	82 40 0 
50472	10	2	82 34 0 
50474	2	6	86 3d 0 
50474	0	2	82 3b 0 
50480	6	4	84 2f 0 
50488	8	4	84 34 0 
50496	8	6	96 3e 70 
50504	8	4	84 28 0 
50640	136	6	86 3e 0 
50688	48	0	ff 51 3 9 d8 28 
50688	0	6	96 40 70 
50688	0	5	95 49 57 
50688	0	5	95 45 55 
50688	0	5	95 40 50 
50688	0	4	94 2d 50 
50688	0	4	94 39 5f 
50688	0	1	91 39 64 
50800	112	4	b4 40 7f 
50880	80	4	94 34 59 
50880	0	4	94 3b 44 
50884	4	4	84 39 0 
51040	156	4	84 3b 0 
51072	32	4	84 34 0 
51072	0	4	94 40 4a 
51086	14	4	84 2d 0 
51200	114	6	86 40 0 
51218	18	4	84 40 0 
51264	46	6	96 40 70 
51264	0	4	94 39 52 
51368	104	6	86 40 0 
51396	28	4	84 39 0 
51456	60	6	96 40 70 
51456	0	4	94 34 3a 
51456	0	4	94 3b 44 
51560	104	5	b5 40 7f 
51612	52	4	84 3b 0 
51640	28	4	84 34 0 
51648	8	4	94 40 48 
51752	104	6	86 40 0 
51812	60	4	84 40 0 
51840	28	6	96 40 70 
51840	0	4	94 3b 44 
51920	80	5	85 49 0 
51922	2	5	85 45 0 
51944	22	5	85 40 0 
51960	16	6	86 40 0 
52012	52	4	84 3b 0 
52032	20	6	96 40 70 
52032	0	4	94 2d 48 
52032	0	4	94 39 55 
52168	136	4	84 39 0 
52184	16	5	b5 40 0 
52190	6	4	84 2d 0 
52204	14	4	b4 40 0 
52224	20	5	95 47 40 
52224	0	5	95 40 39 
52224	0	5	95 44 3f 
52224	0	4	94 2c 3b 
52224	0	4	94 34 40 
52224	0	4	94 38 42 
52224	0	1	91 38 5c 
52230	6	1	81 39 0 
52342	112	4	b4 40 7f 
52412	70	4	84 38 0 
52416	4	4	94 3b 42 
52438	22	4	84 34 0 
52446	8	4	84 2c 0 
52546	100	6	86 40 0 
52564	18	4	84 3b 0 
52608	44	6	96 3e 70 
52608	0	4	94 40 57 
52714	106	4	84 40 0 
52800	86	4	94 38 52 
52800	0	4	94 34 3c 
52896	96	4	84 34 0 
52912	16	4	84 38 0 
52992	80	6	96 3d 70 
52992	0	4	94 3b 3c 
53012	20	6	86 3e 0 
53096	84	5	b5 40 7f 
53096	0	4	84 3b 0 
53152	56	6	86 3d 0 
53184	32	6	96 3e 70 
53184	0	4	94 40 46 
53296	112	4	84 40 0 
53376	80	4	94 3b 4c 
53376	0	4	94 34 3b 
53500	124	6	86 3e 0 
53504	4	5	85 40 0 
53504	0	4	84 34 0 
53508	4	5	85 44 0 
53512	4	5	85 47 0 
53512	0	4	84 3b 0 
53568	56	6	96 40 70 
53568	0	4	94 38 3b 
53658	90	4	84 38 0 
53688	30	4	b4 40 0 
53716	28	1	81 38 0 
53720	4	5	b5 40 0 
53760	40	5	95 47 59 
53760	0	5	95 40 50 
53760	0	5	95 43 50 
53760	0	4	94 37 46 
53760	0	4	94 34 42 
53760	0	4	94 2f 46 
53760	0	1	91 37 49 
53864	104	6	86 40 0 
53892	28	4	b4 40 7f 
53952	60	6	96 40 70 
53952	0	4	94 3b 48 
53976	24	4	84 37 0 
54080	104	4	84 2f 0 
54088	8	4	84 34 0 
54092	4	4	84 3b 0 
54144	52	4	94 40 4a 
54264	120	6	86 40 0 
54284	20	4	84 40 0 
54336	52	6	96 3e 70 
54336	0	4	94 37 44 
54336	0	4	94 34 40 
54494	158	4	84 37 0 
54528	34	4	94 3b 3a 
54556	28	4	84 34 0 
54610	54	5	b5 40 7f 
54656	46	4	84 3b 0 
54658	2	6	86 3e 0 
54720	62	6	96 3d 70 
54720	0	4	94 40 48 
54872	152	4	84 40 0 
54910	38	5	85 47 0 
54912	2	4	94 34 3e 
54912	0	4	94 3b 46 
54914	2	5	85 43 0 
54914	0	5	85 40 0 
55036	122	6	86 3d 0 
55102	66	4	84 3b 0 
55104	2	6	96 39 70 
55104	0	4	94 37 38 
55124	20	4	84 34 0 
55180	56	4	84 37 0 
55224	44	4	b4 40 0 
55272	48	1	81 37 0 
55282	10	5	b5 40 0 
55296	14	5	95 42 55 
55296	0	5	95 45 55 
55296	0	5	95 3e 46 
55296	0	4	94 36 3e 
55296	0	4	94 39 55 
55296	0	4	94 32 44 
55296	0	1	91 36 49 
55464	168	4	b4 40 7f 
55480	16	4	84 39 0 
55488	8	4	94 3b 35 
55578	90	4	84 3b 0 
55628	50	4	84 36 0 
55640	12	4	84 32 0 
55680	40	4	94 40 55 
55776	96	4	84 40 0 
55872	96	4	94 32 50 
55872	0	4	94 39 40 
55968	96	4	84 39 0 
56064	96	4	94 3b 40 
56142	78	4	84 3b 0 
56182	40	4	84 32 0 
56256	74	4	94 40 46 
56360	104	6	86 39 0 
56364	4	4	84 40 0 
56448	84	4	94 3b 3c 
56530	82	4	84 3b 0 
56640	110	6	96 39 70 
56640	0	4	94 39 48 
56704	64	4	84 39 0 
56742	38	5	85 3e 0 
56742	0	5	85 42 0 
56748	6	5	85 45 0 
56756	8	1	81 36 0 
56772	16	4	b4 40 0 
56808	36	6	86 39 0 
56832	24	6	96 3e 70 
56832	0	5	95 45 57 
56832	0	5	95 41 42 
56832	0	5	95 3e 48 
56832	0	4	94 40 4c 
56832	0	4	94 39 40 
56832	0	4	94 35 2f 
56832	0	4	94 32 2a 
56832	0	1	91 35 43 
57008	176	4	b4 40 7f 
57024	16	4	94 3e 36 
57034	10	4	84 39 0 
57048	14	4	84 40 0 
57160	112	6	86 3e 0 
57168	8	4	84 3e 0 
57216	48	6	96 3e 70 
57216	0	4	94 39 4e 
57226	10	4	84 32 0 
57256	30	4	84 35 0 
57366	110	4	84 39 0 
57382	16	6	86 3e 0 
57408	26	6	96 3d 70 
57408	0	4	94 35 42 
57408	0	4	94 3e 46 
57584	176	4	84 3e 0 
57600	16	4	94 39 48 
57732	132	5	b5 40 7f 
57736	4	6	86 3d 0 
57744	8	4	84 39 0 
57792	48	6	96 39 70 
57792	0	4	94 40 59 
57846	54	5	85 3e 0 
57850	4	5	85 41 0 
57850	0	4	84 35 0 
57860	10	5	85 45 0 
57932	72	4	84 40 0 
57984	52	4	94 3e 44 
58088	104	6	86 39 0 
58112	24	4	84 3e 0 
58176	64	6	96 34 70 
58176	0	4	94 39 3e 
58272	96	4	84 39 0 
58304	32	4	b4 40 0 
58354	50	5	b5 40 0 
58360	6	1	81 35 0 
58368	8	5	95 49 52 
58368	0	5	95 45 4a 
58368	0	5	95 40 44 
58368	0	4	94 2d 46 
58368	0	4	94 40 57 
58368	0	4	94 39 46 
58368	0	1	91 34 49 
58560	192	4	94 3d 3e 
58560	0	4	94 34 3c 
58584	24	4	84 39 0 
58606	22	4	b4 40 7f 
58622	16	4	84 40 0 
58712	90	4	84 3d 0 
58752	40	4	94 39 50 
58830	78	4	84 34 0 
58838	8	4	84 2d 0 
58850	12	4	84 39 0 
58944	94	4	94 40 59 
59056	112	4	84 40 0 
59136	80	4	94 3d 44 
59260	124	4	84 3d 0 
59280	20	5	b5 40 7f 
59328	48	4	94 39 48 
59328	0	4	94 34 3e 
59472	144	4	84 39 0 
59488	16	5	85 45 0 
59492	4	5	85 40 0 
59504	12	5	85 49 0 
59520	16	4	94 3d 44 
59566	46	6	86 34 0 
59632	66	4	84 34 0 
59672	40	4	84 3d 0 
59712	40	6	96 34 70 
59712	0	4	94 40 48 
59792	80	1	81 34 0 
59794	2	4	84 40 0 
59820	26	6	86 34 0 
59824	4	4	b4 40 0 
59882	58	5	b5 40 0 
59904	22	6	96 35 70 
59904	0	5	95 4a 5b 
59904	0	5	95 45 5b 
59904	0	4	94 40 4c 
59904	0	4	94 39 40 
59904	0	4	94 35 2f 
59904	0	4	94 32 2a 
59904	0	1	91 32 49 
60080	176	4	b4 40 7f 
60096	16	4	94 3e 36 
60106	10	4	84 39 0 
60120	14	4	84 40 0 
60206	86	6	86 35 0 
60240	34	4	84 3e 0 
60288	48	6	96 35 70 
60288	0	4	94 39 4e 
60298	10	4	84 32 0 
60328	30	4	84 35 0 
60426	98	6	86 35 0 
60438	12	4	84 39 0 
60480	42	6	96 39 70 
60480	0	4	94 35 42 
60480	0	4	94 3e 46 
60480	0	4	94 41 4e 
60656	176	4	84 3e 0 
60672	16	4	94 39 48 
60788	116	6	86 39 0 
60816	28	4	84 39 0 
60864	48	6	96 40 70 
60864	0	4	94 40 59 
60896	32	4	84 41 0 
60922	26	4	84 35 0 
60936	14	5	b5 40 7f 
61004	68	4	84 40 0 
61056	52	4	94 3e 44 
61098	42	5	85 45 0 
61112	14	5	85 4a 0 
61184	72	4	84 3e 0 
61188	4	6	86 40 0 
61248	60	6	96 3b 70 
61248	0	4	94 39 3e 
61344	96	4	84 39 0 
61376	32	4	b4 40 0 
61408	32	5	b5 40 0 
61424	16	1	81 32 0 
61440	16	5	95 47 42 
61440	0	5	95 4c 3e 
61440	0	4	94 28 4e 
61440	0	1	91 28 4d 
61632	192	4	94 2f 44 
61632	0	4	94 34 55 
61824	192	4	94 39 50 
61840	16	4	b4 40 7f 
61994	154	4	84 39 0 
62016	22	4	94 3b 46 
62152	136	4	84 34 0 
62154	2	4	84 3b 0 
62172	18	4	84 28 0 
62176	4	4	84 2f 0 
62206	30	4	b4 40 0 
62208	2	4	94 28 13 
62208	0	4	94 40 46 
62208	0	4	94 38 39 
62208	0	4	94 3b 3b 
62566	358	6	86 3b 0 
62592	26	6	96 3d 70 
62652	60	1	81 28 0 
62770	118	6	86 3d 0 
62772	2	5	85 47 0 
62784	12	6	96 3e 70 
62816	32	5	85 4c 0 
62836	20	4	84 3b 0 
62840	4	4	84 38 0 
62840	0	4	84 40 0 
62840	0	4	84 28 0 
62932	92	6	86 3e 0 
62976	44	6	96 40 70 
62976	0	5	95 58 3c 
62976	0	5	95 4c 31 
62976	0	4	94 2d 50 
62976	0	4	94 39 5f 
62976	0	3	93 45 45 
62976	0	3	93 39 2f 
62976	0	2	92 45 3b 
62976	0	2	92 51 57 
62976	0	1	91 39 64 
63072	96	2	b2 40 7f 
63072	0	3	b3 40 7f 
63088	16	4	b4 40 7f 
63168	80	4	94 34 59 
63168	0	4	94 3b 44 
63168	0	3	93 40 38 
63168	0	3	93 47 45 
63168	0	2	92 53 57 
63168	0	2	92 4c 46 
63172	4	4	84 39 0 
63198	26	3	83 45 0 
63198	0	2	82 51 0 
63328	130	4	84 3b 0 
63342	14	3	83 47 0 
63342	0	2	82 53 0 
63360	18	4	84 34 0 
63360	0	4	94 40 4a 
63360	0	3	93 4c 3e 
63360	0	2	92 58 4e 
63374	14	4	84 2d 0 
63488	114	6	86 40 0 
63506	18	4	84 40 0 
63518	12	3	83 4c 0 
63518	0	2	82 58 0 
63552	34	6	96 40 70 
63552	0	4	94 39 52 
63656	104	6	86 40 0 
63684	28	4	84 39 0 
63744	60	6	96 40 70 
63744	0	4	94 34 3a 
63744	0	4	94 3b 44 
63900	156	4	84 3b 0 
63928	28	4	84 34 0 
63936	8	4	94 40 48 
64040	104	6	86 40 0 
64100	60	4	84 40 0 
64128	28	6	96 40 70 
64128	0	4	94 3b 44 
64234	106	3	83 40 0 
64234	0	2	82 4c 0 
64248	14	6	86 40 0 
64300	52	4	84 3b 0 
64320	20	6	96 40 70 
64320	0	4	94 2d 48 
64320	0	4	94 39 55 
64360	40	3	83 39 0 
64360	0	2	82 45 0 
64456	96	4	84 39 0 
64478	22	4	84 2d 0 
64492	14	4	b4 40 0 
64502	10	2	b2 40 0 
64502	0	3	b3 40 0 
64512	10	5	95 53 36 
64512	0	4	94 2c 3b 
64512	0	4	94 34 40 
64512	0	4	94 38 42 
64512	0	3	93 44 45 
64512	0	2	92 50 57 
64512	0	1	91 38 5c 
64518	6	1	81 39 0 
64602	84	2	b2 40 7f 
64602	0	3	b3 40 7f 
64630	28	4	b4 40 7f 
64700	70	4	84 38 0 
64704	4	4	94 3b 42 
64704	0	3	93 47 44 
64704	0	2	92 53 55 
64726	22	4	84 34 0 
64734	8	4	84 2c 0 
64748	14	3	83 44 0 
64748	0	2	82 50 0 
64834	86	6	86 40 0 
64852	18	4	84 3b 0 
64896	44	6	96 3e 70 
64896	0	4	94 40 57 
64896	0	3	93 4c 36 
64896	0	2	92 58 44 
64934	38	3	83 47 0 
64934	0	2	82 53 0 
65002	68	4	84 40 0 
65072	70	3	83 4c 0 
65072	0	2	82 58 0 
65088	16	4	94 38 52 
65088	0	4	94 34 3c 
65184	96	4	84 34 0 
65200	16	4	84 38 0 
65280	80	6	96 3d 70 
65280	0	4	94 3b 3c 
65300	20	6	86 3e 0 
65384	84	4	84 3b 0 
65440	56	6	86 3d 0 
65472	32	6	96 3e 70 
65472	0	4	94 40 46 
65584	112	4	84 40 0 
65664	80	4	94 3b 4c 
65664	0	4	94 34 3b 
65788	124	6	86 3e 0 
65792	4	4	84 34 0 
65800	8	4	84 3b 0 
65856	56	6	96 40 70 
65856	0	4	94 38 3b 
65874	18	5	85 53 0 
65946	72	4	84 38 0 
65976	30	4	b4 40 0 
66004	28	1	81 38 0 
66048	44	4	94 37 46 
66048	0	4	94 34 42 
66048	0	4	94 2f 46 
66048	0	3	93 43 4e 
66048	0	2	92 4f 62 
66048	0	1	91 37 49 
66054	6	2	b2 40 0 
66054	0	3	b3 40 0 
66150	96	2	b2 40 7f 
66150	0	3	b3 40 7f 
66152	2	6	86 40 0 
66180	28	4	b4 40 7f 
66240	60	6	96 40 70 
66240	0	4	94 3b 48 
66240	0	3	93 47 3c 
66240	0	2	92 53 4c 
66264	24	4	84 37 0 
66268	4	3	83 43 0 
66268	0	2	82 4f 0 
66368	100	4	84 2f 0 
66376	8	4	84 34 0 
66380	4	4	84 3b 0 
66432	52	3	83 47 0 
66432	0	2	82 53 0 
66432	0	4	94 40 4a 
66552	120	6	86 40 0 
66572	20	4	84 40 0 
66624	52	6	96 3e 70 
66624	0	4	94 37 44 
66624	0	4	94 34 40 
66782	158	4	84 37 0 
66816	34	4	94 3b 3a 
66844	28	4	84 34 0 
66944	100	4	84 3b 0 
66946	2	6	86 3e 0 
67008	62	6	96 3d 70 
67008	0	4	94 40 48 
67160	152	4	84 40 0 
67200	40	4	94 34 3e 
67200	0	4	94 3b 46 
67324	124	6	86 3d 0 
67390	66	4	84 3b 0 
67392	2	6	96 39 70 
67392	0	4	94 37 38 
67412	20	4	84 34 0 
67468	56	4	84 37 0 
67512	44	4	b4 40 0 
67554	42	5	85 4c 40 
67560	6	1	81 37 0 
67580	20	2	b2 40 0 
67580	0	3	b3 40 0 
67584	4	5	85 58 40 
67584	0	5	95 56 59 
67584	0	5	95 4a 46 
67584	0	4	94 36 3e 
67584	0	4	94 39 55 
67584	0	4	94 32 44 
67584	0	3	93 45 38 
67584	0	3	93 42 30 
67584	0	3	93 4c 39 
67584	0	2	92 58 48 
67584	0	2	92 4e 3d 
67584	0	2	92 51 46 
67584	0	1	91 32 49 
67712	128	2	b2 40 7f 
67712	0	3	b3 40 7f 
67752	40	4	b4 40 7f 
67768	16	4	84 39 0 
67776	8	4	94 3b 35 
67866	90	4	84 3b 0 
67916	50	4	84 36 0 
67928	12	4	84 32 0 
67968	40	4	94 40 55 
68064	96	4	84 40 0 
68160	96	4	94 32 50 
68160	0	4	94 39 40 
68256	96	4	84 39 0 
68352	96	5	95 49 3e 
68352	0	5	95 55 55 
68352	0	4	94 3b 40 
68356	4	5	85 4a 0 
68384	28	5	85 56 0 
68430	46	4	84 3b 0 
68470	40	4	84 32 0 
68522	52	3	83 45 0 
68522	0	2	82 51 0 
68530	8	3	83 4c 0 
68530	0	2	82 58 0 
68536	6	3	83 42 0 
68536	0	2	82 4e 0 
68544	8	4	94 40 46 
68648	104	6	86 39 0 
68652	4	4	84 40 0 
68714	62	5	85 55 0 
68736	22	5	95 47 4a 
68736	0	5	95 53 55 
68736	0	4	94 3b 3c 
68738	2	5	85 49 0 
68818	80	4	84 3b 0 
68888	70	2	b2 40 0 
68888	0	3	b3 40 0 
68928	40	6	96 39 70 
68928	0	4	94 39 48 
68992	64	4	84 39 0 
69044	52	1	81 32 0 
69060	16	4	b4 40 0 
69064	4	5	85 47 0 
69096	32	6	86 39 0 
69120	24	5	85 53 0 
69120	0	6	96 3e 70 
69120	0	5	95 51 4e 
69120	0	5	95 45 42 
69120	0	4	94 40 4c 
69120	0	4	94 39 40 
69120	0	4	94 35 2f 
69120	0	4	94 32 2a 
69120	0	3	93 4c 54 
69120	0	3	93 41 41 
69120	0	2	92 4d 52 
69120	0	2	92 58 69 
69120	0	1	91 35 43 
69296	176	4	b4 40 7f 
69312	16	4	94 3e 36 
69312	0	3	93 45 47 
69312	0	2	92 51 59 
69322	10	4	84 39 0 
69336	14	4	84 40 0 
69432	96	2	b2 40 7f 
69432	0	3	b3 40 7f 
69448	16	6	86 3e 0 
69456	8	4	84 3e 0 
69456	0	3	83 4c 0 
69456	0	2	82 58 0 
69504	48	6	96 3e 70 
69504	0	4	94 39 4e 
69514	10	4	84 32 0 
69544	30	4	84 35 0 
69654	110	4	84 39 0 
69670	16	6	86 3e 0 
69696	26	6	96 3d 70 
69696	0	4	94 35 42 
69696	0	4	94 3e 46 
69696	0	3	93 4c 5c 
69696	0	2	92 58 74 
69708	12	3	83 45 0 
69708	0	2	82 51 0 
69726	18	3	83 41 0 
69726	0	2	82 4d 0 
69862	136	3	83 4c 0 
69862	0	2	82 58 0 
69872	10	4	84 3e 0 
69888	16	4	94 39 48 
70024	136	6	86 3d 0 
70032	8	4	84 39 0 
70080	48	6	96 39 70 
70080	0	4	94 40 59 
70080	0	3	93 45 4a 
70080	0	2	92 51 5d 
70138	58	4	84 35 0 
70166	28	3	83 45 0 
70166	0	2	82 51 0 
70220	54	4	84 40 0 
70272	52	4	94 3e 44 
70272	0	3	93 4a 5a 
70272	0	2	92 56 71 
70344	72	3	83 4a 0 
70344	0	2	82 56 0 
70376	32	6	86 39 0 
70400	24	4	84 3e 0 
70464	64	6	96 34 70 
70464	0	4	94 39 3e 
70528	64	5	85 45 0 
70542	14	2	b2 40 0 
70542	0	3	b3 40 0 
70542	0	5	85 51 0 
70560	18	4	84 39 0 
70592	32	4	b4 40 0 
70648	56	1	81 35 0 
70656	8	4	94 2d 46 
70656	0	4	94 40 57 
70656	0	4	94 39 46 
70656	0	3	93 4a 45 
70656	0	3	93 40 2d 
70656	0	3	93 3d 2f 
70656	0	3	93 39 34 
70656	0	2	92 45 42 
70656	0	2	92 49 3b 
70656	0	2	92 4c 39 
70656	0	2	92 56 57 
70656	0	1	91 34 49 
70778	122	2	b2 40 7f 
70778	0	3	b3 40 7f 
70848	70	4	94 3d 3e 
70848	0	4	94 34 3c 
70848	0	3	93 49 4c 
70848	0	2	92 55 5f 
70850	2	3	83 4a 0 
70850	0	2	82 56 0 
70872	22	4	84 39 0 
70894	22	4	b4 40 7f 
70910	16	4	84 40 0 
70968	58	3	83 49 0 
70968	0	2	82 55 0 
71000	32	4	84 3d 0 
71006	6	3	83 40 0 
71006	0	2	82 4c 0 
71040	34	5	95 45 55 
71040	0	4	94 39 50 
71040	0	3	93 45 50 
71040	0	2	92 51 64 
71118	78	4	84 34 0 
71126	8	4	84 2d 0 
71138	12	4	84 39 0 
71198	60	3	83 45 0 
71198	0	2	82 51 0 
71232	34	4	94 40 59 
71232	0	3	93 40 36 
71232	0	2	92 4c 44 
71344	112	4	84 40 0 
71424	80	5	95 4c 50 
71424	0	4	94 3d 44 
71548	124	4	84 3d 0 
71616	68	4	94 39 48 
71616	0	4	94 34 3e 
71760	144	4	84 39 0 
71808	48	5	95 51 46 
71808	0	4	94 3d 44 
71832	24	3	83 39 0 
71832	0	3	83 3d 0 
71832	0	3	83 40 0 
71832	0	2	82 49 0 
71832	0	2	82 45 0 
71832	0	2	82 4c 0 
71842	10	5	85 4c 0 
71854	12	6	86 34 0 
71908	54	2	b2 40 0 
71908	0	3	b3 40 0 
71920	12	4	84 34 0 
71928	8	5	85 45 0 
71960	32	5	b5 40 7f 
71960	0	4	84 3d 0 
72000	40	6	96 34 70 
72000	0	4	94 40 48 
72046	46	5	85 51 0 
72080	34	1	81 34 0 
72082	2	4	84 40 0 
72108	26	6	86 34 0 
72112	4	4	b4 40 0 
72186	74	5	b5 40 0 
72192	6	6	96 35 70 
72192	0	5	95 3e 3c 
72192	0	5	95 4d 52 
72192	0	5	95 45 36 
72192	0	5	95 41 46 
72192	0	4	94 40 4c 
72192	0	4	94 39 40 
72192	0	4	94 35 2f 
72192	0	4	94 32 2a 
72192	0	3	93 32 38 
72192	0	3	93 45 4e 
72192	0	2	92 51 62 
72192	0	2	92 3e 46 
72192	0	1	91 32 49 
72344	152	2	b2 40 7f 
72344	0	3	b3 40 7f 
72368	24	4	b4 40 7f 
72384	16	4	94 3e 36 
72384	0	3	93 41 44 
72384	0	2	92 4d 55 
72394	10	4	84 39 0 
72408	14	4	84 40 0 
72494	86	6	86 35 0 
72528	34	4	84 3e 0 
72552	24	3	83 45 0 
72552	0	2	82 51 0 
72562	10	3	83 41 0 
72562	0	2	82 4d 0 
72576	14	6	96 35 70 
72576	0	4	94 39 4e 
72576	0	3	93 3e 44 
72576	0	2	92 4a 55 
72586	10	4	84 32 0 
72616	30	4	84 35 0 
72714	98	6	86 35 0 
72726	12	4	84 39 0 
72758	32	3	83 3e 0 
72758	0	2	82 4a 0 
72768	10	6	96 39 70 
72768	0	4	94 35 42 
72768	0	4	94 3e 46 
72768	0	4	94 41 4e 
72768	0	3	93 39 40 
72768	0	2	92 45 50 
72944	176	4	84 3e 0 
72960	16	4	94 39 48 
73076	116	6	86 39 0 
73102	26	5	b5 40 7f 
73104	2	4	84 39 0 
73118	14	3	83 32 0 
73118	0	3	83 39 0 
73118	0	2	82 3e 0 
73118	0	2	82 45 0 
73152	34	6	96 40 70 
73152	0	4	94 40 59 
73184	32	4	84 41 0 
73210	26	4	84 35 0 
73272	62	5	85 41 0 
73286	14	5	85 45 0 
73292	6	4	84 40 0 
73304	12	5	85 3e 0 
73328	24	5	85 4d 0 
73344	16	4	94 3e 44 
73472	128	4	84 3e 0 
73476	4	6	86 40 0 
73532	56	2	b2 40 0 
73532	0	3	b3 40 0 
73536	4	6	96 3b 70 
73536	0	4	94 39 3e 
73632	96	4	84 39 0 
73664	32	4	b4 40 0 
73698	34	5	b5 40 0 
73712	14	1	81 32 0 
73728	16	5	95 40 62 
73728	0	5	95 47 64 
73728	0	4	94 28 4e 
73728	0	3	93 38 38 
73728	0	3	93 34 4a 
73728	0	2	92 40 5d 
73728	0	2	92 44 46 
73728	0	1	91 28 4d 
73872	144	2	b2 40 7f 
73872	0	3	b3 40 7f 
73920	48	4	94 2f 44 
73920	0	4	94 34 55 
73920	0	3	93 3e 38 
73920	0	2	92 4a 46 
74102	182	3	83 3e 0 
74102	0	2	82 4a 0 
74112	10	4	94 39 50 
74112	0	3	93 40 45 
74112	0	2	92 4c 57 
74128	16	4	b4 40 7f 
74282	154	4	84 39 0 
74304	22	4	94 3b 46 
74304	0	3	93 3b 40 
74304	0	2	92 47 50 
74322	18	3	83 40 0 
74322	0	2	82 4c 0 
74440	118	4	84 34 0 
74440	0	3	83 3b 0 
74440	0	2	82 47 0 
74442	2	4	84 3b 0 
74460	18	4	84 28 0 
74464	4	4	84 2f 0 
74464	0	3	83 38 0 
74464	0	2	82 44 0 
74482	18	3	83 34 0 
74482	0	2	82 40 0 
74494	12	4	b4 40 0 
74496	2	4	94 28 13 
74496	0	4	94 40 46 
74496	0	4	94 38 39 
74496	0	4	94 3b 3b 
74496	0	3	93 47 39 
74496	0	2	92 53 48 
74562	66	2	b2 40 0 
74562	0	3	b3 40 0 
74854	292	6	86 3b 0 
74880	26	6	96 39 70 
74940	60	1	81 28 0 
75064	124	5	85 47 0 
75074	10	5	85 40 0 
75078	4	3	83 47 0 
75078	0	2	82 53 0 
75124	46	4	84 3b 0 
75128	4	4	84 38 0 
75128	0	4	84 40 0 
75128	0	4	84 28 0 
75198	70	6	86 39 0 
75264	66	6	96 3d 70 
75264	0	5	95 3d 3d 
75264	0	5	95 42 48 
75264	0	5	95 39 39 
75264	0	5	95 2a 44 
75264	0	5	95 36 37 
75264	0	4	94 39 48 
75264	0	4	94 36 4e 
75264	0	2	92 36 34 
75264	0	2	92 45 3e 
75264	0	2	92 49 3f 
75264	0	2	92 42 3a 
75264	0	1	91 36 5e 
75408	144	4	b4 40 7f 
75456	48	4	94 3d 3b 
75522	66	4	84 39 0 
75620	98	4	84 3d 0 
75648	28	4	94 42 52 
75656	8	4	84 36 0 
75768	112	4	84 42 0 
75806	38	2	b2 40 7f 
75840	34	4	94 36 44 
76032	192	4	94 45 4a 
76104	72	4	84 45 0 
76110	6	4	84 36 0 
76124	14	5	b5 40 7f 
76224	100	4	94 36 3c 
76224	0	2	92 3d 42 
76266	42	5	85 2a 0 
76276	10	5	85 36 0 
76312	36	2	82 42 0 
76336	24	2	82 49 0 
76338	2	2	82 45 0 
76338	0	2	82 3d 0 
76346	8	5	85 3d 0 
76354	8	5	85 39 0 
76360	6	5	85 42 0 
76404	44	2	82 36 0 
76414	10	6	86 3d 0 
76416	2	6	96 42 70 
76416	0	4	94 39 40 
76416	0	2	92 45 57 
76416	0	2	92 49 52 
76416	0	2	92 42 42 
76488	72	2	82 42 0 
76506	18	2	82 45 0 
76512	6	2	82 49 0 
76608	96	4	94 3d 34 
76628	20	4	84 36 0 
76628	0	4	84 39 0 
76694	66	4	84 3d 0 
76752	58	5	b5 40 0 
76772	20	2	b2 40 0 
76776	4	4	b4 40 0 
76776	0	6	86 42 0 
76784	8	1	81 36 0 
76800	16	6	96 44 70 
76800	0	5	95 29 46 
76800	0	5	95 39 4a 
76800	0	5	95 3d 5b 
76800	0	5	95 35 3e 
76800	0	5	95 41 4c 
76800	0	4	94 41 46 
76800	0	4	94 35 3a 
76800	0	4	94 39 3c 
76800	0	2	92 45 48 
76800	0	2	92 35 3d 
76800	0	2	92 41 39 
76800	0	1	91 35 49 
76992	192	4	94 3d 39 
77000	8	4	b4 40 7f 
77022	22	4	84 39 0 
77114	92	4	84 41 0 
77148	34	4	84 3d 0 
77184	36	4	94 39 46 
77234	50	2	b2 40 7f 
77284	50	4	84 39 0 
77298	14	4	84 35 0 
77332	34	2	82 41 0 
77332	0	2	82 45 0 
77376	44	4	94 41 5f 
77376	0	2	92 45 39 
77376	0	2	92 49 42 
77376	0	2	92 41 37 
77446	70	2	82 49 0 
77472	26	2	82 41 0 
77472	0	2	82 45 0 
77564	92	4	84 41 0 
77568	4	4	94 35 3c 
77760	192	4	94 3d 42 
77794	34	5	b5 40 7f 
77904	110	6	86 44 0 
77912	8	4	84 3d 0 
77952	40	6	96 45 70 
77952	0	4	94 39 46 
77952	0	2	92 45 44 
77952	0	2	92 49 3d 
77952	0	2	92 41 35 
78006	54	5	85 41 0 
78030	24	2	82 45 0 
78034	4	2	82 41 0 
78038	4	4	84 39 0 
78038	0	2	82 49 0 
78092	54	4	84 35 0 
78108	16	2	82 35 0 
78144	36	5	85 39 0 
78154	10	5	85 3d 0 
78158	4	4	b4 40 0 
78202	44	2	b2 40 0 
78224	22	5	85 35 0 
78240	16	5	85 29 0 
78290	50	5	b5 40 0 
78306	16	6	86 45 0 
78336	30	1	81 35 0 
78336	0	6	96 3d 70 
78336	0	5	95 40 30 
78336	0	5	95 3d 39 
78336	0	5	95 39 39 
78336	0	4	94 40 40 
78336	0	4	94 34 44 
78336	0	4	94 39 3b 
78336	0	2	92 4c 55 
78336	0	1	91 34 51 
78456	120	4	b4 40 7f 
78510	54	4	84 40 0 
78514	4	4	84 39 0 
78528	14	4	94 3b 2f 
78528	0	2	92 49 3f 
78584	56	2	82 4c 0 
78628	44	2	b2 40 7f 
78632	4	6	86 3d 0 
78646	14	4	84 3b 0 
78706	60	2	82 49 0 
78720	14	6	96 3d 70 
78720	0	4	94 39 48 
78720	0	2	92 45 46 
78786	66	2	82 45 0 
78830	44	4	84 39 0 
78870	40	6	86 3d 0 
78912	42	6	96 3b 70 
78912	0	4	94 40 50 
78912	0	2	92 51 64 
78944	32	4	84 34 0 
78978	34	2	82 51 0 
79104	126	4	94 34 3c 
79180	76	4	84 40 0 
79182	2	6	86 3b 0 
79296	114	6	96 39 70 
79296	0	4	94 3b 44 
79296	0	2	92 4c 3d 
79344	48	2	82 4c 0 
79464	120	4	84 3b 0 
79488	24	4	94 39 48 
79568	80	4	84 34 0 
79584	16	6	86 39 0 
79670	86	4	84 39 0 
79680	10	6	96 3b 70 
79680	0	4	94 34 3c 
79724	44	2	b2 40 0 
79748	24	5	85 39 0 
79752	4	5	85 3d 0 
79772	20	5	85 40 0 
79840	68	4	b4 40 0 
79840	0	4	84 34 0 
79846	6	1	81 34 0 
79872	26	5	95 42 48 
79872	0	5	95 39 3b 
79872	0	5	95 26 39 
79872	0	5	95 32 2b 
79872	0	5	95 2d 31 
79872	0	4	94 32 44 
79872	0	4	94 3d 46 
79872	0	2	92 3e 37 
79872	0	2	92 4a 44 
79872	0	1	91 32 3d 
80064	192	4	94 39 46 
80064	0	2	92 45 48 
80080	16	2	b2 40 7f 
80128	48	2	82 4a 0 
80248	120	4	b4 40 7f 
80256	8	4	94 3e 52 
80256	0	2	92 4c 5b 
80262	6	4	84 3d 0 
80338	76	2	82 4c 0 
80394	56	4	84 3e 0 
80426	32	4	84 39 0 
80448	22	4	94 42 5f 
80448	0	2	92 4e 59 
80464	16	4	84 32 0 
80464	0	2	82 45 0 
80478	14	2	82 3e 0 
80582	104	2	82 4e 0 
80640	58	4	94 3e 46 
80640	0	2	92 51 57 
80642	2	4	84 42 0 
80710	68	6	86 3b 0 
80736	26	4	94 32 11 
80738	2	2	82 51 0 
80808	70	4	84 3e 0 
80832	24	4	94 3d 42 
80832	0	2	92 3e 38 
81000	168	4	84 3d 0 
81006	6	2	82 3e 0 
81024	18	6	96 42 70 
81024	0	4	94 39 3b 
81188	164	1	81 32 0 
81216	28	4	94 36 40 
81274	58	5	85 32 0 
81278	4	2	b2 40 0 
81292	14	5	85 2d 0 
81292	0	5	85 39 0 
81312	20	5	85 26 0 
81312	0	5	85 42 0 
81336	24	4	b4 40 0 
81344	8	4	84 32 0 
81374	30	4	84 39 0 
81374	0	4	84 36 0 
81392	18	6	86 42 0 
81408	16	6	96 40 70 
81408	0	5	95 3e 34 
81408	0	5	95 3b 39 
81408	0	5	95 37 2d 
81408	0	5	95 34 35 
81408	0	4	94 3b 48 
81408	0	4	94 40 40 
81408	0	4	94 37 34 
81408	0	4	94 31 46 
81408	0	2	92 4c 55 
81408	0	2	92 47 50 
81408	0	2	92 43 39 
81408	0	1	91 31 5e 
81592	184	4	b4 40 7f 
81600	8	4	94 34 3c 
81626	26	4	84 40 0 
81640	14	4	84 37 0 
81672	32	4	84 3b 0 
81672	0	2	82 43 0 
81732	60	2	82 4c 0 
81750	18	2	b2 40 7f 
81756	6	2	82 47 0 
81792	36	4	94 37 40 
81792	0	2	92 43 39 
81940	148	2	82 43 0 
81942	2	4	84 37 0 
81984	42	4	94 3b 57 
81984	0	2	92 47 48 
82044	60	4	84 34 0 
82092	48	5	b5 40 7f 
82104	12	5	85 3e 0 
82136	32	4	84 3b 0 
82176	40	5	95 40 33 
82176	0	4	94 40 42 
82176	0	2	92 4f 62 
82184	8	2	82 47 0 
82304	120	2	82 4f 0 
82320	16	5	b5 40 0 
82368	48	4	94 3b 3c 
82368	0	2	92 4c 55 
82376	8	4	84 40 0 
82536	160	2	82 4c 0 
82560	24	6	96 3b 70 
82560	0	4	94 34 3e 
82560	0	2	92 47 39 
82562	2	6	86 40 0 
82608	46	4	84 3b 0 
82682	74	2	82 47 0 
82694	12	1	81 31 0 
82736	42	6	86 3b 0 
82752	16	6	96 3a 70 
82752	0	4	94 37 3a 
82752	0	2	92 43 3a 
82752	0	1	91 31 51 
82782	30	5	85 34 0 
82782	0	5	85 3b 0 
82784	2	5	85 37 0 
82796	12	4	84 34 0 
82808	12	5	85 40 0 
82816	8	4	84 31 0 
82832	16	2	82 43 0 
82862	30	4	84 37 0 
82872	10	2	b2 40 0 
82886	14	4	b4 40 0 
82940	54	1	81 31 0 
82944	4	5	95 3a 39 
82944	0	5	95 40 39 
82944	0	5	95 36 2e 
82944	0	5	95 2a 2f 
82944	0	5	95 31 2d 
82944	0	4	94 34 44 
82944	0	4	94 42 48 
82944	0	4	94 3d 42 
82944	0	4	94 3a 35 
82944	0	2	92 49 3c 
82944	0	2	92 46 35 
82944	0	2	92 40 31 
82944	0	2	92 36 37 
82944	0	1	91 2a 55 
83210	266	4	b4 40 7f 
83228	18	4	84 3a 0 
83272	44	2	b2 40 7f 
83318	46	4	84 3d 0 
83328	10	4	94 3a 3c 
83328	0	2	92 3d 3e 
83330	2	4	84 42 0 
83368	38	4	84 34 0 
83368	0	2	82 40 0 
83368	0	2	82 49 0 
83386	18	2	82 46 0 
83520	134	4	94 34 32 
83520	0	2	92 49 59 
83612	92	4	84 3a 0 
83658	46	2	82 49 0 
83712	54	4	94 3d 3b 
83712	0	2	92 46 4e 
83848	136	2	82 36 0 
83856	8	2	82 3d 0 
83868	12	4	84 3d 0 
83880	12	2	82 46 0 
83904	24	4	94 42 48 
84006	102	5	b5 40 7f 
84054	48	6	86 3a 0 
84058	4	4	84 42 0 
84096	38	6	96 40 70 
84096	0	4	94 3d 4c 
84118	22	5	85 2a 0 
84120	2	5	85 36 0 
84126	6	5	85 31 0 
84130	4	5	85 3a 0 
84164	34	5	85 40 0 
84288	124	4	94 3a 48 
84310	22	4	84 3d 0 
84360	50	4	b4 40 0 
84366	6	4	84 34 0 
84376	10	4	84 3a 0 
84440	64	6	86 40 0 
84448	8	2	b2 40 0 
84458	10	1	81 2a 0 
84466	8	5	b5 40 0 
84480	14	6	96 3e 70 
84480	0	5	95 3e 3b 
84480	0	5	95 3b 39 
84480	0	5	95 36 1d 
84480	0	5	95 2f 2d 
84480	0	5	95 32 2e 
84480	0	4	94 42 3d 
84480	0	4	94 3e 3c 
84480	0	4	94 39 34 
84480	0	4	94 2f 2e 
84480	0	2	92 3b 46 
84480	0	2	92 45 48 
84480	0	1	91 2f 5c 
84662	182	4	b4 40 7f 
84672	10	4	94 36 44 
84672	0	2	92 42 4c 
84712	40	4	84 39 0 
84764	52	4	84 42 0 
84774	10	4	84 3e 0 
84864	90	0	ff 51 3 9 f3 84 
84864	0	4	94 3b 3c 
84864	0	2	92 4a 46 
84906	42	2	82 45 0 
85006	100	4	84 3b 0 
85056	50	4	84 36 0 
85056	0	4	94 3e 46 
85056	0	2	92 4e 5b 
85080	24	2	82 4a 0 
85084	4	2	b2 40 7f 
85110	26	4	84 2f 0 
85232	122	2	82 42 0 
85248	16	0	ff 51 3 a 2c 1e 
85248	0	4	94 2f 37 
85276	28	2	82 3b 0 
85348	72	2	82 4e 0 
85422	74	4	84 3e 0 
85440	18	4	94 36 48 
85450	10	6	86 3e 0 
85568	118	1	81 2f 0 
85632	64	0	ff 51 3 a 49 60 
85632	0	6	96 40 70 
85632	0	4	94 42 40 
85632	0	1	91 2f 49 
85684	52	2	b2 40 0 
85848	164	4	84 36 0 
85866	18	4	84 2f 0 
85872	6	4	84 42 0 
85880	8	5	85 36 0 
85896	16	5	85 3b 0 
85910	14	5	85 32 0 
85918	8	5	85 2f 0 
85928	10	5	85 3e 0 
85952	24	4	b4 40 0 
85956	4	6	86 40 0 
85982	26	1	81 2f 0 
86016	34	0	ff 51 3 a 85 ec 
86016	0	6	96 42 70 
86016	0	5	95 42 42 
86016	0	5	95 34 44 
86016	0	5	95 39 39 
86016	0	5	95 3e 39 
86016	0	4	94 28 4e 
86016	0	2	92 34 50 
86016	0	1	91 28 4f 
86178	162	4	b4 40 7f 
86208	30	4	94 2f 48 
86208	0	2	92 3b 50 
86400	192	0	ff 51 3 a c5 58 
86400	0	4	94 34 42 
86400	0	2	92 40 4a 
86592	192	4	94 38 39 
86592	0	2	92 42 46 
86694	102	2	82 40 0 
86778	84	4	84 38 0 
86784	6	0	ff 51 3 a e6 21 
86784	0	4	94 3e 39 
86784	0	2	92 40 4a 
86790	6	4	b4 40 0 
86802	12	2	82 42 0 
86828	26	5	b5 40 7f 
87032	204	5	85 3e 0 
87032	0	5	85 39 0 
87042	10	5	85 34 0 
87056	14	5	85 42 0 
87162	106	5	b5 40 0 
87168	6	0	ff 51 3 b 2a 2d 
87168	0	6	96 44 70 
87168	0	5	95 44 57 
87184	16	6	86 42 0 
87290	106	1	81 28 0 
87320	30	4	84 3e 0 
87326	6	2	82 40 0 
87336	10	2	82 34 0 
87338	2	2	82 3b 0 
87344	6	4	84 2f 0 
87352	8	4	84 34 0 
87368	16	4	84 28 0 
87430	62	5	85 44 0 
87528	98	6	86 44 0 
87552	24	0	ff 51 3 a 2c 1e 
87552	0	6	96 45 70 
87552	0	5	95 45 42 
87552	0	5	95 40 3c 
87552	0	5	95 3d 39 
87552	0	4	94 2d 40 
87552	0	4	94 39 42 
87552	0	3	93 45 64 
87552	0	2	92 51 52 
87552	0	2	92 2d 50 
87552	0	2	92 4c 3f 
87552	0	2	92 45 64 
87552	0	2	92 49 34 
87552	0	1	91 2d 5a 
87744	192	4	94 34 52 
87744	0	3	93 47 52 
87744	0	2	92 47 52 
87846	102	4	84 39 0 
87862	16	4	b4 40 7f 
87896	34	3	83 45 0 
87896	0	2	82 45 0 
87928	32	2	b2 40 7f 
87936	8	4	94 39 46 
87936	0	3	93 4c 52 
87936	0	2	92 4c 52 
87936	0	2	92 39 44 
87960	24	3	83 47 0 
87960	0	2	82 47 0 
88000	40	2	82 51 0 
88016	16	2	82 4c 0 
88026	10	2	82 49 0 
88034	8	4	84 39 0 
88128	94	4	94 3b 55 
88128	0	3	93 47 50 
88128	0	2	92 47 50 
88128	0	2	92 45 36 
88156	28	3	83 4c 0 
88176	20	4	84 34 0 
88200	24	4	84 2d 0 
88230	30	4	84 3b 0 
88320	90	2	82 4c 0 
88320	0	4	94 2d 27 
88320	0	3	93 45 50 
88320	0	2	92 45 50 
88346	26	3	83 47 0 
88346	0	2	82 47 0 
88424	78	2	82 45 0 
88510	86	1	81 2d 0 
88512	2	2	82 45 0 
88512	0	4	94 40 50 
88512	0	3	93 4c 4e 
88512	0	2	92 4c 4e 
88512	0	2	92 49 69 
88512	0	1	91 39 5a 
88660	148	2	82 49 0 
88700	40	3	83 45 0 
88704	4	3	83 4c 0 
88704	0	4	94 34 3e 
88704	0	3	93 47 52 
88704	0	2	92 47 52 
88704	0	2	92 4c 6b 
88704	0	1	91 2d 4f 
88705	1	2	82 4c 0 
88730	25	2	82 39 0 
88732	2	4	84 40 0 
88732	0	1	81 39 0 
88736	4	2	82 2d 0 
88764	28	5	b5 40 7f 
88806	42	4	84 2d 0 
88848	42	4	84 34 0 
88896	48	2	82 4c 0 
88896	0	4	94 39 46 
88896	0	3	93 45 57 
88896	0	2	92 45 57 
88896	0	1	91 39 57 
88912	16	1	81 2d 0 
88920	8	3	83 47 0 
88920	0	2	82 47 0 
88928	8	5	85 40 0 
88952	24	5	85 45 0 
88958	6	5	85 3d 0 
89050	92	4	84 39 0 
89088	38	5	95 45 4a 
89088	0	5	95 42 3e 
89088	0	5	95 3e 36 
89088	0	4	94 32 52 
89088	0	3	93 3e 5b 
89088	0	2	92 51 5d 
89088	0	2	92 3e 39 
89088	0	2	92 3e 5b 
89088	0	2	92 4a 44 
89088	0	2	92 4e 52 
89088	0	1	91 2d 57 
89089	1	2	82 3e 0 
89096	7	1	81 39 0 
89098	2	4	b4 40 0 
89102	4	3	83 45 0 
89102	0	2	82 45 0 
89112	10	2	b2 40 0 
89118	6	5	b5 40 0 
89198	80	4	b4 40 7f 
89280	82	4	94 39 48 
89280	0	3	93 42 44 
89280	0	2	92 42 44 
89298	18	2	b2 40 7f 
89370	72	4	84 39 0 
89472	102	0	ff 51 3 a 49 60 
89472	0	4	94 3b 64 
89472	0	3	93 45 59 
89472	0	2	92 45 59 
89476	4	4	84 32 0 
89624	148	4	84 3b 0 
89664	40	4	94 32 4a 
89664	0	3	93 4c 55 
89664	0	2	92 4c 55 
89664	0	2	92 45 40 
89782	118	2	82 4a 0 
89856	74	0	ff 51 3 a 67 4c 
89856	0	2	82 45 0 
89920	64	2	82 45 0 
89948	28	5	b5 40 7f 
90006	58	2	82 4e 0 
90016	10	2	82 51 0 
90034	18	2	82 3e 0 
90046	12	4	84 32 0 
90048	2	4	94 40 52 
90048	0	3	93 4a 52 
90048	0	2	92 4a 52 
90048	0	2	92 4a 4e 
90049	1	2	82 4a 0 
90068	19	3	83 4c 0 
90068	0	2	82 4c 0 
90206	138	5	85 42 0 
90206	0	2	82 4a 0 
90216	10	5	85 3e 0 
90224	8	5	85 45 0 
90234	10	3	83 4a 0 
90240	6	0	ff 51 3 a 85 ec 
90240	0	4	94 3b 52 
90240	0	3	93 47 57 
90240	0	2	92 47 57 
90240	0	2	92 4c 5d 
90240	0	1	91 39 57 
90248	8	3	83 45 0 
90272	24	1	81 2d 0 
90282	10	4	84 40 0 
90340	58	2	82 4c 0 
90396	56	4	84 3b 0 
90406	10	3	83 47 0 
90406	0	2	82 47 0 
90420	14	1	81 39 0 
90432	12	4	94 39 44 
90432	0	3	93 45 57 
90432	0	2	92 45 57 
90432	0	2	92 51 57 
90432	0	1	91 2d 5a 
90584	152	2	82 51 0 
90586	2	4	84 39 0 
90588	2	6	86 45 40 
90600	12	5	b5 40 0 
90602	2	3	83 45 0 
90602	0	2	82 45 0 
90608	6	3	83 3e 0 
90616	8	3	83 42 0 
90616	0	2	82 42 0 
90618	2	2	b2 40 0 
90624	6	0	ff 51 3 a c5 58 
90624	0	5	95 45 37 
90624	0	5	95 3e 34 
90624	0	5	95 41 35 
90624	0	4	94 35 66 
90624	0	3	93 3e 50 
90624	0	2	92 51 55 
90624	0	2	92 4d 44 
90624	0	2	92 4a 42 
90624	0	2	92 3e 50 
90624	0	2	92 41 3c 
90624	0	1	91 32 55 
90624	0	6	ff 2f 0 
90646	22	1	81 2d 0 
90648	2	4	b4 40 0 
90794	146	4	b4 40 7f 
90816	22	4	94 41 40 
90816	0	3	93 41 48 
90816	0	2	92 41 48 
90934	118	4	84 41 0 
90936	2	2	b2 40 7f 
91008	72	0	ff 51 3 a e6 21 
91008	0	2	82 41 0 
91008	0	4	94 3e 46 
91008	0	3	93 45 59 
91008	0	2	92 45 59 
91144	136	4	84 35 0 
91152	8	4	84 3e 0 
91200	48	4	94 35 33 
91200	0	3	93 4c 62 
91200	0	2	92 4c 62 
91388	188	4	84 35 0 
91392	4	0	ff 51 3 b 7 ca 
91392	0	4	94 3b 44 
91434	42	2	82 51 0 
91494	60	1	81 32 0 
91506	12	2	82 4a 0 
91518	12	2	82 4d 0 
91552	34	4	84 3b 0 
91568	16	3	83 45 0 
91568	0	3	83 4c 0 
91568	0	2	82 45 0 
91568	0	2	82 4c 0 
91584	16	4	94 3d 4c 
91584	0	3	93 4a 5f 
91584	0	2	92 4a 5f 
91584	0	2	92 51 57 
91584	0	1	91 32 53 
91630	46	2	82 41 0 
91724	94	4	84 3d 0 
91760	36	1	81 32 0 
91776	16	0	ff 51 3 b 2a 2d 
91776	0	4	94 3e 46 
91776	0	3	93 45 5d 
91776	0	2	92 45 5d 
91776	0	2	92 4d 4e 
91776	0	1	91 34 4f 
91786	10	3	83 41 0 
91798	12	3	83 4a 0 
91798	0	2	82 4a 0 
91832	34	2	82 51 0 
91844	12	2	82 4d 0 
91924	80	3	83 3e 0 
91924	0	2	82 3e 0 
91968	44	3	93 41 59 
91968	0	2	92 41 59 
91968	0	1	91 32 4d 
91982	14	4	84 3e 0 
91984	2	1	81 34 0 
92060	76	4	b4 40 0 
92078	18	5	85 41 0 
92080	2	5	85 3e 0 
92096	16	5	85 45 0 
92138	42	1	81 32 0 
92152	14	3	83 45 0 
92152	0	3	83 41 0 
92152	0	2	82 45 0 
92152	0	2	82 41 0 
92160	8	0	ff 51 3 9 d8 28 
92160	0	5	95 45 3c 
92160	0	5	95 3d 37 
92160	0	5	95 2d 40 
92160	0	5	95 49 2d 
92160	0	5	95 34 33 
92160	0	4	94 2d 46 
92160	0	4	94 3d 4e 
92160	0	4	94 39 40 
92160	0	4	94 34 3b 
92160	0	3	93 49 4c 
92160	0	3	93 45 44 
92160	0	2	92 49 46 
92160	0	2	92 4c 4c 
92160	0	2	92 45 3c 
92160	0	2	92 49 4c 
92160	0	2	92 39 39 
92160	0	2	92 45 44 
92160	0	2	92 40 39 
92160	0	1	91 2d 55 
92161	1	2	82 45 0 
92161	0	2	82 49 0 
92172	11	2	b2 40 0 
94158	1986	4	84 34 40 
94176	18	4	84 39 40 
94176	0	4	84 2d 40 
94188	12	4	84 3d 40 
95028	840	3	83 45 40 
95028	0	2	82 45 40 
95040	12	3	83 49 40 
95040	0	2	82 49 40 
95094	54	5	85 34 40 
95144	50	5	85 3d 40 
95152	8	5	85 2d 40 
95156	4	5	85 45 40 
95162	6	5	85 49 40 
95192	30	2	82 40 40 
95200	8	1	81 2d 40 
95206	6	2	82 39 40 
95232	26	2	82 4c 40 
95232	0	5	ff 2f 0 
95232	0	4	ff 2f 0 
95232	0	3	ff 2f 0 
95232	0	1	ff 2f 0 
96768	1536	2	ff 2f 0 
96768	0	0	ff 2f 0 
