TPQ: 192
TRACKS: 20
0	0	0	ff 51 3 5 b8 d8 
0	0	0	ff 58 4 6 3 18 8 
0	0	0	ff 59 2 0 0 
0	0	2	ff 3 15 53 61 6e 67 72 61 6e 64 6f 2f 20 47 6f 6e 7a 61 67 75 69 6e 0 
0	0	3	ff 3 a 53 65 71 75 65 6e 63 79 20 0 
0	0	4	ff 3 4 50 6f 72 0 
0	0	5	ff 3 8 44 61 75 70 68 69 6e 0 
0	0	6	ff 3 6 66 6f 72 72 6f 0 
0	0	7	ff 3 7 73 74 72 69 6e 67 0 
0	0	8	ff 3 8 73 74 72 69 6e 67 73 0 
0	0	9	ff 3 8 73 74 72 69 6e 67 73 0 
0	0	10	ff 3 6 62 61 69 78 6f 0 
0	0	11	ff 3 c 70 69 61 6e 6f 20 2f 62 61 73 65 0 
0	0	12	ff 3 8 74 72 6f 6d 70 61 73 0 
0	0	13	ff 3 9 67 75 69 74 61 72 72 61 0 
0	0	14	ff 3 13 76 69 62 72 61 66 6f 6e 65 2f 74 72 6f 6d 62 6f 6e 65 0 
0	0	15	ff 3 8 6d 65 6c 6f 64 69 61 0 
0	0	16	ff 3 8 62 61 74 65 72 69 61 0 
0	0	17	ff 3 8 63 68 69 6d 62 61 75 0 
0	0	18	ff 3 6 62 75 6d 62 6f 0 
0	0	19	ff 3 8 76 69 72 61 64 61 73 0 
0	0	2	f0 41 10 42 12 40 0 7f 0 41 f7 
0	0	2	c0 2 
0	0	2	b0 1 0 
0	0	3	c0 2 
0	0	3	b0 1 0 
0	0	4	c0 2 
0	0	4	b0 1 0 
0	0	5	c0 2 
0	0	5	b0 1 0 
0	0	6	c0 50 
0	0	6	b0 7 50 
0	0	6	b0 5b 7f 
0	0	6	b0 5d 7f 
0	0	6	b0 1 0 
0	0	7	c1 52 
0	0	7	b1 7 7f 
0	0	7	b1 5b 32 
0	0	7	b1 5d 0 
0	0	7	b1 1 0 
0	0	8	b1 7 7f 
0	0	10	c2 21 
0	0	10	b2 7 7f 
0	0	10	b2 a 40 
0	0	10	b2 5b 50 
0	0	10	b2 5d 5a 
0	0	11	c3 2 
0	0	11	b3 7 7f 
0	0	11	b3 a 40 
0	0	11	b3 5b 28 
0	0	11	b3 5d 0 
0	0	11	b3 1 0 
0	0	11	b3 7b 0 
0	0	12	c4 3d 
0	0	12	b4 7 68 
0	0	12	b4 5b 32 
0	0	12	b4 5d 14 
0	0	13	c5 1b 
0	0	13	b5 7 4d 
0	0	13	b5 a 40 
0	0	13	b5 5b 78 
0	0	13	b5 5d 78 
0	0	13	b5 1 0 
0	0	14	c6 8 
0	0	14	b6 7 78 
0	0	14	b6 5b 64 
0	0	14	b6 5d 64 
0	0	14	b6 1 0 
0	0	15	c7 15 
0	0	15	b7 7 69 
0	0	15	b7 a 40 
0	0	15	b7 5b 78 
0	0	15	b7 5d 14 
0	0	15	b7 1 0 
0	0	16	c9 0 
0	0	16	b9 7 7f 
0	0	16	b9 5b 28 
0	0	17	c9 0 
0	0	17	b9 7 7f 
0	0	18	b9 7 7f 
0	0	5	ff 2f 0 
0	0	4	ff 2f 0 
0	0	3	ff 2f 0 
0	0	2	ff 2f 0 
0	0	1	ff 2f 0 
0	0	0	ff 2f 0 
48	48	12	b4 1 0 
378	330	10	b2 1 0 
570	192	10	b2 1 0 
576	6	7	91 53 5b 
576	0	7	91 4f 5a 
576	0	7	91 4a 5b 
580	4	10	92 2b 71 
595	15	11	93 56 7c 
696	101	11	93 53 74 
743	47	11	83 56 0 
767	24	11	93 3e 78 
897	130	11	93 51 7d 
937	40	11	83 53 0 
961	24	11	83 3e 0 
968	7	11	93 43 73 
1041	73	11	83 51 0 
1070	29	11	93 4a 7a 
1121	51	7	81 4f 0 
1124	3	7	81 4a 0 
1156	32	16	b9 1 0 
1156	0	16	99 35 6b 
1172	16	11	83 4a 0 
1172	0	11	93 56 7b 
1200	28	16	89 35 0 
1200	0	11	83 43 0 
1208	8	7	81 53 0 
1273	65	11	93 53 7a 
1311	38	11	83 56 0 
1365	54	11	93 3e 7a 
1459	94	11	93 51 75 
1538	79	11	83 3e 0 
1559	21	11	93 43 7a 
1561	2	11	83 53 0 
1638	77	11	83 51 0 
1657	19	11	93 4a 7d 
1704	47	7	91 51 58 
1708	4	7	91 4d 54 
1708	0	7	91 48 5f 
1743	35	11	83 4a 0 
1744	1	11	93 54 7a 
1758	14	16	99 35 6a 
1803	45	16	89 35 0 
1804	1	11	83 43 0 
1844	40	11	93 53 78 
1884	40	11	83 54 0 
1943	59	11	93 3e 7a 
2036	93	11	93 4f 74 
2074	38	11	83 53 0 
2119	45	11	83 3e 0 
2130	11	11	93 41 7d 
2228	98	11	83 4f 0 
2228	0	11	93 4a 75 
2251	23	10	82 2b 0 
2320	69	11	83 4a 0 
2324	4	11	93 54 7c 
2334	10	16	99 33 67 
2367	33	16	89 33 0 
2372	5	11	83 41 0 
2427	55	11	93 53 78 
2468	41	11	83 54 0 
2515	47	11	93 3e 7a 
2612	97	11	93 4f 79 
2660	48	11	83 53 0 
2707	47	11	83 3e 0 
2708	1	11	93 41 73 
2729	21	7	81 4d 0 
2736	7	7	81 51 0 
2745	9	7	81 48 0 
2786	41	11	83 4f 0 
2806	20	11	93 4a 73 
2840	34	7	91 4f 59 
2844	4	10	92 26 7f 
2848	4	7	91 43 5e 
2856	8	7	91 46 5c 
2890	34	11	83 4a 0 
2898	8	10	92 2b 71 
2905	7	11	93 54 77 
2932	27	16	99 33 6a 
2936	4	10	82 26 0 
2945	9	11	83 41 0 
2961	16	16	89 33 0 
2961	0	7	91 4b 56 
2996	35	11	93 53 74 
3049	53	11	83 54 0 
3088	39	11	93 3e 7d 
3104	16	16	99 33 62 
3126	22	16	89 33 0 
3183	57	16	99 33 6a 
3190	7	11	93 4f 73 
3224	34	16	89 33 0 
3228	4	11	83 53 0 
3268	40	11	83 3e 0 
3280	12	11	93 43 79 
3348	68	16	99 33 61 
3367	19	11	83 4f 0 
3377	10	11	93 4a 7b 
3386	9	16	89 33 0 
3432	46	16	99 33 63 
3466	34	16	89 33 0 
3473	7	11	83 4a 0 
3478	5	11	93 54 7d 
3544	66	11	83 43 0 
3569	25	11	93 53 78 
3602	33	11	83 54 0 
3664	62	11	93 3e 7d 
3761	97	11	93 4f 7d 
3823	62	11	83 53 0 
3829	6	11	83 3e 0 
3856	27	11	93 43 7d 
3925	69	7	81 4f 0 
3943	18	11	83 4f 0 
3944	1	11	93 4a 74 
3949	5	7	81 46 0 
3961	12	7	81 4b 0 
3984	23	7	91 47 59 
3991	7	7	91 4a 5e 
3992	1	7	91 4c 5a 
4031	39	7	81 4c 0 
4032	1	11	83 4a 0 
4049	17	16	99 2e 69 
4052	3	16	99 35 5d 
4054	2	11	93 53 7b 
4072	18	11	83 43 0 
4082	10	16	89 2e 0 
4088	6	16	89 35 0 
4244	156	11	93 3e 78 
4424	180	11	83 3e 0 
4424	0	11	93 43 77 
4622	198	11	93 4a 79 
4631	9	11	83 53 0 
4800	169	11	93 4f 79 
4828	28	11	83 4a 0 
4849	21	11	83 43 0 
4977	128	11	93 53 73 
5006	29	11	83 4f 0 
5043	37	10	82 2b 0 
5096	53	7	81 43 0 
5104	8	7	81 47 0 
5138	34	7	91 45 5d 
5138	0	7	91 41 59 
5161	23	10	92 29 71 
5182	21	16	99 2e 66 
5185	3	11	93 51 77 
5202	17	11	83 53 0 
5211	9	16	89 2e 0 
5340	129	16	99 2e 5e 
5370	30	16	89 2e 0 
5428	58	16	99 2e 66 
5457	29	16	89 2e 0 
5581	124	16	99 2e 5d 
5610	29	16	89 2e 0 
5667	57	16	99 2e 67 
5694	27	16	89 2e 0 
5745	51	11	93 48 79 
5793	48	11	83 51 0 
5948	155	11	93 4d 7a 
5977	29	11	83 48 0 
6129	152	11	93 51 73 
6159	30	11	83 4d 0 
6253	94	7	81 41 0 
6305	52	10	82 29 0 
6306	1	7	91 40 57 
6319	13	16	99 33 67 
6335	16	10	92 28 7a 
6349	14	11	83 51 0 
6350	1	11	93 4f 77 
6353	3	16	89 33 0 
6498	145	16	99 33 6b 
6527	29	16	89 33 0 
6592	65	16	99 2e 5e 
6623	31	16	89 2e 0 
6740	117	11	93 4a 73 
6761	21	16	99 2e 66 
6774	13	11	83 4f 0 
6791	17	16	89 2e 0 
6848	57	16	99 33 5d 
6869	21	7	91 48 5b 
6873	4	16	89 33 0 
6896	23	7	81 4a 0 
6937	41	11	93 48 76 
6941	4	11	83 4a 0 
7120	179	11	93 47 7b 
7138	18	11	83 48 0 
7307	169	11	93 48 7a 
7338	31	7	81 45 0 
7345	7	11	83 47 0 
7380	35	7	81 40 0 
7417	37	7	81 48 0 
7430	13	7	91 43 5d 
7434	4	7	91 40 54 
7441	7	7	91 3c 55 
7458	17	16	99 2e 60 
7473	15	16	89 2e 0 
7496	23	16	99 2e 63 
7503	7	11	83 48 0 
7504	1	10	82 28 0 
7504	0	11	93 4f 75 
7516	12	10	92 1c 7f 
7526	10	16	89 2e 0 
7528	2	11	93 4f 7b 
7536	8	12	94 43 6e 
7539	3	16	99 2e 6a 
7561	22	16	89 2e 0 
7584	23	16	99 2e 63 
7644	60	16	89 2e 0 
7663	19	16	99 2e 5e 
7694	31	16	89 2e 0 
7696	2	16	99 2e 69 
7718	22	16	89 2e 0 
7730	12	16	99 2e 61 
7761	31	16	89 2e 0 
7768	7	16	99 2e 5f 
7795	27	16	89 2e 0 
7802	7	16	99 2e 68 
7812	10	11	83 4f 0 
7862	50	16	89 2e 0 
7881	19	16	99 2e 61 
7930	49	16	89 2e 0 
7942	12	16	99 2e 6b 
7998	56	16	89 2e 0 
8021	23	16	99 2e 67 
8054	33	16	89 2e 0 
8054	0	16	ff 2f 0 
8056	2	11	83 4f 0 
8350	294	7	81 40 0 
8352	2	7	81 3c 0 
8364	12	7	81 43 0 
8584	220	11	93 52 7a 
8592	8	12	94 46 6e 
8592	0	7	91 4c 56 
8592	0	7	91 43 58 
8600	8	7	91 40 5a 
8646	46	12	84 43 0 
8768	122	10	82 1c 0 
9176	408	11	83 52 0 
9184	8	12	84 46 0 
9184	0	11	93 4f 74 
9192	8	12	94 43 6e 
9192	0	7	91 48 5e 
9216	24	11	b3 20 0 
9216	0	11	b3 0 10 
9216	0	11	c3 5 
9218	2	11	b3 5d 64 
9219	1	11	b3 5b 50 
9220	1	7	81 4c 0 
9776	556	7	81 40 0 
9776	0	7	81 43 0 
9779	3	11	83 4f 0 
9787	8	12	84 43 0 
9792	5	11	93 3b 72 
9792	0	11	93 2f 6b 
9823	31	12	94 42 6e 
9823	0	7	91 47 3c 
9823	0	6	90 42 64 
9826	3	6	90 3e 64 
9828	2	11	93 3e 73 
9830	2	7	91 3e 3c 
9834	4	7	91 42 3c 
9836	2	6	90 47 64 
9840	4	11	93 42 71 
9853	13	7	81 48 0 
10368	515	17	99 2a 7f 
10378	10	15	97 47 6e 
10383	5	11	83 3e 0 
10404	21	11	93 3e 6a 
10409	5	17	89 2a 0 
10534	125	15	87 47 0 
10564	30	15	97 4a 6e 
10594	30	12	84 42 0 
10660	66	11	83 3b 0 
10689	29	15	87 4a 0 
10714	25	15	97 49 6e 
10728	14	11	93 3b 6b 
10744	16	11	83 3e 0 
10793	49	15	87 49 0 
10800	7	11	93 3e 6b 
10846	46	15	97 4a 6e 
10872	26	11	83 3b 0 
10896	24	11	83 3e 0 
10904	8	11	83 42 0 
10932	28	11	93 42 70 
10932	0	11	93 3e 72 
10932	0	11	93 39 6f 
10932	0	11	93 2d 6f 
10939	7	15	87 4a 0 
10948	9	6	90 45 64 
10954	6	11	83 2f 0 
10956	2	15	97 49 6e 
10980	24	6	80 47 0 
11037	57	15	87 49 0 
11080	43	15	97 4a 6e 
11173	93	15	87 4a 0 
11186	13	15	97 49 6e 
11281	95	15	87 49 0 
11301	20	15	97 4a 6e 
11427	126	11	83 39 0 
11484	57	11	93 39 73 
11519	35	7	81 42 0 
11519	0	7	81 3e 0 
11519	0	7	81 47 0 
11520	1	17	99 2a 7f 
11561	41	17	89 2a 0 
11563	2	15	87 4a 0 
11620	57	15	97 47 6e 
11641	21	11	83 42 0 
11700	59	11	93 42 72 
11760	60	15	97 49 6e 
11780	20	15	87 47 0 
11828	48	11	83 3e 0 
11851	23	11	83 39 0 
11853	2	15	87 49 0 
11891	38	15	97 4a 6e 
11999	108	6	80 42 0 
12036	37	6	90 43 64 
12039	3	11	83 42 0 
12043	4	15	97 4e 6e 
12046	3	15	87 4a 0 
12048	2	11	93 28 70 
12052	4	6	90 47 64 
12056	4	11	83 2d 0 
12060	4	11	93 42 70 
12060	0	11	93 3e 73 
12060	0	11	93 3b 69 
12060	0	11	93 37 73 
12076	16	6	80 45 0 
12166	90	15	87 4e 0 
12223	57	15	97 4e 6e 
12657	434	11	83 37 0 
12671	14	11	83 3e 0 
12672	1	17	99 2a 7f 
12704	32	11	83 3b 0 
12713	9	17	89 2a 0 
12816	103	11	93 3b 6a 
12910	94	11	83 42 0 
13008	98	11	93 3e 72 
13147	139	11	83 28 0 
13178	31	15	87 4e 0 
13190	12	15	97 4f 6e 
13200	10	11	93 28 72 
13212	12	11	93 45 70 
13212	0	11	93 42 6f 
13772	560	11	83 3b 0 
13824	52	17	99 2a 7f 
13836	12	11	93 3b 72 
13858	22	11	83 3e 0 
13865	7	17	89 2a 0 
13984	119	11	83 42 0 
14028	44	11	93 3e 6e 
14084	56	11	83 45 0 
14196	112	11	93 45 6a 
14316	120	11	83 3b 0 
14320	4	11	83 3e 0 
14323	3	11	83 45 0 
14358	35	15	87 4f 0 
14398	40	11	83 28 0 
14400	2	11	93 37 6d 
14400	0	11	93 34 72 
14400	0	11	93 2d 69 
14401	1	11	93 3e 70 
14401	0	11	93 3b 6c 
14652	251	15	97 49 6e 
14784	132	15	87 49 0 
14812	28	15	97 4a 6e 
14894	82	15	87 4a 0 
14948	54	15	97 4c 6e 
14976	28	17	99 2a 7f 
14976	0	11	93 3b 6d 
15017	41	17	89 2a 0 
15046	29	15	87 4c 0 
15063	17	15	97 4a 6e 
15066	3	11	83 34 0 
15141	75	15	87 4a 0 
15144	3	11	93 3d 69 
15146	2	11	83 3b 0 
15151	5	11	83 3e 0 
15168	17	15	97 49 6e 
15241	73	15	87 49 0 
15284	43	11	83 37 0 
15288	4	15	97 4a 6e 
15324	36	11	93 3e 72 
15369	45	15	87 4a 0 
15424	55	15	97 4c 6e 
15432	8	11	83 2d 0 
15442	10	11	83 3b 0 
15474	32	6	90 46 64 
15475	1	11	83 3e 0 
15476	1	11	83 3d 0 
15498	22	6	80 47 0 
15516	18	11	93 2d 6d 
15528	12	11	93 40 72 
15528	0	11	93 3d 6d 
15528	0	11	93 3a 71 
15537	9	15	87 4c 0 
15540	3	15	97 4a 6e 
15638	98	15	87 4a 0 
15643	5	15	97 49 6e 
15757	114	15	97 4a 6e 
15766	9	15	87 49 0 
15889	123	15	87 4a 0 
15904	15	15	97 4c 6e 
16063	159	15	87 4c 0 
16081	18	15	97 45 6e 
16128	47	17	99 2a 7f 
16169	41	17	89 2a 0 
16245	76	15	97 49 6e 
16286	41	15	87 45 0 
16372	86	15	97 4a 6e 
16385	13	15	87 49 0 
16431	46	11	83 3d 0 
16432	1	11	83 40 0 
16437	5	11	83 3a 0 
16496	59	15	97 4c 6e 
16507	11	15	87 4a 0 
16560	53	6	80 43 0 
16623	63	6	90 45 64 
16627	4	6	90 42 64 
16629	2	15	87 4c 0 
16639	10	6	80 46 0 
16665	26	11	83 2d 0 
16668	3	15	97 4e 6e 
16692	24	11	93 42 6e 
16692	0	11	93 3d 6a 
16692	0	11	93 39 73 
16692	0	11	93 26 73 
16806	114	15	97 4f 6e 
16815	9	15	87 4e 0 
16946	131	15	87 4f 0 
16958	12	15	97 4e 6e 
17003	45	15	97 4f 6e 
17019	16	15	87 4e 0 
17280	261	17	99 2a 7f 
17321	41	17	89 2a 0 
17324	3	15	97 4e 6e 
17348	24	15	87 4f 0 
17408	60	11	83 39 0 
17460	52	11	93 39 6f 
17465	5	11	83 3d 0 
17607	142	11	83 42 0 
17640	33	11	93 3d 73 
17742	102	11	83 26 0 
17788	46	11	83 3d 0 
17816	28	11	83 39 0 
17820	4	11	93 26 6d 
17832	12	11	93 42 71 
17832	0	11	93 3d 6b 
17832	0	11	93 39 6e 
18372	540	11	83 42 0 
18384	12	11	83 3d 0 
18432	48	17	99 2a 7f 
18440	8	15	87 4e 0 
18444	4	11	93 42 72 
18473	29	17	89 2a 0 
18624	151	11	93 3d 71 
18672	48	11	83 39 0 
18804	132	11	93 39 6e 
18903	99	11	83 42 0 
18903	0	6	80 3e 0 
18920	17	6	80 42 0 
18924	4	11	83 3d 0 
18961	37	6	90 48 64 
18973	12	6	90 40 64 
18982	9	11	83 26 0 
18996	14	11	93 43 6c 
18996	0	11	93 3c 73 
18996	0	11	93 2d 73 
19008	12	11	93 40 6c 
19257	249	15	97 4e 6e 
19372	115	15	87 4e 0 
19388	16	15	97 4f 6e 
19465	77	15	87 4f 0 
19516	51	15	97 51 6e 
19581	65	15	87 51 0 
19584	3	17	99 2a 7f 
19618	34	15	97 4f 6e 
19625	7	17	89 2a 0 
19719	94	15	87 4f 0 
19721	2	15	97 4e 6e 
19822	101	15	87 4e 0 
19847	25	15	97 4f 6e 
19933	86	15	87 4f 0 
19987	54	15	97 51 6e 
20050	63	6	80 40 0 
20066	16	11	83 39 0 
20068	2	15	87 51 0 
20069	1	11	83 43 0 
20076	7	11	83 3c 0 
20085	9	15	97 4f 6e 
20093	8	11	83 40 0 
20104	11	6	90 42 64 
20108	4	11	83 2d 0 
20108	0	6	90 3e 64 
20112	4	11	93 26 73 
20122	10	6	80 48 0 
20124	2	11	93 3c 70 
20124	0	11	93 39 73 
20136	12	11	93 42 70 
20136	0	11	93 40 6b 
20201	65	15	87 4f 0 
20202	1	15	97 4e 6e 
20398	196	15	87 4e 0 
20411	13	15	97 4a 6e 
20736	325	17	99 2a 7f 
20761	25	11	83 39 0 
20777	16	17	89 2a 0 
20886	109	15	97 50 6e 
20888	2	11	83 42 0 
20892	4	11	93 39 71 
20911	19	15	87 4a 0 
20923	12	15	97 51 6e 
20934	11	15	87 50 0 
21072	138	11	93 42 72 
21079	7	15	87 51 0 
21112	33	11	83 39 0 
21137	25	11	83 3c 0 
21152	15	15	97 50 6e 
21185	33	15	97 51 6e 
21196	11	15	87 50 0 
21211	15	11	83 40 0 
21239	28	11	83 42 0 
21255	16	6	80 42 0 
21268	13	6	90 47 64 
21275	7	15	87 51 0 
21276	1	11	83 26 0 
21276	0	11	93 3b 6e 
21276	0	6	90 43 64 
21288	12	11	93 42 6a 
21288	0	11	93 3e 6a 
21288	0	11	93 2b 6e 
21297	9	6	80 45 0 
21308	11	15	97 50 6e 
21328	20	15	97 51 6e 
21344	16	15	87 50 0 
21395	51	6	80 43 0 
21476	81	6	90 42 64 
21888	412	17	99 2a 7f 
21929	41	17	89 2a 0 
21972	43	11	83 3b 0 
22056	84	11	93 3b 72 
22104	48	11	83 3e 0 
22152	48	11	83 42 0 
22248	96	11	93 3e 71 
22260	12	11	93 42 6e 
22325	65	11	83 2b 0 
22399	74	11	83 42 0 
22404	5	11	83 3e 0 
22411	7	15	87 51 0 
22423	12	15	97 53 6e 
22428	5	11	93 2b 6e 
22452	24	11	93 45 6b 
22452	0	11	93 42 71 
22452	0	11	93 3e 6b 
23040	588	17	99 2a 7f 
23081	41	17	89 2a 0 
23118	37	11	83 3b 0 
23220	102	11	93 3b 72 
23324	104	11	83 45 0 
23355	31	11	83 42 0 
23376	21	11	93 42 6a 
23400	24	11	93 45 71 
23479	79	6	80 42 0 
23487	8	6	80 3e 0 
23514	27	11	83 45 0 
23518	4	11	83 3e 0 
23527	9	15	87 53 0 
23549	22	6	90 44 64 
23553	4	6	90 40 64 
23557	4	11	83 42 0 
23568	11	11	93 28 73 
23579	11	11	83 2b 0 
23592	13	11	93 44 6a 
23592	0	11	93 40 6f 
23855	263	15	97 50 6e 
23883	28	11	83 3b 0 
23962	79	15	87 50 0 
23964	2	11	93 3b 71 
23978	14	11	83 44 0 
24020	42	15	97 51 6e 
24105	85	15	87 51 0 
24131	26	11	83 40 0 
24156	25	11	93 42 6b 
24162	6	15	97 53 6e 
24168	6	11	93 45 72 
24192	24	17	99 2a 7f 
24233	41	17	89 2a 0 
24247	14	15	87 53 0 
24269	22	15	97 51 6e 
24375	106	15	87 51 0 
24392	17	15	97 50 6e 
24457	65	15	87 50 0 
24508	51	15	97 51 6e 
24576	68	11	93 40 6b 
24580	4	11	83 45 0 
24593	13	15	87 51 0 
24638	45	11	83 42 0 
24643	5	15	97 53 6e 
24652	9	6	90 4c 64 
24658	6	11	83 28 0 
24721	63	12	94 4c 6e 
24744	23	15	87 53 0 
24744	0	11	93 28 70 
24756	12	11	93 47 6c 
24756	0	11	93 44 73 
24879	123	15	97 51 6e 
24880	1	15	87 51 0 
24892	12	15	97 50 6e 
25060	168	15	97 4c 6e 
25064	4	15	87 50 0 
25236	172	11	83 3b 0 
25332	96	11	93 3b 69 
25338	6	11	83 40 0 
25344	6	17	99 2a 7f 
25385	41	17	89 2a 0 
25425	40	15	97 50 6e 
25448	23	15	87 4c 0 
25524	76	11	93 40 6c 
25541	17	11	83 47 0 
25548	7	15	97 51 6e 
25568	20	15	87 50 0 
25680	112	15	97 53 6e 
25680	0	11	93 47 69 
25683	3	15	87 51 0 
25740	57	11	83 44 0 
25766	26	11	83 47 0 
25776	10	11	83 3b 0 
25779	3	11	83 40 0 
25812	33	15	87 53 0 
25830	18	6	80 40 0 
25836	6	12	84 4c 0 
25836	0	15	97 55 6e 
25875	39	6	80 44 0 
25885	10	15	97 56 6e 
25890	5	11	83 28 0 
25893	3	6	90 43 64 
25896	3	11	93 3e 71 
25896	0	11	93 3b 73 
25896	0	11	93 37 72 
25896	0	11	93 2d 69 
25992	96	15	87 56 0 
25992	0	15	87 55 0 
26000	8	15	97 55 6e 
26008	8	6	90 4a 64 
26042	34	15	97 56 6e 
26052	10	6	80 4c 0 
26057	5	15	87 55 0 
26496	439	17	99 2a 7f 
26537	41	17	89 2a 0 
26558	21	11	83 37 0 
26640	82	11	93 37 70 
26711	71	11	83 3b 0 
26844	133	11	93 3b 6a 
26896	52	11	83 2d 0 
26974	78	6	90 49 64 
26987	13	6	80 4a 0 
27032	45	15	97 55 6e 
27036	4	11	93 2d 6d 
27038	2	15	87 56 0 
27048	10	11	83 3e 0 
27048	0	11	93 3d 6f 
27684	636	6	80 47 0 
27686	2	11	83 37 0 
27698	12	6	80 43 0 
27716	18	6	80 49 0 
27729	13	15	87 55 0 
27789	60	11	83 3b 0 
27873	84	11	83 2d 0 
27884	11	11	83 3d 0 
28043	159	15	97 47 6e 
28113	70	6	90 3e 64 
28118	5	6	90 47 64 
28121	3	6	90 40 64 
28128	7	6	90 42 64 
28176	48	6	80 42 0 
28194	18	7	91 3b 6e 
28201	7	6	80 40 0 
28213	12	6	90 42 64 
28219	6	15	87 47 0 
28224	5	13	95 3e 75 
28224	0	11	93 2f 6e 
28224	0	10	92 23 75 
28236	12	13	95 42 6d 
28238	2	15	97 4a 6e 
28248	10	11	93 3e 71 
28261	13	14	96 53 50 
28272	11	11	93 42 72 
28274	2	14	96 56 50 
28284	10	13	95 47 6e 
28473	189	15	87 4a 0 
28507	34	15	97 49 6e 
28625	118	15	87 49 0 
28658	33	15	97 4a 6e 
28768	110	11	83 3e 0 
28772	4	15	87 4a 0 
28788	16	11	93 3e 6d 
28788	0	11	93 3b 6b 
28796	8	15	97 49 6e 
28848	52	17	99 2a 7f 
28894	46	15	87 49 0 
28921	27	17	89 2a 0 
28931	10	15	97 4a 6e 
28944	13	13	85 42 0 
28948	4	13	85 3e 0 
28956	8	7	91 3d 6e 
28964	8	13	85 47 0 
28997	33	7	81 3b 0 
29041	44	15	87 4a 0 
29041	0	15	97 49 6e 
29073	32	11	83 3b 0 
29132	59	7	91 3e 6e 
29142	10	15	87 49 0 
29164	22	7	81 3d 0 
29172	8	11	93 3b 6c 
29176	4	11	83 42 0 
29188	12	15	97 4a 6e 
29202	14	10	82 23 0 
29243	41	14	86 53 0 
29252	9	14	86 56 0 
29301	49	11	83 3b 0 
29316	15	6	90 45 64 
29336	20	11	83 3e 0 
29346	10	7	91 3b 6e 
29352	6	7	81 3e 0 
29352	0	11	93 2d 69 
29353	1	6	80 47 0 
29364	11	13	95 42 75 
29364	0	11	93 42 6b 
29364	0	11	93 3e 6b 
29364	0	11	93 39 70 
29376	12	10	92 21 7b 
29377	1	11	83 2f 0 
29400	23	13	95 47 6c 
29436	36	13	95 49 6c 
29655	219	15	87 4a 0 
29712	57	15	97 47 6e 
29860	148	15	97 49 6e 
29873	13	11	83 39 0 
29900	27	15	87 47 0 
29904	4	17	99 2a 7f 
29932	28	7	91 42 6e 
29964	32	11	93 39 69 
29969	5	17	89 2a 0 
29975	6	11	83 3e 0 
29999	24	15	87 49 0 
30007	8	11	83 42 0 
30028	21	15	97 4a 6e 
30121	93	13	85 42 0 
30144	23	13	85 49 0 
30144	0	11	93 3e 6a 
30145	1	13	85 47 0 
30213	68	15	97 4e 6e 
30249	36	15	87 4a 0 
30324	75	11	93 42 6b 
30368	44	11	83 3e 0 
30393	25	15	87 4e 0 
30407	14	11	83 39 0 
30434	27	15	97 4e 6e 
30440	6	7	91 3e 6e 
30443	3	10	82 21 0 
30458	15	6	80 42 0 
30476	18	6	90 47 64 
30480	4	18	99 24 78 
30484	4	6	90 43 64 
30510	26	11	83 2d 0 
30516	6	11	93 3b 71 
30516	0	11	93 37 6b 
30516	0	11	93 28 6e 
30516	0	10	92 1c 7a 
30524	8	6	80 45 0 
30528	4	13	b5 a 0 
30528	0	11	93 3e 72 
30540	12	13	95 3e 70 
30555	15	18	89 24 0 
30564	9	13	95 42 73 
30990	426	11	83 37 0 
31104	114	17	99 2a 7f 
31104	0	11	93 37 6a 
31114	10	11	83 42 0 
31165	51	11	83 3b 0 
31168	3	11	83 3e 0 
31174	6	17	89 2a 0 
31284	110	13	85 42 0 
31288	4	13	85 3e 0 
31296	8	11	93 3b 69 
31436	140	10	82 1c 0 
31464	28	11	93 3e 6f 
31476	12	10	92 28 7b 
31490	14	11	83 37 0 
31505	15	11	83 3b 0 
31525	20	11	83 3e 0 
31629	104	11	83 28 0 
31656	27	15	97 4f 6e 
31660	4	7	91 43 6e 
31668	8	11	93 3e 6c 
31668	0	11	93 3b 69 
31668	0	11	93 28 6a 
31668	0	10	92 1c 72 
31671	3	10	82 28 0 
31677	6	15	87 4e 0 
31680	3	11	93 45 72 
31680	0	11	93 42 71 
31697	17	7	81 42 0 
31728	31	18	99 24 78 
31729	1	18	89 24 0 
31997	268	11	83 3b 0 
32064	67	11	93 3b 6d 
32082	18	11	83 42 0 
32206	124	7	91 42 6e 
32228	22	11	83 45 0 
32233	5	7	81 3b 0 
32235	2	7	81 3e 0 
32237	2	7	81 43 0 
32256	19	17	99 2a 7f 
32256	0	11	93 42 6e 
32314	58	17	89 2a 0 
32384	70	11	83 42 0 
32397	13	11	83 3e 0 
32408	11	7	91 40 6e 
32424	16	11	93 40 6a 
32436	12	10	92 28 7f 
32439	3	10	82 1c 0 
32453	14	7	81 42 0 
32576	123	7	91 3e 6e 
32592	16	11	83 40 0 
32600	8	7	81 40 0 
32604	4	11	93 3e 6e 
32616	12	10	92 1c 79 
32632	16	15	87 4f 0 
32642	10	11	83 3b 0 
32643	1	10	82 28 0 
32767	124	11	83 3e 0 
32777	10	7	91 3b 6e 
32780	3	11	83 28 0 
32780	0	10	82 1c 0 
32784	4	18	99 24 78 
32796	12	11	93 3e 6d 
32796	0	11	93 3b 6f 
32796	0	11	93 37 69 
32808	12	13	95 3b 6e 
32808	0	13	95 37 75 
32808	0	11	93 2d 71 
32808	0	10	92 21 79 
32832	24	13	b5 a 7f 
32856	24	13	95 3e 78 
32864	8	18	89 24 0 
33081	217	15	97 49 6e 
33191	110	15	87 49 0 
33237	46	15	97 4a 6e 
33335	98	15	87 4a 0 
33360	25	17	99 2a 7f 
33405	45	15	97 4c 6e 
33420	15	17	89 2a 0 
33520	100	15	87 4c 0 
33528	8	15	97 4a 6e 
33558	30	11	83 3e 0 
33567	9	13	85 3b 0 
33576	9	11	93 3d 6b 
33582	6	13	85 3e 0 
33592	10	13	85 37 0 
33610	18	15	87 4a 0 
33643	33	15	97 49 6e 
33716	73	15	87 49 0 
33744	28	18	99 24 78 
33744	0	11	93 3e 71 
33760	16	11	83 3d 0 
33762	2	15	97 4a 6e 
33784	22	18	89 24 0 
33784	0	11	83 3b 0 
33839	55	15	87 4a 0 
33840	1	11	83 2d 0 
33881	41	6	90 46 64 
33884	3	15	97 4c 6e 
33899	15	11	83 3e 0 
33913	14	6	80 47 0 
33920	7	10	82 21 0 
33926	6	7	91 3a 6e 
33928	2	7	91 3d 6e 
33936	8	18	99 24 78 
33936	0	10	92 2d 7d 
33948	12	11	93 40 6d 
33948	0	11	93 3a 6e 
33952	4	7	81 3e 0 
33955	3	7	81 3b 0 
33960	5	11	93 3d 6e 
33972	12	13	95 46 71 
33984	12	11	93 2d 73 
33984	0	11	93 2d 6f 
33992	8	18	89 24 0 
33992	0	15	87 4c 0 
34001	9	15	97 4a 6e 
34091	90	15	87 4a 0 
34112	21	15	97 49 6e 
34210	98	15	97 4a 6e 
34227	17	15	87 49 0 
34317	90	15	87 4a 0 
34329	12	15	97 4c 6e 
34448	119	13	85 46 0 
34460	12	15	87 4c 0 
34485	25	15	97 45 6e 
34512	27	17	99 2a 7f 
34520	8	11	83 40 0 
34532	12	11	83 3d 0 
34532	0	11	83 3a 0 
34536	4	13	95 48 6f 
34560	24	11	83 2d 0 
34561	1	17	89 2a 0 
34572	11	11	93 3d 6c 
34572	0	11	93 3a 70 
34584	12	11	93 40 6b 
34636	52	15	97 49 6e 
34692	56	15	87 45 0 
34738	46	10	82 2d 0 
34749	11	15	97 4a 6e 
34752	3	10	92 21 7a 
34772	20	15	87 49 0 
34866	94	15	97 4c 6e 
34882	16	15	87 4a 0 
34924	42	11	83 3d 0 
34931	7	11	83 40 0 
34932	1	10	92 2d 74 
34941	9	11	83 3a 0 
34942	1	11	83 37 0 
34943	1	10	82 21 0 
35006	63	7	81 3a 0 
35022	16	6	80 43 0 
35051	29	15	97 4e 6e 
35068	17	6	90 45 64 
35076	8	6	90 42 64 
35078	2	15	87 4c 0 
35096	18	6	80 46 0 
35100	4	13	85 48 0 
35100	0	11	93 26 70 
35104	4	15	97 4f 6e 
35112	8	11	93 42 6d 
35112	0	11	93 3d 72 
35112	0	11	93 39 6e 
35114	2	10	82 2d 0 
35120	6	7	91 39 6e 
35121	1	7	91 42 6e 
35124	3	15	87 4e 0 
35124	0	10	92 1a 7b 
35136	12	18	99 24 78 
35136	0	13	95 45 52 
35202	66	18	89 24 0 
35212	10	15	87 4f 0 
35258	46	15	97 4f 6e 
35491	233	15	97 4e 6e 
35500	9	15	87 4f 0 
35613	113	11	83 2d 0 
35712	99	17	99 2a 7f 
35766	54	17	89 2a 0 
35792	26	11	83 39 0 
35840	48	13	85 45 0 
35881	41	11	83 3d 0 
35892	11	11	93 39 70 
35937	45	11	83 42 0 
36054	117	10	82 1a 0 
36084	30	11	93 3d 6f 
36096	12	10	92 26 74 
36201	105	11	83 26 0 
36240	39	11	83 3d 0 
36244	4	11	83 39 0 
36252	8	7	91 40 6e 
36264	12	10	92 1a 7f 
36267	3	10	82 26 0 
36273	6	7	81 42 0 
36276	3	11	93 42 73 
36276	0	11	93 3d 6d 
36276	0	11	93 39 6d 
36288	12	18	99 24 78 
36288	0	11	93 26 70 
36345	57	18	89 24 0 
36443	98	15	87 4e 0 
36596	153	10	82 1a 0 
36660	64	10	92 21 71 
36784	124	11	83 39 0 
36789	5	7	91 42 6e 
36800	11	10	82 21 0 
36808	8	7	81 40 0 
36852	44	10	92 23 7b 
36864	12	17	99 2a 7f 
36888	24	11	93 39 70 
36890	2	11	83 3d 0 
36913	23	17	89 2a 0 
37024	111	10	82 23 0 
37044	20	11	83 42 0 
37044	0	10	92 21 77 
37056	12	11	93 3d 73 
37112	56	10	82 21 0 
37224	112	11	93 42 71 
37224	0	10	92 23 78 
37233	9	6	80 42 0 
37248	15	18	99 24 78 
37261	13	6	80 3e 0 
37294	33	10	82 23 0 
37296	2	18	89 24 0 
37328	32	6	80 45 0 
37332	4	7	91 43 6e 
37344	12	13	b5 a 40 
37352	8	7	81 39 0 
37357	5	7	91 40 6e 
37370	13	7	81 3d 0 
37373	3	7	91 3c 6e 
37375	2	11	83 42 0 
37377	2	11	83 3d 0 
37382	5	6	90 40 64 
37385	3	6	90 45 64 
37389	4	7	81 42 0 
37389	0	6	90 48 64 
37393	4	11	83 39 0 
37404	11	13	95 40 7f 
37414	10	11	83 26 0 
37416	2	11	93 39 6b 
37416	0	10	92 25 71 
37428	12	11	93 43 72 
37428	0	11	93 40 6e 
37428	0	11	93 3c 70 
37440	12	18	99 24 78 
37440	0	11	93 2d 73 
37452	12	13	95 45 7f 
37463	11	10	82 25 0 
37464	1	13	95 48 77 
37464	0	10	92 26 76 
37503	39	18	89 24 0 
37693	190	15	97 4e 6e 
37791	98	15	87 4e 0 
37828	37	15	97 4f 6e 
37914	86	15	87 4f 0 
37941	27	11	83 39 0 
37955	14	11	83 3c 0 
37973	18	15	97 51 6e 
37992	19	11	93 3c 6b 
37992	0	11	93 39 6b 
38016	24	17	99 2a 7f 
38056	40	15	87 51 0 
38069	13	17	89 2a 0 
38090	21	15	97 4f 6e 
38171	81	15	87 4f 0 
38188	17	13	85 40 0 
38208	20	15	97 4e 6e 
38210	2	13	85 45 0 
38218	8	13	85 48 0 
38278	60	15	87 4e 0 
38332	54	15	97 4f 6e 
38421	89	15	87 4f 0 
38452	31	6	80 48 0 
38474	22	15	97 51 6e 
38484	10	6	80 40 0 
38492	8	11	83 39 0 
38495	3	11	83 43 0 
38507	12	11	83 3c 0 
38511	4	10	82 26 0 
38520	9	11	83 40 0 
38530	10	11	83 2d 0 
38538	8	6	90 42 64 
38543	5	6	90 3e 64 
38553	10	7	91 42 6e 
38556	3	11	93 26 69 
38565	9	7	81 43 0 
38568	3	11	93 42 72 
38568	0	11	93 40 72 
38580	12	11	93 3c 72 
38580	0	11	93 39 69 
38580	0	10	92 1a 7f 
38592	12	18	99 24 78 
38653	61	18	89 24 0 
38661	8	15	87 51 0 
38698	37	15	97 4a 6e 
39070	372	11	83 39 0 
39092	22	11	83 3c 0 
39094	2	11	83 42 0 
39120	26	17	99 2a 7f 
39132	12	11	93 3c 6c 
39144	12	11	93 42 73 
39144	0	11	93 39 73 
39163	19	17	89 2a 0 
39237	74	15	87 4a 0 
39253	16	11	83 39 0 
39313	60	10	82 1a 0 
39323	10	15	97 51 6e 
39336	13	10	92 26 74 
39348	12	11	93 39 72 
39352	4	11	83 42 0 
39450	98	11	83 40 0 
39483	33	15	87 51 0 
39504	21	18	99 24 78 
39515	11	15	97 54 6e 
39516	1	10	92 1a 7e 
39528	12	11	93 42 6b 
39528	0	11	93 40 6b 
39539	11	10	82 26 0 
39542	3	18	89 24 0 
39586	44	6	80 3e 0 
39600	14	11	83 39 0 
39606	6	6	80 42 0 
39618	12	6	80 45 0 
39631	13	11	83 3c 0 
39645	14	11	83 40 0 
39648	3	13	b5 a 1e 
39655	7	7	81 40 0 
39664	9	15	87 54 0 
39672	8	7	81 3c 0 
39672	0	13	95 3e 7f 
39672	0	6	90 3e 64 
39675	3	6	90 42 64 
39676	1	6	90 47 64 
39686	10	10	82 1a 0 
39696	10	18	99 24 78 
39698	2	11	83 42 0 
39700	2	11	83 26 0 
39706	6	15	97 53 6e 
39708	2	13	95 42 7d 
39708	0	11	93 3b 6a 
39709	1	7	91 3e 6e 
39714	5	7	91 3b 6e 
39720	6	11	93 42 6d 
39720	0	11	93 3e 73 
39720	0	11	93 2b 71 
39720	0	10	92 1f 76 
39732	12	13	95 45 78 
39744	12	18	89 24 0 
40177	433	11	83 3b 0 
40255	78	15	87 53 0 
40272	17	17	99 2a 7f 
40272	0	11	93 3b 70 
40288	16	15	97 51 6e 
40320	32	17	89 2a 0 
40468	148	15	87 51 0 
40476	8	15	97 4f 6e 
40488	12	11	93 45 71 
40513	25	11	83 3b 0 
40596	83	13	85 3e 0 
40609	13	13	85 45 0 
40620	11	13	85 42 0 
40648	28	15	97 51 6e 
40656	8	11	93 3b 6c 
40661	5	11	83 45 0 
40664	3	15	87 4f 0 
40680	16	10	92 2b 7a 
40692	12	10	82 1f 0 
40772	80	11	83 2b 0 
40783	11	15	87 51 0 
40805	22	11	83 3b 0 
40812	7	11	83 3e 0 
40816	4	15	97 53 6e 
40817	1	11	83 42 0 
40840	23	7	81 3b 0 
40848	8	18	99 24 78 
40848	0	11	93 3e 6e 
40848	0	11	93 3b 6a 
40853	5	7	91 45 6e 
40858	5	10	82 2b 0 
40860	2	11	93 42 72 
40860	0	11	93 2b 73 
40872	12	10	92 1f 7e 
40904	32	18	89 24 0 
41168	264	12	c4 3f 
41356	188	11	83 3b 0 
41424	68	17	99 2a 7f 
41441	17	11	83 3e 0 
41448	7	11	93 3b 73 
41469	21	17	89 2a 0 
41510	41	11	83 42 0 
41640	130	11	93 3e 6e 
41640	0	10	92 2b 75 
41648	8	14	c6 39 
41648	0	14	b6 5d 0 
41649	1	10	82 1f 0 
41660	11	14	b6 5b 50 
41718	58	7	91 3b 6e 
41719	1	7	81 45 0 
41801	82	15	87 53 0 
41808	7	18	99 24 78 
41808	0	11	93 42 6c 
41831	23	10	82 2b 0 
41832	1	10	92 1f 76 
41849	17	18	89 24 0 
41862	13	6	80 42 0 
41870	8	6	80 3e 0 
41898	28	6	80 47 0 
41913	15	11	83 3e 0 
41936	23	7	81 3b 0 
41972	36	11	83 42 0 
41977	5	6	90 40 64 
41980	3	6	90 47 64 
41980	0	6	90 44 64 
41988	8	7	81 3e 0 
41988	0	13	95 40 7f 
42000	12	18	99 24 78 
42001	1	18	89 24 0 
42001	0	11	83 2b 0 
42008	7	10	82 1f 0 
42012	4	11	93 28 69 
42024	12	11	93 44 71 
42024	0	11	93 40 72 
42024	0	10	92 1c 77 
42032	8	14	96 42 7f 
42032	0	12	94 42 6e 
42036	4	13	95 44 7f 
42036	0	7	91 40 6e 
42041	5	7	91 44 6e 
42047	6	7	81 42 0 
42048	1	13	95 47 78 
42195	147	14	86 42 0 
42195	0	12	84 42 0 
42204	9	14	96 40 7f 
42204	0	12	94 40 6e 
42234	30	15	97 50 6e 
42318	84	11	83 3b 0 
42366	48	15	87 50 0 
42376	10	14	86 40 0 
42376	0	12	84 40 0 
42388	12	14	96 3b 7f 
42388	0	12	94 3b 6e 
42404	16	15	97 51 6e 
42408	4	11	93 3b 6f 
42508	100	15	87 51 0 
42509	1	7	91 45 6e 
42536	27	11	83 40 0 
42542	6	7	81 44 0 
42543	1	11	83 44 0 
42550	7	15	97 53 6e 
42552	2	7	91 42 6e 
42555	3	7	81 40 0 
42563	8	10	82 1c 0 
42573	10	11	83 28 0 
42576	3	17	99 2a 7f 
42600	24	11	93 45 69 
42600	0	11	93 42 6b 
42600	0	11	93 2a 71 
42600	0	10	92 1e 77 
42625	25	17	89 2a 0 
42691	66	15	87 53 0 
42696	5	15	97 51 6e 
42728	32	13	85 47 0 
42738	10	13	85 40 0 
42772	34	15	87 51 0 
42776	4	13	85 44 0 
42807	31	15	97 50 6e 
42827	20	11	83 3b 0 
42895	68	15	87 50 0 
42942	47	15	97 51 6e 
42972	30	11	93 3b 6f 
42999	27	11	83 45 0 
43029	30	11	83 42 0 
43032	3	14	86 3b 0 
43032	0	12	84 3b 0 
43055	23	15	87 51 0 
43102	47	15	97 53 6e 
43108	6	7	81 42 0 
43112	4	10	82 1e 0 
43116	4	11	83 2a 0 
43133	17	7	91 47 6e 
43141	8	7	91 44 6e 
43149	8	7	81 45 0 
43152	3	18	99 24 78 
43164	12	11	93 47 72 
43164	0	11	93 44 73 
43167	3	14	96 40 7f 
43167	0	12	94 4c 6e 
43176	9	11	93 2c 72 
43188	12	10	92 20 73 
43206	18	18	89 24 0 
43298	92	15	87 53 0 
43311	13	15	97 4c 6e 
43536	225	11	93 40 72 
43631	95	11	83 47 0 
43676	45	11	83 44 0 
43712	36	7	91 4a 6e 
43728	16	17	99 2a 7f 
43752	24	11	93 44 6d 
43773	21	17	89 2a 0 
43908	135	15	97 53 6e 
43912	4	15	87 4c 0 
43932	20	11	93 47 6e 
44044	112	10	82 20 0 
44080	36	15	87 53 0 
44084	4	15	97 56 6e 
44111	27	11	83 3b 0 
44124	13	11	83 40 0 
44131	7	11	83 47 0 
44148	17	11	83 44 0 
44224	76	6	80 44 0 
44227	3	6	80 40 0 
44252	25	6	80 47 0 
44256	4	13	b5 a 5a 
44256	0	15	87 56 0 
44281	25	6	90 47 64 
44281	0	6	90 43 64 
44288	7	11	83 2c 0 
44292	4	11	93 43 6d 
44294	2	7	91 43 6e 
44298	4	7	81 44 0 
44302	4	12	84 4c 0 
44303	1	14	86 40 0 
44304	1	18	99 24 78 
44304	0	11	93 4a 71 
44304	0	11	93 47 6f 
44304	0	11	93 40 6b 
44304	0	11	93 2d 6e 
44313	9	15	97 56 6e 
44316	3	13	95 3e 7c 
44324	8	14	96 43 7f 
44324	0	12	94 4f 6e 
44328	4	10	92 21 7f 
44340	12	13	95 43 7e 
44352	12	13	95 47 7f 
44353	1	18	89 24 0 
44671	318	15	87 56 0 
44672	1	15	97 55 6e 
44790	118	15	87 55 0 
44803	13	11	83 40 0 
44847	44	15	97 55 6e 
44880	33	17	99 2a 7f 
44916	36	11	93 40 6c 
44925	9	17	89 2a 0 
44928	3	11	83 4a 0 
45004	76	13	85 43 0 
45011	7	15	97 53 6e 
45027	16	15	87 55 0 
45037	10	13	85 3e 0 
45037	0	11	83 47 0 
45066	29	11	83 43 0 
45080	14	13	85 47 0 
45108	28	11	93 43 69 
45120	12	11	93 4a 6a 
45120	0	11	93 47 6e 
45135	15	15	87 53 0 
45164	29	11	83 40 0 
45189	25	15	97 56 6e 
45264	75	18	99 24 78 
45276	12	11	93 40 6d 
45300	24	10	92 2d 72 
45305	5	18	89 24 0 
45315	10	10	82 21 0 
45341	26	15	87 56 0 
45355	14	11	83 2d 0 
45356	1	15	97 55 6e 
45398	42	11	83 43 0 
45401	3	11	83 40 0 
45407	6	11	83 47 0 
45410	3	11	83 4a 0 
45424	14	12	84 4f 0 
45425	1	14	86 43 0 
45442	17	15	87 55 0 
45453	11	19	99 28 72 
45456	3	18	99 24 78 
45460	4	7	91 49 6e 
45472	12	10	82 2d 0 
45480	8	11	93 49 6d 
45480	0	11	93 47 6c 
45480	0	11	93 40 6d 
45480	0	11	93 2d 69 
45489	9	19	89 28 0 
45489	0	7	81 4a 0 
45492	3	11	93 43 6c 
45492	0	10	92 21 78 
45503	11	18	89 24 0 
45536	33	19	99 28 6a 
45568	32	19	89 28 0 
45610	42	19	99 28 6e 
45613	3	15	97 55 6e 
45613	0	15	97 53 6e 
45614	1	15	87 55 0 
45651	37	19	89 28 0 
45700	49	19	99 28 73 
45727	27	15	97 55 6e 
45740	13	19	89 28 0 
45746	6	15	87 53 0 
45777	31	19	99 28 69 
45810	33	19	89 28 0 
45860	50	19	99 28 70 
45892	32	19	89 28 0 
45942	50	19	99 2f 71 
45942	0	19	99 2d 70 
45966	24	19	89 2f 0 
45978	12	19	89 2d 0 
45987	9	11	83 40 0 
46020	33	19	99 2f 70 
46020	0	19	99 2d 6b 
46036	16	7	81 49 0 
46048	12	19	89 2f 0 
46052	4	19	89 2d 0 
46065	13	6	80 47 0 
46068	3	11	93 40 73 
46101	33	19	99 2d 70 
46112	11	11	83 43 0 
46132	20	6	80 43 0 
46142	10	19	89 2d 0 
46179	37	7	91 45 73 
46179	0	7	91 39 78 
46186	7	19	99 2b 73 
46200	14	12	c4 3c 
46208	8	14	96 45 6e 
46208	0	12	94 45 50 
46224	16	19	89 2b 0 
46260	36	11	93 43 6e 
46268	8	7	91 47 73 
46268	0	7	91 3b 73 
46269	1	19	99 2b 70 
46291	22	14	96 47 6e 
46291	0	12	94 47 50 
46305	14	19	89 2b 0 
46307	2	15	87 55 0 
46322	15	7	81 45 0 
46322	0	7	81 39 0 
46331	9	7	91 49 78 
46331	0	7	91 3d 78 
46337	6	14	86 45 0 
46337	0	12	84 45 0 
46343	6	14	96 49 6e 
46343	0	12	94 49 50 
46360	17	19	99 29 6e 
46362	2	7	81 3b 0 
46362	0	7	81 47 0 
46367	5	14	86 47 0 
46367	0	12	84 47 0 
46386	19	15	97 53 6e 
46401	15	19	89 29 0 
46415	14	11	83 49 0 
46416	1	11	83 47 0 
46421	5	14	86 49 0 
46421	0	12	84 49 0 
46429	8	7	81 49 0 
46429	0	7	81 3d 0 
46433	4	14	96 4a 6e 
46433	0	12	94 4a 50 
46436	3	11	83 43 0 
46437	1	7	91 4a 78 
46437	0	7	91 3e 78 
46443	6	11	83 40 0 
46445	2	19	99 2b 70 
46477	32	7	81 47 0 
46478	1	7	81 43 0 
46482	4	19	89 2b 0 
46524	42	19	99 29 6a 
46530	6	14	96 4c 6e 
46530	0	12	94 4c 50 
46535	5	7	91 4c 7d 
46535	0	7	91 40 7d 
46546	11	11	83 2d 0 
46554	8	10	82 21 0 
46554	0	7	81 4a 0 
46554	0	7	81 3e 0 
46559	5	14	86 4a 0 
46559	0	12	84 4a 0 
46562	3	19	89 29 0 
46578	16	15	87 53 0 
46595	17	19	99 2b 73 
46609	14	7	81 4c 0 
46609	0	7	81 40 0 
46612	3	15	97 56 6e 
46628	16	19	89 2b 0 
46640	12	13	b5 a 0 
46640	0	14	86 4c 0 
46640	0	12	84 4c 0 
46644	4	6	90 42 64 
46644	0	6	90 3e 64 
46652	8	6	90 45 64 
46656	4	6	80 45 0 
46656	0	6	80 42 0 
46656	0	6	80 3e 0 
46656	0	13	95 45 7c 
46656	0	11	93 42 6e 
46656	0	11	93 3e 6b 
46656	0	11	93 39 6e 
46656	0	11	93 26 6f 
46658	2	12	94 4e 50 
46659	1	14	96 4e 6e 
46664	5	13	95 42 77 
46668	4	10	92 26 75 
46668	0	9	91 42 73 
46668	0	8	91 4e 73 
46680	12	13	95 3e 77 
46694	14	19	99 31 5a 
46722	28	19	89 31 0 
46968	246	15	87 56 0 
46984	16	15	97 55 6e 
47123	139	15	87 55 0 
47160	37	15	97 56 6e 
47276	116	18	99 24 1 
47308	32	13	85 3e 0 
47313	5	13	85 45 0 
47314	1	13	85 42 0 
47330	16	11	83 39 0 
47381	51	18	89 24 0 
47412	31	11	93 39 72 
47417	5	15	87 56 0 
47419	2	11	83 3e 0 
47430	11	15	97 55 6e 
47456	26	11	83 42 0 
47538	82	15	87 55 0 
47550	12	15	97 56 6e 
47590	40	10	82 26 0 
47592	2	11	93 3e 6f 
47592	0	10	92 1a 71 
47650	58	15	97 55 6e 
47666	16	15	87 56 0 
47698	32	11	83 26 0 
47702	4	11	83 39 0 
47743	41	15	87 55 0 
47756	13	11	83 3e 0 
47760	4	13	95 3e 76 
47764	4	10	82 1a 0 
47765	1	15	97 56 6e 
47772	7	10	92 2a 79 
47773	1	19	99 31 54 
47773	0	14	96 4c 6e 
47773	0	12	94 4c 50 
47778	5	12	84 4e 0 
47779	1	14	86 4e 0 
47784	5	11	93 26 70 
47796	12	13	95 42 7c 
47796	0	11	93 42 6f 
47796	0	11	93 3e 6c 
47796	0	11	93 3a 6b 
47803	7	9	91 40 73 
47803	0	8	91 4c 73 
47808	5	18	99 24 78 
47820	12	9	81 42 0 
47820	0	8	81 4e 0 
47820	0	13	95 46 7f 
47884	64	13	85 3e 0 
47890	6	13	85 42 0 
47916	26	19	89 31 0 
47922	6	18	89 24 0 
48139	217	15	87 56 0 
48144	5	15	97 55 6e 
48306	162	15	87 55 0 
48308	2	11	83 42 0 
48308	0	11	83 3a 0 
48316	8	15	97 56 6e 
48328	12	11	83 3e 0 
48348	20	9	91 46 73 
48348	0	8	91 52 73 
48376	28	17	99 2a 7f 
48377	1	9	81 40 0 
48377	0	8	81 4c 0 
48379	2	14	86 4c 0 
48379	0	12	84 4c 0 
48388	9	14	96 4a 6e 
48388	0	12	94 4a 50 
48396	8	11	93 3e 6c 
48396	0	11	93 3a 72 
48408	12	11	93 42 70 
48419	11	17	89 2a 0 
48424	5	13	85 46 0 
48508	84	15	97 55 6e 
48520	12	15	87 56 0 
48685	165	15	97 53 6e 
48688	3	15	87 55 0 
48768	80	10	92 1a 72 
48770	2	10	82 2a 0 
48775	5	11	83 3a 0 
48820	45	15	97 55 6e 
48857	37	15	87 53 0 
48880	23	11	83 42 0 
48884	4	11	83 26 0 
48885	1	11	83 3e 0 
48932	47	10	82 1a 0 
48936	4	11	93 3e 6f 
48936	0	11	93 3b 69 
48936	0	11	93 28 6f 
48948	12	11	93 43 6a 
48948	0	11	93 40 69 
48948	0	10	92 1c 78 
48952	4	9	91 49 73 
48952	0	8	91 55 73 
48960	8	14	86 4a 0 
48960	0	12	84 4a 0 
48968	8	14	96 49 6e 
48968	0	12	94 49 50 
48974	6	18	99 24 78 
48979	5	9	81 46 0 
48979	0	8	81 52 0 
48984	5	15	87 55 0 
48984	0	15	97 56 6e 
49026	42	18	89 24 0 
49524	498	9	91 47 73 
49524	0	8	91 53 73 
49532	8	14	86 49 0 
49532	0	12	84 49 0 
49532	0	14	96 47 6e 
49532	0	12	94 47 50 
49544	12	9	81 49 0 
49544	0	8	81 55 0 
49576	32	17	99 2a 7f 
49577	1	17	89 2a 0 
49577	0	11	83 3b 0 
49700	123	11	83 3e 0 
49704	4	11	93 3b 69 
49714	10	10	82 1c 0 
49716	2	10	92 28 77 
49718	2	11	83 43 0 
49763	45	11	83 40 0 
49884	121	11	93 3e 6a 
49896	12	10	92 1c 7e 
49912	16	10	82 28 0 
49920	8	18	99 24 78 
49956	36	18	89 24 0 
49995	39	11	83 3b 0 
50015	20	11	83 3e 0 
50016	1	13	b5 a 40 
50020	4	15	87 56 0 
50052	32	13	95 3d 7a 
50056	4	10	82 1c 0 
50067	11	14	86 47 0 
50067	0	12	84 47 0 
50071	4	14	96 45 6e 
50071	0	12	94 45 50 
50073	2	9	91 45 73 
50073	0	8	91 51 73 
50076	3	11	93 40 73 
50076	0	10	92 21 78 
50077	1	11	83 28 0 
50084	7	15	97 55 6e 
50088	4	13	95 40 79 
50088	0	11	93 3d 71 
50088	0	11	93 39 6d 
50088	0	11	93 2d 6c 
50097	9	18	99 24 78 
50112	15	13	95 45 77 
50145	33	18	89 24 0 
50220	75	9	81 47 0 
50220	0	8	81 53 0 
50562	342	13	85 45 0 
50584	22	13	85 3d 0 
50587	3	13	85 40 0 
50597	10	11	83 39 0 
50653	56	9	91 39 73 
50653	0	8	91 45 73 
50657	4	9	81 45 0 
50657	0	8	81 51 0 
50672	15	17	99 2a 7f 
50679	7	11	83 3d 0 
50688	9	11	93 39 71 
50691	3	14	86 45 0 
50691	0	12	84 45 0 
50713	22	17	89 2a 0 
50728	15	15	87 55 0 
50736	8	11	83 40 0 
50840	104	15	97 53 6e 
50852	12	9	91 3e 73 
50852	0	8	91 4a 73 
50880	28	11	93 3d 6a 
50888	8	9	81 39 0 
50888	0	8	81 45 0 
51019	131	15	97 55 6e 
51024	5	9	91 42 73 
51024	0	8	91 4e 73 
51048	24	15	87 53 0 
51048	0	11	93 40 6b 
51057	9	9	81 3e 0 
51057	0	8	81 4a 0 
51144	87	11	83 39 0 
51159	15	15	87 55 0 
51171	12	10	82 21 0 
51188	17	11	83 3d 0 
51216	28	13	95 3e 7f 
51228	12	11	83 40 0 
51233	5	15	97 56 6e 
51237	4	9	91 47 73 
51237	0	8	91 53 73 
51240	3	11	83 2d 0 
51251	11	18	99 24 78 
51252	1	13	95 43 78 
51252	0	11	93 3b 73 
51252	0	11	93 28 73 
51252	0	10	92 1c 78 
51260	8	9	81 42 0 
51260	0	8	81 4e 0 
51264	4	11	93 43 6a 
51264	0	11	93 40 6f 
51264	0	11	93 3e 6e 
51276	12	13	95 47 77 
51303	27	18	89 24 0 
51526	223	15	87 56 0 
51547	21	15	97 55 6e 
51641	94	13	85 47 0 
51664	23	13	85 43 0 
51670	6	15	87 55 0 
51698	28	13	85 3e 0 
51718	20	11	83 3b 0 
51728	10	15	97 56 6e 
51744	16	11	83 3e 0 
51746	2	11	83 40 0 
51752	6	11	83 43 0 
51804	52	11	93 3b 6a 
51816	12	11	93 43 71 
51816	0	11	93 40 70 
51816	0	11	93 3e 6d 
51826	10	17	99 2a 7f 
51862	36	17	89 2a 0 
51898	36	15	87 56 0 
51926	28	15	97 55 6e 
52020	94	9	91 43 73 
52020	0	8	91 4f 73 
52027	7	9	81 47 0 
52027	0	8	81 53 0 
52029	2	15	87 55 0 
52032	3	10	92 28 78 
52038	6	10	82 1c 0 
52078	40	15	97 56 6e 
52188	110	9	91 47 73 
52188	0	8	91 53 73 
52194	6	15	87 56 0 
52197	3	18	99 24 78 
52200	3	15	97 55 6e 
52204	4	10	82 28 0 
52212	8	10	92 1c 76 
52220	8	11	83 3b 0 
52224	4	9	81 43 0 
52224	0	8	81 4f 0 
52245	21	18	89 24 0 
52281	36	15	87 55 0 
52292	11	11	83 3e 0 
52320	28	13	b5 a 0 
52335	15	15	97 56 6e 
52338	3	11	83 40 0 
52348	10	11	83 28 0 
52355	7	11	83 43 0 
52368	13	13	95 3d 78 
52380	12	9	91 4a 73 
52380	0	8	91 56 73 
52384	4	10	82 1c 0 
52392	8	18	99 24 78 
52392	0	11	93 3d 70 
52392	0	11	93 39 6b 
52392	0	11	93 2d 6b 
52392	0	10	92 21 75 
52401	9	9	81 47 0 
52401	0	8	81 53 0 
52404	3	13	95 41 78 
52404	0	11	93 40 72 
52438	34	18	89 24 0 
52440	2	13	95 45 7f 
52576	136	15	87 56 0 
52588	12	15	97 55 6e 
52710	122	15	87 55 0 
52740	30	15	97 56 6e 
52846	106	15	97 55 6e 
52850	4	15	87 56 0 
52859	9	11	83 39 0 
52888	29	11	83 3d 0 
52900	12	10	82 21 0 
52904	4	13	85 45 0 
52906	2	13	85 41 0 
52911	5	11	83 40 0 
52916	5	11	83 2d 0 
52919	3	13	85 3d 0 
52940	21	15	87 55 0 
52956	16	11	93 3d 73 
52956	0	11	93 37 6c 
52956	0	11	93 2b 72 
52963	7	15	97 56 6e 
52968	5	11	93 40 6f 
52968	0	10	92 1f 77 
52969	1	17	99 2a 7f 
52971	2	9	91 49 73 
52971	0	8	91 55 73 
52984	13	9	81 4a 0 
52984	0	8	81 56 0 
53013	29	17	89 2a 0 
53115	102	15	87 56 0 
53123	8	15	97 55 6e 
53275	152	15	87 55 0 
53280	5	15	97 53 6e 
53417	137	15	97 55 6e 
53434	17	15	87 53 0 
53457	23	10	82 1f 0 
53458	1	11	83 37 0 
53462	4	11	83 2b 0 
53466	4	11	83 3d 0 
53485	19	11	83 40 0 
53505	20	9	91 4c 73 
53505	0	8	91 58 73 
53518	13	9	81 49 0 
53518	0	8	81 55 0 
53528	10	12	c4 3f 
53532	4	11	93 39 69 
53532	0	10	92 1e 79 
53538	6	15	87 55 0 
53540	2	14	96 4c 6e 
53540	0	12	94 4c 6e 
53544	4	11	93 42 69 
53544	0	11	93 3d 71 
53544	0	11	93 2a 70 
53548	4	18	99 24 78 
53560	12	15	97 51 6e 
53600	40	18	89 24 0 
54083	483	9	91 4a 73 
54083	0	8	91 56 73 
54095	12	9	81 4c 0 
54095	0	8	81 58 0 
54118	23	17	99 2a 7f 
54125	7	14	96 4a 6e 
54125	0	12	94 4a 6e 
54144	19	14	86 4c 0 
54144	0	12	84 4c 0 
54166	22	17	89 2a 0 
54231	65	11	83 39 0 
54324	93	10	92 2a 78 
54336	12	10	82 1e 0 
54336	0	11	93 39 6a 
54338	2	11	83 3d 0 
54365	27	11	83 42 0 
54492	127	11	93 3d 70 
54502	10	10	82 2a 0 
54504	2	10	92 1e 7b 
54505	1	18	99 24 78 
54516	11	11	93 42 71 
54546	30	18	89 24 0 
54623	77	11	83 42 0 
54624	1	13	b5 a 7f 
54631	7	11	83 3d 0 
54651	20	10	82 1e 0 
54652	1	11	83 39 0 
54660	8	14	86 4a 0 
54660	0	12	84 4a 0 
54660	0	11	83 2a 0 
54660	0	13	95 3e 76 
54672	12	13	95 43 7f 
54684	12	11	93 39 6e 
54684	0	11	93 28 6e 
54692	8	14	96 4a 6e 
54692	0	12	94 4a 6e 
54696	4	11	93 40 6e 
54696	0	11	93 3e 6e 
54708	12	13	95 47 7f 
54708	0	10	92 1c 79 
54722	14	18	99 24 78 
54758	36	18	89 24 0 
55088	330	13	85 47 0 
55104	16	13	85 43 0 
55118	14	13	85 3e 0 
55192	74	11	83 3e 0 
55224	32	11	83 28 0 
55244	20	9	91 49 73 
55244	0	8	91 55 73 
55245	1	10	82 1c 0 
55260	15	11	93 3d 69 
55264	4	14	96 49 6e 
55264	0	12	94 49 6e 
55269	5	9	81 4a 0 
55269	0	8	81 56 0 
55272	3	13	95 45 7f 
55272	0	13	95 44 7f 
55272	0	13	95 40 7f 
55272	0	13	95 3d 76 
55272	0	11	93 2d 6e 
55272	0	10	92 21 73 
55289	17	14	86 4a 0 
55289	0	12	84 4a 0 
55292	3	17	99 2a 7f 
55293	1	17	99 2a 7f 
55296	3	17	89 2a 0 
55296	0	13	85 44 0 
55316	20	15	87 51 0 
55326	10	17	89 2a 0 
55459	133	18	99 24 78 
55503	44	18	89 24 0 
55522	19	13	85 45 0 
55524	2	13	85 40 0 
55537	13	13	85 3d 0 
55639	102	18	99 24 78 
55641	2	15	97 51 6e 
55684	43	18	89 24 0 
55724	40	9	81 49 0 
55724	0	8	81 55 0 
55760	36	14	86 49 0 
55760	0	12	84 49 0 
55766	6	11	83 39 0 
55772	6	11	83 3d 0 
55799	27	11	83 2d 0 
55805	6	15	87 51 0 
55811	6	11	83 40 0 
55824	13	18	99 24 78 
55838	14	15	97 56 6e 
55848	10	11	93 26 6d 
55856	8	13	b5 a 0 
55856	0	10	82 21 0 
55860	4	13	95 42 78 
55860	0	13	95 3e 7c 
55860	0	11	93 42 72 
55860	0	11	93 3e 72 
55860	0	11	93 39 73 
55868	8	18	89 24 0 
55872	4	13	95 45 7e 
55872	0	10	92 1a 7a 
56153	281	15	87 56 0 
56191	38	15	97 55 6e 
56322	131	15	87 55 0 
56379	57	15	97 56 6e 
56436	57	17	99 2a 7f 
56480	44	17	89 2a 0 
56531	51	15	87 56 0 
56549	18	11	83 39 0 
56555	6	10	82 1a 0 
56563	8	15	97 55 6e 
56594	31	9	91 42 73 
56594	0	8	91 4e 73 
56596	2	13	85 3e 0 
56604	8	13	85 42 0 
56616	12	13	85 45 0 
56616	0	11	93 39 6e 
56616	0	10	92 26 79 
56632	16	11	83 3e 0 
56652	20	11	83 42 0 
56707	55	15	87 55 0 
56776	69	15	97 56 6e 
56784	8	11	93 3e 6c 
56792	8	10	82 26 0 
56796	4	10	92 28 75 
56816	20	18	99 24 78 
56852	36	18	89 24 0 
56883	31	15	97 55 6e 
56884	1	11	83 39 0 
56888	4	11	83 26 0 
56889	1	15	87 56 0 
56919	30	10	82 28 0 
56927	8	11	83 3e 0 
56928	1	13	b5 a 7f 
56964	36	13	95 3e 78 
56969	5	15	87 55 0 
56976	7	11	93 26 6d 
56988	12	11	93 42 6d 
56988	0	11	93 3e 6a 
56988	0	11	93 3a 6e 
56988	0	10	92 2a 73 
56997	9	9	91 40 73 
56997	0	8	91 4c 73 
56998	1	18	99 24 78 
57000	2	13	95 42 76 
57000	0	10	92 1a 7a 
57015	15	9	81 42 0 
57015	0	8	81 4e 0 
57024	9	15	97 56 6e 
57024	0	13	95 46 78 
57038	14	18	89 24 0 
57372	334	15	87 56 0 
57393	21	15	97 55 6e 
57516	123	15	87 55 0 
57538	22	11	83 3a 0 
57544	6	15	97 56 6e 
57555	11	11	83 3e 0 
57559	4	17	99 2a 7f 
57576	17	11	93 3e 6b 
57576	0	11	93 3a 73 
57597	21	9	91 46 73 
57597	0	8	91 52 73 
57599	2	17	89 2a 0 
57636	37	13	85 3e 0 
57644	8	9	81 40 0 
57644	0	8	81 4c 0 
57651	7	13	85 42 0 
57652	1	13	85 46 0 
57920	268	15	87 56 0 
57938	18	15	97 53 6e 
57942	4	11	83 3a 0 
57959	17	11	83 42 0 
57996	37	10	82 2a 0 
58077	81	11	83 26 0 
58097	20	11	83 3e 0 
58119	22	10	82 1a 0 
58128	9	11	93 43 69 
58128	0	11	93 3e 6b 
58128	0	11	93 3b 6b 
58128	0	11	93 28 6f 
58130	2	9	91 45 73 
58130	0	8	91 51 73 
58140	10	11	93 40 6e 
58145	5	18	99 24 78 
58145	0	15	97 56 6e 
58152	7	10	92 1c 79 
58161	9	9	81 46 0 
58161	0	8	81 52 0 
58163	2	15	87 53 0 
58197	34	18	89 24 0 
58698	501	17	99 2a 7f 
58711	13	9	91 43 73 
58711	0	8	91 4f 73 
58737	26	17	89 2a 0 
58738	1	9	81 45 0 
58738	0	8	81 51 0 
58803	65	11	83 3b 0 
58932	129	10	92 28 77 
58939	7	10	82 1c 0 
58943	4	11	83 40 0 
58944	1	11	93 3b 6d 
58961	17	11	83 3e 0 
59085	124	18	99 24 78 
59100	15	11	93 3e 6a 
59124	24	10	92 1c 79 
59129	5	10	82 28 0 
59134	5	18	89 24 0 
59208	74	11	83 3b 0 
59218	10	11	83 3e 0 
59232	14	13	b5 a 40 
59233	1	11	83 28 0 
59243	10	15	87 56 0 
59244	1	13	95 3d 78 
59260	16	11	83 43 0 
59268	8	13	95 40 7f 
59272	4	15	97 55 6e 
59280	8	9	91 40 73 
59280	0	8	91 4c 73 
59304	24	13	95 45 77 
59304	0	11	93 40 70 
59304	0	11	93 3d 6f 
59304	0	11	93 39 6c 
59304	0	11	93 2d 6b 
59311	7	10	82 1c 0 
59316	5	10	92 21 72 
59317	1	18	99 24 78 
59328	11	9	81 43 0 
59328	0	8	81 4f 0 
59357	29	18	89 24 0 
59725	368	13	85 45 0 
59748	23	13	85 3d 0 
59751	3	13	85 40 0 
59878	127	17	99 2a 7f 
59896	18	9	81 40 0 
59896	0	8	81 4c 0 
59919	23	17	89 2a 0 
59948	29	15	87 55 0 
59956	8	11	83 39 0 
60072	116	15	97 53 6e 
60080	8	9	91 40 73 
60080	0	8	91 4c 73 
60084	4	11	93 39 72 
60090	6	11	83 3d 0 
60162	72	11	83 40 0 
60245	83	15	97 55 6e 
60251	6	9	91 43 73 
60251	0	8	91 4f 73 
60252	1	11	93 3d 69 
60268	16	15	87 53 0 
60288	20	11	93 40 73 
60301	13	9	81 40 0 
60301	0	8	81 4c 0 
60359	58	11	83 39 0 
60369	10	15	87 55 0 
60394	25	10	82 21 0 
60406	12	11	83 40 0 
60408	2	13	95 3e 79 
60416	8	11	83 3d 0 
60436	20	15	97 56 6e 
60440	4	11	83 2d 0 
60446	6	9	91 47 73 
60446	0	8	91 53 73 
60448	2	18	99 24 78 
60456	8	13	95 43 7f 
60456	0	11	93 40 6c 
60456	0	11	93 3e 72 
60456	0	11	93 3b 6f 
60456	0	11	93 28 71 
60468	12	11	93 43 6b 
60480	12	13	95 47 7b 
60480	0	10	92 1c 79 
60483	3	9	81 43 0 
60483	0	8	81 4f 0 
60503	20	18	89 24 0 
60748	245	15	97 55 6e 
60768	20	15	87 56 0 
60927	159	15	87 55 0 
60944	17	15	97 53 6e 
60954	10	13	85 47 0 
60965	11	13	85 3e 0 
60978	13	13	85 43 0 
61028	50	17	99 2a 7f 
61064	36	17	89 2a 0 
61088	24	15	97 55 6e 
61113	25	15	87 53 0 
61197	84	15	87 55 0 
61222	25	9	91 43 73 
61222	0	8	91 4f 73 
61229	7	15	97 56 6e 
61230	1	18	99 24 78 
61236	6	10	92 28 78 
61238	2	9	81 47 0 
61238	0	8	81 53 0 
61246	8	10	82 1c 0 
61270	24	18	89 24 0 
61334	64	15	97 55 6e 
61345	11	15	87 56 0 
61399	54	9	91 47 73 
61399	0	8	91 53 73 
61409	10	18	99 24 78 
61416	7	10	92 1c 73 
61420	4	11	83 3e 0 
61423	3	10	82 28 0 
61429	6	15	87 55 0 
61434	5	15	97 53 6e 
61435	1	9	81 43 0 
61435	0	8	81 4f 0 
61440	5	11	83 3b 0 
61449	9	18	89 24 0 
61500	51	11	83 28 0 
61512	12	11	83 43 0 
61530	18	11	83 40 0 
61536	6	15	97 55 6e 
61569	33	15	87 53 0 
61572	3	13	95 3d 78 
61591	19	9	81 47 0 
61591	0	8	81 53 0 
61596	5	10	82 1c 0 
61596	0	13	95 40 7b 
61599	3	9	91 4a 73 
61599	0	8	91 56 73 
61608	9	10	92 21 7b 
61612	4	15	87 55 0 
61616	4	18	99 24 78 
61620	4	13	95 45 79 
61620	0	11	93 40 6e 
61620	0	11	93 3d 69 
61620	0	11	93 39 6b 
61632	12	11	93 2d 6c 
61635	3	15	97 56 6e 
61660	25	18	89 24 0 
62079	419	15	87 56 0 
62097	18	13	85 45 0 
62108	11	13	85 3d 0 
62117	9	13	85 40 0 
62145	28	15	97 55 6e 
62185	40	17	99 2a 7f 
62187	2	9	91 49 73 
62187	0	8	91 55 73 
62207	20	9	81 4a 0 
62207	0	8	81 56 0 
62228	21	17	89 2a 0 
62335	107	15	87 55 0 
62348	13	15	97 53 6e 
62524	176	15	97 55 6e 
62552	28	15	87 53 0 
62597	45	10	82 21 0 
62640	43	11	83 39 0 
62651	11	11	83 3d 0 
62658	7	9	81 49 0 
62658	0	8	81 55 0 
62700	42	11	83 40 0 
62711	11	11	83 2d 0 
62716	5	15	87 55 0 
62728	12	15	97 56 6e 
62772	44	11	93 3e 6e 
62772	0	11	93 3b 73 
62772	0	11	93 37 6d 
62772	0	11	93 2b 6d 
62772	0	10	92 2b 7e 
62784	12	12	c4 3c 
62792	8	14	96 47 50 
62792	0	12	94 53 50 
62792	0	9	91 47 7d 
62792	0	8	91 53 7d 
62803	11	18	99 24 78 
62843	40	18	89 24 0 
62881	38	9	91 48 7d 
62881	0	8	91 54 7d 
62884	3	9	81 47 0 
62884	0	8	81 53 0 
62890	6	14	86 47 0 
62890	0	12	84 53 0 
62890	0	14	96 48 50 
62890	0	12	94 54 50 
62959	69	14	96 47 50 
62959	0	12	94 53 50 
62963	4	9	91 47 7d 
62963	0	8	91 53 7d 
62977	14	14	86 48 0 
62977	0	12	84 54 0 
62982	5	9	81 48 0 
62982	0	8	81 54 0 
63059	77	14	96 43 50 
63059	0	12	94 4f 50 
63061	2	9	91 43 7d 
63061	0	8	91 4f 7d 
63087	26	14	86 47 0 
63087	0	12	84 53 0 
63093	6	9	81 47 0 
63093	0	8	81 53 0 
63135	42	14	86 43 0 
63135	0	12	84 4f 0 
63139	4	14	96 40 50 
63139	0	12	94 4c 50 
63147	8	9	91 40 7d 
63147	0	8	91 4c 7d 
63154	7	9	81 43 0 
63154	0	8	81 4f 0 
63266	112	14	86 40 0 
63266	0	12	84 4c 0 
63266	0	9	81 40 0 
63266	0	8	81 4c 0 
63324	58	17	99 2a 7f 
63336	12	14	96 47 50 
63336	0	12	94 53 50 
63336	0	9	91 47 7d 
63336	0	8	91 53 7d 
63365	29	17	89 2a 0 
63424	59	14	86 47 0 
63424	0	12	84 53 0 
63436	12	14	96 48 50 
63436	0	12	94 54 50 
63439	3	9	81 47 0 
63439	0	8	81 53 0 
63439	0	9	91 48 7d 
63439	0	8	91 54 7d 
63472	33	11	83 37 0 
63514	42	14	96 47 50 
63514	0	12	94 53 50 
63516	2	9	91 47 7d 
63516	0	8	91 53 7d 
63529	13	18	99 24 78 
63534	5	14	86 48 0 
63534	0	12	84 54 0 
63537	3	9	81 48 0 
63537	0	8	81 54 0 
63540	3	11	93 37 71 
63540	0	10	92 34 7d 
63543	3	10	82 2b 0 
63554	11	11	83 3b 0 
63572	18	18	89 24 0 
63583	11	11	83 3e 0 
63606	23	14	96 43 50 
63606	0	12	94 4f 50 
63612	6	9	91 43 7d 
63612	0	8	91 4f 7d 
63624	12	14	86 47 0 
63624	0	12	84 53 0 
63632	8	9	81 47 0 
63632	0	8	81 53 0 
63694	62	14	86 43 0 
63694	0	12	84 4f 0 
63702	8	9	81 43 0 
63702	0	8	81 4f 0 
63707	5	14	96 40 50 
63707	0	12	94 4c 50 
63711	4	9	91 40 7d 
63711	0	8	91 4c 7d 
63720	9	11	93 3b 69 
63732	12	10	92 2b 76 
63733	1	18	99 24 78 
63736	3	10	82 34 0 
63777	41	18	89 24 0 
63875	98	11	83 37 0 
63878	3	14	86 40 0 
63878	0	12	84 4c 0 
63884	6	11	83 3b 0 
63891	7	9	81 40 0 
63891	0	8	81 4c 0 
63905	14	14	96 45 50 
63905	0	12	94 51 50 
63906	1	11	83 2b 0 
63916	10	9	91 45 7d 
63916	0	8	91 51 7d 
63936	20	11	93 3b 72 
63936	0	10	92 2d 76 
63944	8	15	87 56 0 
63948	4	11	93 3e 6b 
63948	0	11	93 37 69 
63948	0	11	93 2d 6e 
63957	9	10	82 2b 0 
64300	343	8	81 51 0 
64320	20	9	81 45 0 
64480	160	10	82 2d 0 
64498	18	19	99 2e 6e 
64500	2	11	93 26 6e 
64500	0	10	92 21 7a 
64508	8	11	93 3d 6d 
64512	4	11	83 26 0 
64512	0	15	97 55 6e 
64512	0	11	93 47 64 
64512	0	11	93 43 64 
64512	0	7	91 47 6e 
64512	0	7	91 43 6e 
64512	0	6	90 43 64 
64513	1	11	93 49 64 
64533	20	19	99 2d 70 
64535	2	19	89 2e 0 
64544	9	11	83 43 0 
64564	20	6	80 43 0 
64574	10	19	89 2d 0 
64611	37	7	91 45 73 
64611	0	7	91 39 78 
64618	7	19	99 2b 73 
64632	14	12	c4 3c 
64640	8	14	96 45 6e 
64640	0	12	94 45 50 
64656	16	19	89 2b 0 
64700	44	7	91 47 73 
64700	0	7	91 3b 73 
64701	1	19	99 2b 70 
64723	22	14	96 47 6e 
64723	0	12	94 47 50 
64737	14	19	89 2b 0 
64740	3	15	87 55 0 
64754	14	7	81 45 0 
64754	0	7	81 39 0 
64763	9	7	91 49 78 
64763	0	7	91 3d 78 
64769	6	14	86 45 0 
64769	0	12	84 45 0 
64775	6	14	96 49 6e 
64775	0	12	94 49 50 
64792	17	19	99 29 6e 
64794	2	7	81 3b 0 
64795	1	7	81 47 0 
64799	4	14	86 47 0 
64799	0	12	84 47 0 
64818	19	15	97 53 6e 
64833	15	19	89 29 0 
64848	15	11	83 49 0 
64848	0	11	83 47 0 
64853	5	14	86 49 0 
64853	0	12	84 49 0 
64861	8	7	81 49 0 
64861	0	7	81 3d 0 
64865	4	14	96 4a 6e 
64865	0	12	94 4a 50 
64869	4	7	91 4a 78 
64869	0	7	91 3e 78 
64877	8	19	99 2b 70 
64909	32	7	81 47 0 
64910	1	7	81 43 0 
64914	4	19	89 2b 0 
64956	42	19	99 29 6a 
64962	6	14	96 4c 6e 
64962	0	12	94 4c 50 
64967	5	7	91 4c 7d 
64967	0	7	91 40 7d 
64976	9	10	82 21 0 
64986	10	7	81 4a 0 
64986	0	7	81 3e 0 
64991	5	14	86 4a 0 
64991	0	12	84 4a 0 
64994	3	19	89 29 0 
65010	16	15	87 53 0 
65027	17	19	99 2b 73 
65041	14	7	81 4c 0 
65041	0	7	81 40 0 
65041	0	7	ff 2f 0 
65044	3	15	97 56 6e 
65060	16	19	89 2b 0 
65072	12	13	b5 a 0 
65072	0	14	86 4c 0 
65072	0	12	84 4c 0 
65076	4	6	90 42 64 
65076	0	6	90 3e 64 
65084	8	6	90 45 64 
65088	4	6	80 45 0 
65088	0	6	80 42 0 
65088	0	6	80 3e 0 
65088	0	13	95 45 7c 
65088	0	11	93 42 6e 
65088	0	11	93 3e 6b 
65088	0	11	93 39 6e 
65088	0	11	93 26 6f 
65088	0	6	ff 2f 0 
65090	2	12	94 4e 50 
65091	1	14	96 4e 6e 
65096	5	13	95 42 77 
65100	4	10	92 26 75 
65100	0	9	91 42 73 
65100	0	8	91 4e 73 
65112	12	13	95 3e 77 
65126	14	19	99 31 5a 
65154	28	19	89 31 0 
65400	246	15	87 56 0 
65416	16	15	97 55 6e 
65555	139	15	87 55 0 
65592	37	15	97 56 6e 
65708	116	18	99 24 1 
65740	32	13	85 3e 0 
65745	5	13	85 45 0 
65746	1	13	85 42 0 
65762	16	11	83 39 0 
65813	51	18	89 24 0 
65844	31	11	93 39 72 
65849	5	15	87 56 0 
65851	2	11	83 3e 0 
65862	11	15	97 55 6e 
65888	26	11	83 42 0 
65970	82	15	87 55 0 
65982	12	15	97 56 6e 
66022	40	10	82 26 0 
66024	2	11	93 3e 6f 
66024	0	10	92 1a 71 
66082	58	15	97 55 6e 
66098	16	15	87 56 0 
66130	32	11	83 26 0 
66134	4	11	83 39 0 
66175	41	15	87 55 0 
66188	13	11	83 3e 0 
66192	4	13	95 3e 76 
66196	4	10	82 1a 0 
66197	1	15	97 56 6e 
66204	7	10	92 2a 79 
66205	1	19	99 31 54 
66205	0	14	96 4c 6e 
66205	0	12	94 4c 50 
66210	5	12	84 4e 0 
66211	1	14	86 4e 0 
66216	5	11	93 26 70 
66228	12	13	95 42 7c 
66228	0	11	93 42 6f 
66228	0	11	93 3a 6b 
66235	7	9	91 40 73 
66235	0	8	91 4c 73 
66240	5	18	99 24 78 
66252	12	9	81 42 0 
66252	0	8	81 4e 0 
66252	0	13	95 46 7f 
66316	64	13	85 3e 0 
66322	6	13	85 42 0 
66348	26	19	89 31 0 
66348	0	19	ff 2f 0 
66354	6	18	89 24 0 
66571	217	15	87 56 0 
66576	5	15	97 55 6e 
66738	162	15	87 55 0 
66740	2	11	83 42 0 
66740	0	11	83 3a 0 
66748	8	15	97 56 6e 
66760	12	11	83 3e 0 
66780	20	9	91 46 73 
66780	0	8	91 52 73 
66808	28	17	99 2a 7f 
66809	1	9	81 40 0 
66809	0	8	81 4c 0 
66811	2	14	86 4c 0 
66811	0	12	84 4c 0 
66820	9	14	96 4a 6e 
66820	0	12	94 4a 50 
66828	8	11	93 3e 6c 
66828	0	11	93 3a 72 
66840	12	11	93 42 70 
66851	11	17	89 2a 0 
66856	5	13	85 46 0 
66940	84	15	97 55 6e 
66952	12	15	87 56 0 
67117	165	15	97 53 6e 
67120	3	15	87 55 0 
67200	80	10	92 1a 72 
67202	2	10	82 2a 0 
67207	5	11	83 3a 0 
67252	45	15	97 55 6e 
67289	37	15	87 53 0 
67312	23	11	83 42 0 
67316	4	11	83 26 0 
67317	1	11	83 3e 0 
67364	47	10	82 1a 0 
67368	4	11	93 3e 6f 
67368	0	11	93 3b 69 
67368	0	11	93 28 6f 
67380	12	11	93 43 6a 
67380	0	11	93 40 69 
67380	0	10	92 1c 78 
67384	4	9	91 49 73 
67384	0	8	91 55 73 
67392	8	14	86 4a 0 
67392	0	12	84 4a 0 
67400	8	14	96 49 6e 
67400	0	12	94 49 50 
67406	6	18	99 24 78 
67411	5	9	81 46 0 
67411	0	8	81 52 0 
67416	5	15	87 55 0 
67416	0	15	97 56 6e 
67458	42	18	89 24 0 
67956	498	9	91 47 73 
67956	0	8	91 53 73 
67964	8	14	86 49 0 
67964	0	12	84 49 0 
67964	0	14	96 47 6e 
67964	0	12	94 47 50 
67976	12	9	81 49 0 
67976	0	8	81 55 0 
68008	32	17	99 2a 7f 
68009	1	17	89 2a 0 
68009	0	11	83 3b 0 
68132	123	11	83 3e 0 
68146	14	10	82 1c 0 
68148	2	10	92 28 77 
68150	2	11	83 43 0 
68195	45	11	83 40 0 
68316	121	11	93 3e 6a 
68328	12	10	92 1c 7e 
68344	16	10	82 28 0 
68352	8	18	99 24 78 
68388	36	18	89 24 0 
68427	39	11	83 3b 0 
68447	20	11	83 3e 0 
68448	1	13	b5 a 40 
68452	4	15	87 56 0 
68484	32	13	95 3d 7a 
68488	4	10	82 1c 0 
68499	11	14	86 47 0 
68499	0	12	84 47 0 
68503	4	14	96 45 6e 
68503	0	12	94 45 50 
68505	2	9	91 45 73 
68505	0	8	91 51 73 
68508	3	11	93 40 73 
68508	0	10	92 21 78 
68509	1	11	83 28 0 
68516	7	15	97 55 6e 
68520	4	13	95 40 79 
68520	0	11	93 39 6d 
68529	9	18	99 24 78 
68544	15	13	95 45 77 
68577	33	18	89 24 0 
68652	75	9	81 47 0 
68652	0	8	81 53 0 
68994	342	13	85 45 0 
69016	22	13	85 3d 0 
69019	3	13	85 40 0 
69029	10	11	83 39 0 
69085	56	9	91 39 73 
69085	0	8	91 45 73 
69089	4	9	81 45 0 
69089	0	8	81 51 0 
69104	15	17	99 2a 7f 
69111	7	11	83 3d 0 
69120	9	11	93 39 71 
69123	3	14	86 45 0 
69123	0	12	84 45 0 
69145	22	17	89 2a 0 
69160	15	15	87 55 0 
69168	8	11	83 40 0 
69272	104	15	97 53 6e 
69284	12	9	91 3e 73 
69284	0	8	91 4a 73 
69312	28	11	93 3d 6a 
69320	8	9	81 39 0 
69320	0	8	81 45 0 
69451	131	15	97 55 6e 
69456	5	9	91 42 73 
69456	0	8	91 4e 73 
69480	24	15	87 53 0 
69480	0	11	93 40 6b 
69489	9	9	81 3e 0 
69489	0	8	81 4a 0 
69576	87	11	83 39 0 
69591	15	15	87 55 0 
69603	12	10	82 21 0 
69620	17	11	83 3d 0 
69648	28	13	95 3e 7f 
69660	12	11	83 40 0 
69665	5	15	97 56 6e 
69669	4	9	91 47 73 
69669	0	8	91 53 73 
69672	3	11	83 2d 0 
69683	11	18	99 24 78 
69684	1	13	95 43 78 
69684	0	11	93 3b 73 
69684	0	11	93 28 73 
69684	0	10	92 1c 78 
69692	8	9	81 42 0 
69692	0	8	81 4e 0 
69696	4	11	93 43 6a 
69696	0	11	93 40 6f 
69696	0	11	93 3e 6e 
69708	12	13	95 47 77 
69735	27	18	89 24 0 
69958	223	15	87 56 0 
69979	21	15	97 55 6e 
70073	94	13	85 47 0 
70096	23	13	85 43 0 
70102	6	15	87 55 0 
70130	28	13	85 3e 0 
70150	20	11	83 3b 0 
70160	10	15	97 56 6e 
70176	16	11	83 3e 0 
70178	2	11	83 40 0 
70184	6	11	83 43 0 
70236	52	11	93 3b 6a 
70248	12	11	93 43 71 
70248	0	11	93 40 70 
70248	0	11	93 3e 6d 
70258	10	17	99 2a 7f 
70294	36	17	89 2a 0 
70330	36	15	87 56 0 
70358	28	15	97 55 6e 
70452	94	9	91 43 73 
70452	0	8	91 4f 73 
70459	7	9	81 47 0 
70459	0	8	81 53 0 
70461	2	15	87 55 0 
70464	3	10	92 28 78 
70470	6	10	82 1c 0 
70510	40	15	97 56 6e 
70620	110	9	91 47 73 
70620	0	8	91 53 73 
70626	6	15	87 56 0 
70629	3	18	99 24 78 
70632	3	15	97 55 6e 
70636	4	10	82 28 0 
70644	8	10	92 1c 76 
70652	8	11	83 3b 0 
70656	4	9	81 43 0 
70656	0	8	81 4f 0 
70677	21	18	89 24 0 
70713	36	15	87 55 0 
70724	11	11	83 3e 0 
70752	28	13	b5 a 0 
70767	15	15	97 56 6e 
70770	3	11	83 40 0 
70780	10	11	83 28 0 
70787	7	11	83 43 0 
70800	13	13	95 3d 78 
70812	12	9	91 4a 73 
70812	0	8	91 56 73 
70816	4	10	82 1c 0 
70824	8	18	99 24 78 
70824	0	11	93 3d 70 
70824	0	11	93 39 6b 
70824	0	11	93 2d 6b 
70824	0	10	92 21 75 
70833	9	9	81 47 0 
70833	0	8	81 53 0 
70836	3	13	95 41 78 
70836	0	11	93 40 72 
70870	34	18	89 24 0 
70872	2	13	95 45 7f 
71008	136	15	87 56 0 
71020	12	15	97 55 6e 
71142	122	15	87 55 0 
71172	30	15	97 56 6e 
71278	106	15	97 55 6e 
71282	4	15	87 56 0 
71291	9	11	83 39 0 
71320	29	11	83 3d 0 
71332	12	10	82 21 0 
71336	4	13	85 45 0 
71338	2	13	85 41 0 
71343	5	11	83 40 0 
71348	5	11	83 2d 0 
71351	3	13	85 3d 0 
71372	21	15	87 55 0 
71388	16	11	93 3d 73 
71388	0	11	93 37 6c 
71388	0	11	93 2b 72 
71395	7	15	97 56 6e 
71400	5	11	93 40 6f 
71400	0	10	92 1f 77 
71401	1	17	99 2a 7f 
71403	2	9	91 49 73 
71403	0	8	91 55 73 
71416	13	9	81 4a 0 
71416	0	8	81 56 0 
71445	29	17	89 2a 0 
71547	102	15	87 56 0 
71555	8	15	97 55 6e 
71707	152	15	87 55 0 
71712	5	15	97 53 6e 
71849	137	15	97 55 6e 
71866	17	15	87 53 0 
71889	23	10	82 1f 0 
71890	1	11	83 37 0 
71894	4	11	83 2b 0 
71898	4	11	83 3d 0 
71917	19	11	83 40 0 
71937	20	9	91 4c 73 
71937	0	8	91 58 73 
71950	13	9	81 49 0 
71950	0	8	81 55 0 
71960	10	12	c4 3f 
71964	4	11	93 39 69 
71964	0	10	92 1e 79 
71970	6	15	87 55 0 
71972	2	14	96 4c 6e 
71972	0	12	94 4c 6e 
71976	4	11	93 42 69 
71976	0	11	93 3d 71 
71976	0	11	93 2a 70 
71980	4	18	99 24 78 
71992	12	15	97 51 6e 
72032	40	18	89 24 0 
72515	483	9	91 4a 73 
72515	0	8	91 56 73 
72527	12	9	81 4c 0 
72527	0	8	81 58 0 
72550	23	17	99 2a 7f 
72557	7	14	96 4a 6e 
72557	0	12	94 4a 6e 
72576	19	14	86 4c 0 
72576	0	12	84 4c 0 
72598	22	17	89 2a 0 
72663	65	11	83 39 0 
72756	93	10	92 2a 78 
72768	12	10	82 1e 0 
72768	0	11	93 39 6a 
72770	2	11	83 3d 0 
72797	27	11	83 42 0 
72924	127	11	93 3d 70 
72934	10	10	82 2a 0 
72936	2	10	92 1e 7b 
72937	1	18	99 24 78 
72948	11	11	93 42 71 
72978	30	18	89 24 0 
73055	77	11	83 42 0 
73056	1	13	b5 a 7f 
73063	7	11	83 3d 0 
73083	20	10	82 1e 0 
73084	1	11	83 39 0 
73092	8	14	86 4a 0 
73092	0	12	84 4a 0 
73092	0	11	83 2a 0 
73092	0	13	95 3e 76 
73104	12	13	95 43 7f 
73116	12	11	93 39 6e 
73116	0	11	93 28 6e 
73124	8	14	96 4a 6e 
73124	0	12	94 4a 6e 
73128	4	11	93 40 6e 
73128	0	11	93 3e 6e 
73140	12	13	95 47 7f 
73140	0	10	92 1c 79 
73154	14	18	99 24 78 
73190	36	18	89 24 0 
73520	330	13	85 47 0 
73536	16	13	85 43 0 
73550	14	13	85 3e 0 
73624	74	11	83 3e 0 
73656	32	11	83 28 0 
73676	20	9	91 49 73 
73676	0	8	91 55 73 
73677	1	10	82 1c 0 
73692	15	11	93 3d 69 
73696	4	14	96 49 6e 
73696	0	12	94 49 6e 
73701	5	9	81 4a 0 
73701	0	8	81 56 0 
73704	3	13	95 45 7f 
73704	0	13	95 44 7f 
73704	0	13	95 40 7f 
73704	0	13	95 3d 76 
73704	0	11	93 2d 6e 
73704	0	10	92 21 73 
73721	17	14	86 4a 0 
73721	0	12	84 4a 0 
73724	3	17	99 2a 7f 
73725	1	17	99 2a 7f 
73728	3	17	89 2a 0 
73728	0	13	85 44 0 
73748	20	15	87 51 0 
73758	10	17	89 2a 0 
73891	133	18	99 24 78 
73935	44	18	89 24 0 
73954	19	13	85 45 0 
73956	2	13	85 40 0 
73969	13	13	85 3d 0 
74071	102	18	99 24 78 
74073	2	15	97 51 6e 
74116	43	18	89 24 0 
74156	40	9	81 49 0 
74156	0	8	81 55 0 
74192	36	14	86 49 0 
74192	0	12	84 49 0 
74198	6	11	83 39 0 
74204	6	11	83 3d 0 
74231	27	11	83 2d 0 
74237	6	15	87 51 0 
74243	6	11	83 40 0 
74256	13	18	99 24 78 
74270	14	15	97 56 6e 
74280	10	11	93 26 6d 
74288	8	13	b5 a 0 
74288	0	10	82 21 0 
74292	4	13	95 42 78 
74292	0	13	95 3e 7c 
74292	0	11	93 42 72 
74292	0	11	93 3e 72 
74292	0	11	93 39 73 
74300	8	18	89 24 0 
74304	4	13	95 45 7e 
74304	0	10	92 1a 7a 
74585	281	15	87 56 0 
74623	38	15	97 55 6e 
74754	131	15	87 55 0 
74811	57	15	97 56 6e 
74868	57	17	99 2a 7f 
74912	44	17	89 2a 0 
74963	51	15	87 56 0 
74981	18	11	83 39 0 
74987	6	10	82 1a 0 
74995	8	15	97 55 6e 
75026	31	9	91 42 73 
75026	0	8	91 4e 73 
75028	2	13	85 3e 0 
75036	8	13	85 42 0 
75048	12	13	85 45 0 
75048	0	11	93 39 6e 
75048	0	10	92 26 79 
75064	16	11	83 3e 0 
75084	20	11	83 42 0 
75139	55	15	87 55 0 
75208	69	15	97 56 6e 
75216	8	11	93 3e 6c 
75224	8	10	82 26 0 
75228	4	10	92 28 75 
75248	20	18	99 24 78 
75284	36	18	89 24 0 
75315	31	15	97 55 6e 
75316	1	11	83 39 0 
75320	4	11	83 26 0 
75321	1	15	87 56 0 
75351	30	10	82 28 0 
75359	8	11	83 3e 0 
75360	1	13	b5 a 7f 
75396	36	13	95 3e 78 
75401	5	15	87 55 0 
75408	7	11	93 26 6d 
75420	12	11	93 42 6d 
75420	0	11	93 3e 6a 
75420	0	11	93 3a 6e 
75420	0	10	92 2a 73 
75429	9	9	91 40 73 
75429	0	8	91 4c 73 
75430	1	18	99 24 78 
75432	2	13	95 42 76 
75432	0	10	92 1a 7a 
75447	15	9	81 42 0 
75447	0	8	81 4e 0 
75456	9	15	97 56 6e 
75456	0	13	95 46 78 
75470	14	18	89 24 0 
75804	334	15	87 56 0 
75825	21	15	97 55 6e 
75948	123	15	87 55 0 
75970	22	11	83 3a 0 
75976	6	15	97 56 6e 
75987	11	11	83 3e 0 
75991	4	17	99 2a 7f 
76008	17	11	93 3e 6b 
76008	0	11	93 3a 73 
76029	21	9	91 46 73 
76029	0	8	91 52 73 
76031	2	17	89 2a 0 
76068	37	13	85 3e 0 
76076	8	9	81 40 0 
76076	0	8	81 4c 0 
76083	7	13	85 42 0 
76084	1	13	85 46 0 
76352	268	15	87 56 0 
76370	18	15	97 53 6e 
76374	4	11	83 3a 0 
76391	17	11	83 42 0 
76428	37	10	82 2a 0 
76509	81	11	83 26 0 
76529	20	11	83 3e 0 
76551	22	10	82 1a 0 
76560	9	11	93 43 69 
76560	0	11	93 3e 6b 
76560	0	11	93 3b 6b 
76560	0	11	93 28 6f 
76562	2	9	91 45 73 
76562	0	8	91 51 73 
76572	10	11	93 40 6e 
76577	5	18	99 24 78 
76577	0	15	97 56 6e 
76584	7	10	92 1c 79 
76593	9	9	81 46 0 
76593	0	8	81 52 0 
76595	2	15	87 53 0 
76629	34	18	89 24 0 
77130	501	17	99 2a 7f 
77143	13	9	91 43 73 
77143	0	8	91 4f 73 
77169	26	17	89 2a 0 
77170	1	9	81 45 0 
77170	0	8	81 51 0 
77235	65	11	83 3b 0 
77364	129	10	92 28 77 
77371	7	10	82 1c 0 
77375	4	11	83 40 0 
77376	1	11	93 3b 6d 
77393	17	11	83 3e 0 
77517	124	18	99 24 78 
77532	15	11	93 3e 6a 
77556	24	10	92 1c 79 
77561	5	10	82 28 0 
77566	5	18	89 24 0 
77640	74	11	83 3b 0 
77650	10	11	83 3e 0 
77664	14	13	b5 a 40 
77665	1	11	83 28 0 
77675	10	15	87 56 0 
77676	1	13	95 3d 78 
77692	16	11	83 43 0 
77700	8	13	95 40 7f 
77704	4	15	97 55 6e 
77712	8	9	91 40 73 
77712	0	8	91 4c 73 
77736	24	13	95 45 77 
77736	0	11	93 40 70 
77736	0	11	93 3d 6f 
77736	0	11	93 39 6c 
77736	0	11	93 2d 6b 
77743	7	10	82 1c 0 
77748	5	10	92 21 72 
77749	1	18	99 24 78 
77760	11	9	81 43 0 
77760	0	8	81 4f 0 
77789	29	18	89 24 0 
78157	368	13	85 45 0 
78180	23	13	85 3d 0 
78183	3	13	85 40 0 
78310	127	17	99 2a 7f 
78328	18	9	81 40 0 
78328	0	8	81 4c 0 
78351	23	17	89 2a 0 
78380	29	15	87 55 0 
78388	8	11	83 39 0 
78504	116	15	97 53 6e 
78512	8	9	91 40 73 
78512	0	8	91 4c 73 
78516	4	11	93 39 72 
78522	6	11	83 3d 0 
78594	72	11	83 40 0 
78677	83	15	97 55 6e 
78683	6	9	91 43 73 
78683	0	8	91 4f 73 
78684	1	11	93 3d 69 
78700	16	15	87 53 0 
78720	20	11	93 40 73 
78733	13	9	81 40 0 
78733	0	8	81 4c 0 
78791	58	11	83 39 0 
78801	10	15	87 55 0 
78826	25	10	82 21 0 
78838	12	11	83 40 0 
78840	2	13	95 3e 79 
78848	8	11	83 3d 0 
78868	20	15	97 56 6e 
78872	4	11	83 2d 0 
78878	6	9	91 47 73 
78878	0	8	91 53 73 
78880	2	18	99 24 78 
78888	8	13	95 43 7f 
78888	0	11	93 40 6c 
78888	0	11	93 3e 72 
78888	0	11	93 3b 6f 
78888	0	11	93 28 71 
78900	12	11	93 43 6b 
78912	12	13	95 47 7b 
78912	0	10	92 1c 79 
78915	3	9	81 43 0 
78915	0	8	81 4f 0 
78935	20	18	89 24 0 
79180	245	15	97 55 6e 
79200	20	15	87 56 0 
79359	159	15	87 55 0 
79376	17	15	97 53 6e 
79386	10	13	85 47 0 
79397	11	13	85 3e 0 
79410	13	13	85 43 0 
79460	50	17	99 2a 7f 
79496	36	17	89 2a 0 
79520	24	15	97 55 6e 
79545	25	15	87 53 0 
79629	84	15	87 55 0 
79654	25	9	91 43 73 
79654	0	8	91 4f 73 
79661	7	15	97 56 6e 
79662	1	18	99 24 78 
79668	6	10	92 28 78 
79670	2	9	81 47 0 
79670	0	8	81 53 0 
79678	8	10	82 1c 0 
79702	24	18	89 24 0 
79766	64	15	97 55 6e 
79777	11	15	87 56 0 
79831	54	9	91 47 73 
79831	0	8	91 53 73 
79841	10	18	99 24 78 
79848	7	10	92 1c 73 
79852	4	11	83 3e 0 
79855	3	10	82 28 0 
79861	6	15	87 55 0 
79866	5	15	97 53 6e 
79867	1	9	81 43 0 
79867	0	8	81 4f 0 
79872	5	11	83 3b 0 
79881	9	18	89 24 0 
79932	51	11	83 28 0 
79944	12	11	83 43 0 
79962	18	11	83 40 0 
79968	6	15	97 55 6e 
80001	33	15	87 53 0 
80004	3	13	95 3d 78 
80023	19	9	81 47 0 
80023	0	8	81 53 0 
80028	5	10	82 1c 0 
80028	0	13	95 40 7b 
80031	3	9	91 4a 73 
80031	0	8	91 56 73 
80040	9	10	92 21 7b 
80044	4	15	87 55 0 
80048	4	18	99 24 78 
80052	4	13	95 45 79 
80052	0	11	93 40 6e 
80052	0	11	93 3d 69 
80052	0	11	93 39 6b 
80064	12	11	93 2d 6c 
80067	3	15	97 56 6e 
80092	25	18	89 24 0 
80511	419	15	87 56 0 
80529	18	13	85 45 0 
80540	11	13	85 3d 0 
80549	9	13	85 40 0 
80549	0	13	ff 2f 0 
80577	28	15	97 55 6e 
80617	40	17	99 2a 7f 
80619	2	9	91 49 73 
80619	0	8	91 55 73 
80639	20	9	81 4a 0 
80639	0	8	81 56 0 
80660	21	17	89 2a 0 
80767	107	15	87 55 0 
80780	13	15	97 53 6e 
80956	176	15	97 55 6e 
80984	28	15	87 53 0 
81029	45	10	82 21 0 
81072	43	11	83 39 0 
81083	11	11	83 3d 0 
81090	7	9	81 49 0 
81090	0	8	81 55 0 
81132	42	11	83 40 0 
81143	11	11	83 2d 0 
81148	5	15	87 55 0 
81160	12	15	97 56 6e 
81204	44	11	93 3e 6e 
81204	0	11	93 3b 73 
81204	0	11	93 2b 6d 
81216	12	12	c4 3c 
81216	0	10	92 37 78 
81224	8	14	96 47 50 
81224	0	12	94 53 50 
81224	0	9	91 47 7d 
81224	0	8	91 53 7d 
81235	11	18	99 24 78 
81275	40	18	89 24 0 
81313	38	9	91 48 7d 
81313	0	8	91 54 7d 
81316	3	9	81 47 0 
81316	0	8	81 53 0 
81322	6	14	86 47 0 
81322	0	12	84 53 0 
81322	0	14	96 48 50 
81322	0	12	94 54 50 
81384	62	10	92 34 78 
81391	7	14	96 47 50 
81391	0	12	94 53 50 
81395	4	9	91 47 7d 
81395	0	8	91 53 7d 
81409	14	14	86 48 0 
81409	0	12	84 54 0 
81414	5	9	81 48 0 
81414	0	8	81 54 0 
81433	19	10	82 37 0 
81491	58	14	96 43 50 
81491	0	12	94 4f 50 
81493	2	9	91 43 7d 
81493	0	8	91 4f 7d 
81519	26	14	86 47 0 
81519	0	12	84 53 0 
81525	6	9	81 47 0 
81525	0	8	81 53 0 
81567	42	14	86 43 0 
81567	0	12	84 4f 0 
81568	1	10	82 34 0 
81571	3	14	96 40 50 
81571	0	12	94 4c 50 
81576	5	10	92 30 78 
81579	3	9	91 40 7d 
81579	0	8	91 4c 7d 
81586	7	9	81 43 0 
81586	0	8	81 4f 0 
81698	112	14	86 40 0 
81698	0	12	84 4c 0 
81698	0	9	81 40 0 
81698	0	8	81 4c 0 
81717	19	10	82 30 0 
81756	39	17	99 2a 7f 
81768	12	14	96 47 50 
81768	0	12	94 53 50 
81768	0	9	91 47 7d 
81768	0	8	91 53 7d 
81797	29	17	89 2a 0 
81797	0	17	ff 2f 0 
81856	59	14	86 47 0 
81856	0	12	84 53 0 
81868	12	14	96 48 50 
81868	0	12	94 54 50 
81871	3	9	81 47 0 
81871	0	8	81 53 0 
81871	0	9	91 48 7d 
81871	0	8	91 54 7d 
81904	33	11	83 37 0 
81946	42	14	96 47 50 
81946	0	12	94 53 50 
81948	2	9	91 47 7d 
81948	0	8	91 53 7d 
81961	13	18	99 24 78 
81966	5	14	86 48 0 
81966	0	12	84 54 0 
81969	3	9	81 48 0 
81969	0	8	81 54 0 
81972	3	11	93 37 71 
81984	12	10	92 37 78 
81986	2	11	83 3b 0 
82004	18	18	89 24 0 
82015	11	11	83 3e 0 
82038	23	14	96 43 50 
82038	0	12	94 4f 50 
82044	6	9	91 43 7d 
82044	0	8	91 4f 7d 
82056	12	14	86 47 0 
82056	0	12	84 53 0 
82064	8	9	81 47 0 
82064	0	8	81 53 0 
82126	62	14	86 43 0 
82126	0	12	84 4f 0 
82134	8	9	81 43 0 
82134	0	8	81 4f 0 
82139	5	14	96 40 50 
82139	0	12	94 4c 50 
82140	1	10	92 34 78 
82142	2	10	82 37 0 
82143	1	9	91 40 7d 
82143	0	8	91 4c 7d 
82152	9	11	93 3b 69 
82165	13	18	99 24 78 
82209	44	18	89 24 0 
82209	0	18	ff 2f 0 
82307	98	11	83 37 0 
82310	3	14	86 40 0 
82310	0	12	84 4c 0 
82312	2	15	87 56 0 
82312	0	15	ff 2f 0 
82314	2	10	82 34 0 
82316	2	11	83 3b 0 
82323	7	9	81 40 0 
82323	0	8	81 4c 0 
82332	9	10	92 39 78 
82338	6	11	83 2b 0 
82348	10	9	91 45 64 
82348	0	8	91 51 64 
82352	4	11	b3 0 0 
82352	0	11	b3 20 0 
82352	0	11	b3 0 0 
82352	0	11	b3 20 0 
82352	0	11	b3 0 0 
82352	0	11	c3 1 
82352	0	11	b3 5b 64 
82352	0	11	b3 5d 0 
82353	1	11	c3 1 
82356	3	11	b3 5d 0 
82356	0	11	b3 5b 64 
82368	12	11	93 3b 72 
82380	12	11	93 3e 6b 
82380	0	11	93 37 69 
82380	0	11	93 2d 6e 
82944	564	11	83 3b 0 
82944	0	11	93 37 6e 
82944	0	11	93 2d 6e 
82956	12	11	83 3e 0 
82956	0	11	83 37 0 
82956	0	11	83 2d 0 
82976	20	11	93 3b 6e 
83006	30	11	93 3d 6e 
83089	83	9	81 45 0 
83089	0	8	81 51 0 
83089	0	9	ff 2f 0 
83089	0	8	ff 2f 0 
83112	23	10	82 39 0 
83197	85	14	86 45 0 
83197	0	12	84 51 0 
83197	0	14	ff 2f 0 
83197	0	12	ff 2f 0 
83324	127	11	83 3b 0 
83338	14	11	83 3d 0 
83340	2	11	83 37 0 
83377	37	11	83 2d 0 
83559	182	11	93 3b 6e 
83596	37	11	93 3d 6e 
83600	4	10	92 26 6e 
83636	36	11	93 42 6e 
83640	4	11	b3 40 7f 
83722	82	11	83 3b 0 
83727	5	11	83 3d 0 
83856	129	11	83 42 0 
83896	40	11	93 42 6e 
84095	199	11	83 42 0 
84166	71	11	93 42 6e 
84320	154	11	83 42 0 
84395	75	11	93 42 6e 
84603	208	11	83 42 0 
84657	54	11	93 42 6e 
84861	204	11	83 42 0 
84928	67	11	93 42 6e 
85075	147	11	83 42 0 
85161	86	11	93 42 6e 
85578	417	11	83 42 0 
85784	206	10	82 26 0 
85886	102	11	93 45 6e 
85886	0	10	92 39 64 
86059	173	11	93 44 5a 
86059	0	10	92 38 50 
86062	3	11	83 45 0 
86062	0	10	82 39 0 
86240	178	11	93 43 50 
86240	0	10	92 37 3c 
86263	23	11	83 44 0 
86263	0	10	82 38 0 
86419	156	11	93 42 46 
86419	0	10	92 36 28 
86424	5	11	b3 40 0 
86444	20	11	83 43 0 
86444	0	10	82 37 0 
86550	106	11	83 42 0 
86620	70	11	93 42 3c 
87126	506	10	82 36 0 
87126	0	10	ff 2f 0 
87154	28	11	83 42 0 
87316	162	11	93 42 32 
87509	193	11	83 42 0 
87571	62	11	93 41 28 
87739	168	11	83 41 0 
87809	70	11	93 42 1e 
88013	204	11	83 42 0 
88013	0	11	93 43 14 
88218	205	11	83 43 0 
88230	12	11	93 42 a 
88719	489	11	83 42 0 
88719	0	11	ff 2f 0 
