TPQ: 480
TRACKS: 2
0	0	0	ff 51 3 7 a1 20 
0	0	0	ff 58 4 3 2 18 8 
0	0	0	ff 59 2 0 0 
0	0	1	ff 3 0 
0	0	1	ff 21 1 0 
0	0	1	ff 20 1 1 
0	0	1	ff 20 1 2 
0	0	1	b0 64 0 
0	0	1	b0 65 0 
0	0	1	b1 64 0 
0	0	1	b1 65 0 
0	0	1	b0 7 66 
0	0	1	b1 7 66 
0	0	1	b0 a 40 
0	0	1	b1 a 40 
0	0	1	b0 5d 0 
0	0	1	b1 5d 0 
0	0	1	b0 5b 0 
0	0	1	b1 5b 0 
0	0	1	c0 18 
0	0	1	c1 18 
0	0	1	b1 6 8 
0	0	1	90 2b 5f 
0	0	0	ff 2f 0 
20	20	1	90 2f 5f 
40	20	1	90 32 5f 
480	440	1	80 32 50 
480	0	1	80 2f 50 
480	0	1	80 2b 50 
480	0	1	90 2b 5f 
500	20	1	90 2f 5f 
520	20	1	90 32 5f 
540	20	1	90 37 5f 
560	20	1	90 3b 5f 
580	20	1	90 43 5f 
720	140	1	80 43 50 
720	0	1	80 3b 50 
720	0	1	80 37 50 
720	0	1	80 32 50 
720	0	1	80 2f 50 
720	0	1	80 2b 50 
720	0	1	90 37 5f 
740	20	1	90 3b 5f 
760	20	1	90 43 5f 
960	200	1	80 43 50 
960	0	1	80 3b 50 
960	0	1	80 37 50 
960	0	1	90 2b 5f 
980	20	1	90 2f 5f 
1000	20	1	90 32 5f 
1200	200	1	80 32 50 
1200	0	1	80 2f 50 
1200	0	1	80 2b 50 
1200	0	1	90 37 5f 
1220	20	1	90 3b 5f 
1240	20	1	90 43 5f 
1440	200	1	80 43 50 
1440	0	1	80 3b 50 
1440	0	1	80 37 50 
1440	0	1	90 30 5f 
1460	20	1	90 34 5f 
1920	460	1	80 34 50 
1920	0	1	80 30 50 
1920	0	1	90 30 5f 
1940	20	1	90 34 5f 
1960	20	1	90 37 5f 
1980	20	1	90 3c 5f 
2000	20	1	90 40 5f 
2160	160	1	80 40 50 
2160	0	1	80 3c 50 
2160	0	1	80 37 50 
2160	0	1	80 34 50 
2160	0	1	80 30 50 
2160	0	1	90 37 5f 
2180	20	1	90 3c 5f 
2200	20	1	90 40 5f 
2400	200	1	80 40 50 
2400	0	1	80 3c 50 
2400	0	1	80 37 50 
2400	0	1	90 30 5f 
2420	20	1	90 34 5f 
2640	220	1	80 34 50 
2640	0	1	80 30 50 
2640	0	1	90 37 5f 
2660	20	1	90 3c 5f 
2680	20	1	90 40 5f 
2880	200	1	80 40 50 
2880	0	1	80 3c 50 
2880	0	1	80 37 50 
2880	0	1	90 32 5f 
3360	480	1	80 32 50 
3360	0	1	90 32 5f 
3380	20	1	90 39 5f 
3400	20	1	90 3e 5f 
3420	20	1	90 42 5f 
3600	180	1	80 42 50 
3600	0	1	80 3e 50 
3600	0	1	80 39 50 
3600	0	1	80 32 50 
3600	0	1	90 39 5f 
3620	20	1	90 3e 5f 
3640	20	1	90 42 5f 
3840	200	1	80 42 50 
3840	0	1	80 3e 50 
3840	0	1	80 39 50 
3840	0	1	90 32 5f 
4080	240	1	80 32 50 
4080	0	1	90 39 5f 
4100	20	1	90 3e 5f 
4120	20	1	90 42 5f 
4320	200	1	80 42 50 
4320	0	1	80 3e 50 
4320	0	1	80 39 50 
4320	0	1	90 2b 5f 
4340	20	1	90 2f 5f 
4360	20	1	90 32 5f 
4800	440	1	80 32 50 
4800	0	1	80 2f 50 
4800	0	1	80 2b 50 
4800	0	1	90 2b 5f 
4820	20	1	90 2f 5f 
4840	20	1	90 32 5f 
4860	20	1	90 37 5f 
4880	20	1	90 3b 5f 
4900	20	1	90 43 5f 
5040	140	1	80 43 50 
5040	0	1	80 3b 50 
5040	0	1	80 37 50 
5040	0	1	80 32 50 
5040	0	1	80 2f 50 
5040	0	1	80 2b 50 
5040	0	1	90 37 5f 
5060	20	1	90 3b 5f 
5080	20	1	90 43 5f 
5280	200	1	80 43 50 
5280	0	1	80 3b 50 
5280	0	1	80 37 50 
5280	0	1	90 2b 5f 
5300	20	1	90 2f 5f 
5320	20	1	90 32 5f 
5520	200	1	80 32 50 
5520	0	1	80 2f 50 
5520	0	1	80 2b 50 
5520	0	1	90 37 5f 
5540	20	1	90 3b 5f 
5560	20	1	90 43 5f 
5760	200	1	80 43 50 
5760	0	1	80 3b 50 
5760	0	1	80 37 50 
5760	0	1	90 2b 5f 
5800	40	1	90 2f 5f 
5840	40	1	90 32 5f 
5880	40	1	90 37 5f 
5920	40	1	90 3b 5f 
5960	40	1	90 43 5f 
7680	1720	1	80 43 50 
7680	0	1	80 3b 50 
7680	0	1	80 37 50 
7680	0	1	80 32 50 
7680	0	1	80 2f 50 
7680	0	1	80 2b 50 
7680	0	1	ff 2f 0 
