TPQ: 240
TRACKS: 1
0	0	0	ff 2 2a 43 4f 50 59 52 49 47 48 54 20 28 50 29 20 31 39 38 34 2d 31 39 39 35 20 54 52 59 43 48 4f 20 4d 55 53 49 43 20 49 4e 54 4c 2e 
0	0	0	ff 58 4 4 2 18 8 
0	0	0	ff 51 3 d 14 37 
0	0	0	c0 20 
0	0	0	c1 1 
0	0	0	c2 18 
0	0	0	c3 30 
0	0	0	c4 a 
0	0	0	cf 49 
0	0	0	99 2a 7f 
7	7	0	89 2a 40 
24	17	0	b0 a 4a 
36	12	0	b0 a 4a 
42	6	0	bf 40 0 
48	6	0	b0 a 4a 
48	0	0	b2 a 21 
60	12	0	b0 a 4a 
60	0	0	b1 a 66 
60	0	0	b2 a 21 
60	0	0	b4 a 2d 
60	0	0	bf 40 0 
68	8	0	bf 40 0 
68	0	0	bf 40 0 
72	4	0	b0 a 4a 
72	0	0	b1 a 66 
72	0	0	b2 a 21 
72	0	0	b3 a 40 
72	0	0	b4 a 2d 
72	0	0	bf a 49 
74	2	0	bf 40 0 
84	10	0	b0 a 4a 
84	0	0	b1 a 66 
84	0	0	b2 a 21 
84	0	0	b3 a 3f 
84	0	0	b4 a 2d 
84	0	0	bf a 49 
96	12	0	b0 a 4a 
96	0	0	b1 a 66 
96	0	0	b2 a 21 
96	0	0	b3 a 3f 
96	0	0	b4 a 2d 
96	0	0	bf a 49 
108	12	0	b0 a 4a 
108	0	0	b1 a 66 
108	0	0	b2 a 21 
108	0	0	b3 a 3f 
108	0	0	b4 a 2d 
108	0	0	bf a 49 
117	9	0	bf 40 0 
120	3	0	b0 a 4a 
120	0	0	b1 a 66 
120	0	0	b3 a 3f 
120	0	0	b4 a 2d 
120	0	0	bf a 49 
125	5	0	bf 40 0 
131	6	0	bf 40 0 
132	1	0	b0 a 4a 
132	0	0	b1 a 66 
132	0	0	b3 a 3f 
132	0	0	b4 a 2e 
144	12	0	b1 a 66 
144	0	0	b3 a 3f 
144	0	0	b4 a 2e 
156	12	0	b1 a 66 
156	0	0	b3 a 3f 
156	0	0	bf 40 0 
161	5	0	bf 40 0 
168	7	0	b1 a 66 
168	0	0	b3 a 3f 
180	12	0	b3 a 3f 
192	12	0	b3 a 3f 
240	48	0	99 2a 7f 
249	9	0	89 2a 40 
480	231	0	99 2a 7f 
489	9	0	89 2a 40 
720	231	0	99 2a 7f 
729	9	0	89 2a 40 
960	231	0	90 2b 21 
960	0	0	92 2b 59 
960	0	0	93 4f 4a 
1035	75	0	b2 40 7f 
1080	45	0	92 3b 44 
1155	75	0	82 3b 40 
1200	45	0	99 2a 7f 
1200	0	0	92 3e 48 
1200	0	0	92 43 50 
1209	9	0	89 2a 40 
1292	83	0	82 43 40 
1310	18	0	82 2b 40 
1311	1	0	82 3e 40 
1320	9	0	92 3b 50 
1426	106	0	82 3b 40 
1440	14	0	90 2a 1a 
1440	0	0	92 2a 48 
1440	0	0	93 56 4a 
1443	3	0	80 2b 40 
1455	12	0	83 4f 40 
1457	2	0	b2 40 0 
1560	103	0	92 3b 3e 
1569	9	0	b2 40 7f 
1639	70	0	82 3b 40 
1680	41	0	99 2a 7f 
1680	0	0	92 3e 4c 
1680	0	0	92 45 48 
1689	9	0	89 2a 40 
1739	50	0	82 2a 40 
1780	41	0	82 3e 40 
1788	8	0	82 45 40 
1800	12	0	92 3b 3c 
1871	71	0	82 3b 40 
1894	23	0	b2 40 0 
1898	4	0	80 2a 40 
1920	22	0	90 28 1f 
1920	0	0	92 34 55 
2015	95	0	b2 40 7f 
2039	24	0	82 34 40 
2040	1	0	92 3b 48 
2088	48	0	82 3b 40 
2160	72	0	99 2a 7f 
2160	0	0	92 40 3b 
2160	0	0	92 43 3e 
2160	0	0	93 54 55 
2169	9	0	89 2a 40 
2171	2	0	83 56 40 
2222	51	0	82 43 40 
2234	12	0	82 40 40 
2275	41	0	83 54 40 
2280	5	0	92 3b 32 
2280	0	0	93 53 4e 
2343	63	0	82 3b 40 
2397	54	0	83 53 40 
2400	3	0	90 26 29 
2400	0	0	92 32 48 
2400	0	0	93 4f 4e 
2406	6	0	b2 40 0 
2407	1	0	80 28 40 
2494	87	0	b2 40 7f 
2520	26	0	92 3b 3c 
2566	46	0	82 3b 40 
2635	69	0	83 4f 40 
2640	5	0	99 2a 7f 
2640	0	0	92 3e 40 
2640	0	0	92 43 3c 
2640	0	0	93 4a 36 
2649	9	0	89 2a 40 
2722	73	0	82 43 40 
2731	9	0	82 3e 40 
2760	29	0	92 3b 37 
2765	5	0	82 32 40 
2817	52	0	82 3b 40 
2849	32	0	b2 40 0 
2854	5	0	83 4a 40 
2876	22	0	80 26 40 
2880	4	0	90 24 1b 
2880	0	0	92 30 44 
2880	0	0	93 4c 47 
3000	120	0	92 37 39 
3008	8	0	b2 40 7f 
3083	75	0	82 37 40 
3120	37	0	99 2a 7f 
3120	0	0	92 3c 48 
3120	0	0	92 40 3c 
3129	9	0	89 2a 40 
3198	69	0	82 40 40 
3213	15	0	82 3c 40 
3240	27	0	92 37 3e 
3268	28	0	82 30 40 
3298	30	0	82 37 40 
3360	62	0	90 23 2c 
3360	0	0	92 2f 44 
3363	3	0	b2 40 0 
3374	11	0	80 24 40 
3480	106	0	92 37 44 
3480	0	0	93 4e 51 
3492	12	0	83 4c 40 
3502	10	0	b2 40 7f 
3555	53	0	82 37 40 
3590	35	0	83 4e 40 
3600	10	0	99 2a 7f 
3600	0	0	92 3c 3e 
3600	0	0	92 40 44 
3600	0	0	93 4f 47 
3609	9	0	89 2a 40 
3671	62	0	82 40 40 
3678	7	0	82 3c 40 
3720	42	0	92 37 3e 
3720	0	0	93 51 47 
3721	1	0	83 4f 40 
3770	49	0	82 37 40 
3789	19	0	82 2f 40 
3811	22	0	b2 40 0 
3828	17	0	80 23 40 
3840	12	0	90 21 2a 
3840	0	0	92 2d 4c 
3840	0	0	93 4c 44 
3847	7	0	83 51 40 
3867	20	0	b2 40 7f 
3960	93	0	92 39 3c 
4003	43	0	82 39 40 
4052	49	0	82 2d 40 
4080	28	0	99 2a 7f 
4080	0	0	92 3c 40 
4080	0	0	92 40 3e 
4089	9	0	89 2a 40 
4172	83	0	82 40 40 
4183	11	0	82 3c 40 
4200	17	0	92 39 48 
4244	44	0	82 39 40 
4320	76	0	90 26 28 
4320	0	0	92 32 4c 
4323	3	0	80 21 40 
4329	6	0	b2 40 0 
4425	96	0	b2 40 7f 
4440	15	0	92 36 3c 
4515	75	0	82 36 40 
4560	45	0	99 2a 7f 
4560	0	0	92 39 38 
4569	9	0	89 2a 40 
4606	37	0	82 39 40 
4620	14	0	82 32 40 
4747	127	0	b2 40 0 
4752	5	0	80 26 40 
4780	28	0	83 4c 40 
4800	20	0	ff 1 5 56 45 52 53 45 
4800	0	0	92 2b 59 
4875	75	0	b2 40 7f 
4920	45	0	92 3b 44 
4995	75	0	82 3b 40 
5040	45	0	99 2a 7f 
5040	0	0	92 3e 48 
5040	0	0	92 43 50 
5049	9	0	89 2a 40 
5132	83	0	82 43 40 
5150	18	0	82 2b 40 
5151	1	0	82 3e 40 
5160	9	0	92 3b 50 
5160	0	0	9f 45 59 
5215	55	0	8f 45 40 
5220	5	0	9f 43 59 
5266	46	0	82 3b 40 
5280	14	0	92 2a 48 
5297	17	0	b2 40 0 
5390	93	0	8f 43 40 
5400	10	0	92 3b 3e 
5400	0	0	9f 45 50 
5409	9	0	b2 40 7f 
5479	70	0	82 3b 40 
5507	28	0	8f 45 40 
5520	13	0	99 2a 7f 
5520	0	0	92 3e 4c 
5520	0	0	92 45 48 
5520	0	0	9f 43 55 
5529	9	0	89 2a 40 
5579	50	0	82 2a 40 
5620	41	0	82 3e 40 
5622	2	0	8f 43 40 
5628	6	0	82 45 40 
5640	12	0	92 3b 3c 
5640	0	0	9f 4a 59 
5711	71	0	82 3b 40 
5734	23	0	b2 40 0 
5751	17	0	8f 4a 40 
5760	9	0	92 34 55 
5760	0	0	9f 47 5d 
5855	95	0	b2 40 7f 
5879	24	0	82 34 40 
5880	1	0	92 3b 48 
5928	48	0	82 3b 40 
6000	72	0	99 2a 7f 
6000	0	0	92 40 3b 
6000	0	0	92 43 3e 
6009	9	0	89 2a 40 
6062	53	0	82 43 40 
6074	12	0	82 40 40 
6120	46	0	92 3b 32 
6183	63	0	82 3b 40 
6240	57	0	92 32 48 
6246	6	0	8f 47 40 
6246	0	0	b2 40 0 
6334	88	0	b2 40 7f 
6360	26	0	92 3b 3c 
6360	0	0	9f 45 59 
6406	46	0	82 3b 40 
6457	51	0	8f 45 40 
6480	23	0	99 2a 7f 
6480	0	0	92 3e 40 
6480	0	0	92 43 3c 
6480	0	0	9f 43 5d 
6489	9	0	89 2a 40 
6562	73	0	82 43 40 
6571	9	0	82 3e 40 
6600	29	0	92 3b 37 
6605	5	0	82 32 40 
6657	52	0	82 3b 40 
6660	3	0	8f 43 40 
6689	29	0	b2 40 0 
6720	31	0	92 30 44 
6720	0	0	9f 45 48 
6828	108	0	8f 45 40 
6840	12	0	92 37 39 
6840	0	0	9f 43 48 
6848	8	0	b2 40 7f 
6870	22	0	8f 43 40 
6900	30	0	9f 43 55 
6915	15	0	bf 40 7f 
6923	8	0	82 37 40 
6960	37	0	99 2a 7f 
6960	0	0	92 3c 48 
6960	0	0	92 40 3c 
6969	9	0	89 2a 40 
6975	6	0	8f 43 40 
6989	14	0	bf 40 0 
7011	22	0	bf 40 7f 
7038	27	0	82 40 40 
7053	15	0	82 3c 40 
7066	13	0	bf 40 0 
7080	14	0	92 37 3e 
7080	0	0	9f 42 59 
7108	28	0	82 30 40 
7138	30	0	82 37 40 
7188	50	0	8f 42 40 
7200	12	0	92 2f 44 
7200	0	0	9f 40 4c 
7203	3	0	b2 40 0 
7285	82	0	8f 40 40 
7295	10	0	bf 40 7f 
7320	25	0	92 37 44 
7320	0	0	9f 42 40 
7340	20	0	bf 40 0 
7342	2	0	b2 40 7f 
7361	19	0	8f 42 40 
7380	19	0	9f 43 50 
7395	15	0	82 37 40 
7440	45	0	99 2a 7f 
7440	0	0	92 3c 3e 
7440	0	0	92 40 44 
7449	9	0	89 2a 40 
7495	46	0	bf 40 7f 
7511	16	0	82 40 40 
7518	7	0	82 3c 40 
7540	22	0	8f 43 40 
7556	16	0	bf 40 0 
7560	4	0	92 37 3e 
7560	0	0	9f 45 59 
7610	50	0	82 37 40 
7629	19	0	82 2f 40 
7651	22	0	b2 40 0 
7680	29	0	92 2d 4c 
7680	0	0	9f 40 55 
7684	4	0	8f 45 40 
7707	23	0	b2 40 7f 
7800	93	0	92 39 3c 
7843	43	0	82 39 40 
7892	49	0	82 2d 40 
7920	28	0	99 2a 7f 
7920	0	0	92 3c 40 
7920	0	0	92 40 3e 
7929	9	0	89 2a 40 
8012	83	0	82 40 40 
8023	11	0	82 3c 40 
8040	17	0	92 39 48 
8084	44	0	82 39 40 
8123	39	0	8f 40 40 
8160	37	0	92 32 4c 
8169	9	0	b2 40 0 
8265	96	0	b2 40 7f 
8280	15	0	92 36 3c 
8280	0	0	9f 45 55 
8355	75	0	82 36 40 
8386	31	0	8f 45 40 
8400	14	0	99 2a 7f 
8400	0	0	92 39 38 
8400	0	0	9f 43 50 
8409	9	0	89 2a 40 
8446	37	0	82 39 40 
8460	14	0	82 32 40 
8519	59	0	8f 43 40 
8520	1	0	9f 40 55 
8587	67	0	b2 40 0 
8606	19	0	8f 40 40 
8640	34	0	92 2b 5d 
8640	0	0	9f 3e 59 
8760	120	0	92 3b 3e 
8777	17	0	b2 40 7f 
8839	62	0	82 3b 40 
8880	41	0	99 2a 7f 
8880	0	0	92 43 40 
8880	0	0	92 3e 44 
8889	9	0	89 2a 40 
8960	71	0	82 43 40 
8981	21	0	82 3e 40 
8987	6	0	82 2b 40 
9000	13	0	92 3b 4c 
9068	68	0	82 3b 40 
9120	52	0	92 2a 55 
9120	0	0	b2 40 0 
9240	120	0	92 3b 4c 
9296	56	0	b2 40 7f 
9343	47	0	82 3b 40 
9360	17	0	99 2a 7f 
9360	0	0	92 3e 55 
9360	0	0	92 43 4c 
9369	9	0	89 2a 40 
9413	44	0	82 2a 40 
9432	19	0	8f 3e 40 
9474	42	0	82 3e 40 
9477	3	0	82 43 40 
9480	3	0	92 3b 4c 
9578	98	0	82 3b 40 
9598	20	0	b2 40 0 
9600	2	0	92 28 59 
9714	114	0	b2 40 7f 
9720	6	0	91 34 3c 
9720	0	0	92 3b 4c 
9802	82	0	82 3b 40 
9840	38	0	99 2a 7f 
9840	0	0	91 3b 4c 
9840	0	0	92 40 59 
9840	0	0	9f 47 71 
9849	9	0	89 2a 40 
9858	9	0	b1 40 7f 
9918	60	0	81 3b 40 
9937	19	0	82 40 40 
9938	1	0	8f 47 40 
9958	20	0	81 34 40 
9960	2	0	91 40 39 
9960	0	0	92 3b 50 
9960	0	0	9f 4c 55 
10001	41	0	81 40 40 
10003	2	0	8f 4c 40 
10012	9	0	82 3b 40 
10020	8	0	9f 4e 55 
10025	5	0	82 28 40 
10044	19	0	b2 40 0 
10080	36	0	91 33 3e 
10080	0	0	91 3f 39 
10080	0	0	92 33 50 
10106	26	0	b1 40 0 
10193	87	0	b2 40 7f 
10200	7	0	92 3b 39 
10266	66	0	82 3b 40 
10320	54	0	99 2a 7f 
10320	0	0	92 3f 44 
10320	0	0	92 42 44 
10329	9	0	89 2a 40 
10354	25	0	82 33 40 
10363	9	0	b1 40 7f 
10399	36	0	81 33 40 
10410	11	0	81 3f 40 
10412	2	0	82 3f 40 
10415	3	0	82 42 40 
10440	25	0	92 39 40 
10503	63	0	82 39 40 
10518	15	0	b2 40 0 
10560	42	0	91 3e 37 
10560	0	0	91 32 38 
10560	0	0	b1 40 0 
10560	0	0	92 32 5d 
10637	77	0	8f 4e 40 
10642	5	0	b2 40 7f 
10680	38	0	92 3b 3b 
10680	0	0	9f 4f 5d 
10753	73	0	82 3b 40 
10790	37	0	8f 4f 40 
10800	10	0	99 2a 7f 
10800	0	0	92 3e 40 
10800	0	0	92 43 40 
10800	0	0	9f 4e 48 
10809	9	0	89 2a 40 
10831	22	0	b1 40 7f 
10914	83	0	82 3e 40 
10917	3	0	82 43 40 
10919	2	0	81 3e 40 
10920	1	0	81 32 40 
10920	0	0	92 3b 3e 
10920	0	0	9f 4c 48 
10921	1	0	8f 4e 40 
10953	32	0	82 32 40 
10961	8	0	82 3b 40 
10973	12	0	8f 4c 40 
10980	7	0	9f 47 48 
11040	60	0	91 31 38 
11040	0	0	91 3d 2d 
11040	0	0	92 31 4c 
11049	9	0	b2 40 0 
11053	4	0	b1 40 0 
11158	105	0	b2 40 7f 
11160	2	0	92 37 40 
11221	61	0	82 37 40 
11273	52	0	b1 40 7f 
11280	7	0	99 2a 7f 
11280	0	0	92 3d 38 
11280	0	0	92 40 3e 
11287	7	0	81 31 40 
11289	2	0	89 2a 40 
11292	3	0	81 3d 40 
11348	56	0	82 3d 40 
11355	7	0	82 40 40 
11387	32	0	82 31 40 
11400	13	0	92 37 3e 
11405	5	0	8f 47 40 
11433	28	0	82 37 40 
11490	57	0	b2 40 0 
11518	28	0	b1 40 0 
11520	2	0	91 24 32 
11520	0	0	92 30 48 
11607	87	0	b1 40 7f 
11629	22	0	b2 40 7f 
11640	11	0	91 3c 35 
11640	0	0	92 37 3c 
11657	17	0	81 24 40 
11687	30	0	82 37 40 
11745	58	0	81 3c 40 
11753	8	0	82 30 40 
11760	7	0	99 2a 7f 
11760	0	0	91 40 13 
11760	0	0	91 43 3e 
11760	0	0	92 3b 40 
11760	0	0	92 40 27 
11760	0	0	9f 47 62 
11769	9	0	89 2a 40 
11818	49	0	bf 40 7f 
11845	27	0	81 40 40 
11847	2	0	82 3b 40 
11849	2	0	82 40 40 
11856	7	0	8f 47 40 
11859	3	0	81 43 40 
11880	21	0	91 3c 22 
11880	0	0	92 37 37 
11880	0	0	9f 48 4c 
11883	3	0	bf 40 0 
11908	25	0	8f 48 40 
11937	29	0	81 3c 40 
11940	3	0	9f 47 55 
11950	10	0	82 37 40 
12000	50	0	92 30 48 
12105	105	0	8f 47 40 
12120	15	0	92 37 3c 
12120	0	0	9f 45 55 
12186	66	0	82 37 40 
12240	54	0	99 2a 7f 
12240	0	0	91 40 22 
12240	0	0	91 43 27 
12240	0	0	92 3c 4c 
12240	0	0	92 40 4c 
12240	0	0	9f 43 59 
12249	9	0	89 2a 40 
12249	0	0	8f 45 40 
12308	59	0	82 30 40 
12340	32	0	82 3c 40 
12343	3	0	82 40 40 
12349	6	0	8f 43 40 
12350	1	0	81 40 40 
12360	10	0	81 43 40 
12360	0	0	91 3c 2c 
12360	0	0	92 37 1e 
12360	0	0	9f 45 50 
12382	22	0	82 37 40 
12407	25	0	81 3c 40 
12477	70	0	8f 45 40 
12477	0	0	b1 40 0 
12480	3	0	92 2f 50 
12480	0	0	9f 47 55 
12489	9	0	b2 40 0 
12586	97	0	b1 40 7f 
12586	0	0	b2 40 7f 
12598	12	0	8f 47 40 
12600	2	0	91 3b 38 
12600	0	0	9f 4a 50 
12709	109	0	81 3b 40 
12715	6	0	8f 4a 40 
12720	5	0	99 2a 7f 
12720	0	0	91 3e 38 
12720	0	0	92 3e 4c 
12720	0	0	92 43 4c 
12720	0	0	9f 47 59 
12729	9	0	89 2a 40 
12732	3	0	82 2f 40 
12813	81	0	82 3e 40 
12833	20	0	82 43 40 
12837	4	0	81 3e 40 
12840	3	0	91 43 39 
12840	0	0	92 39 39 
12890	50	0	81 43 40 
12900	10	0	82 39 40 
12960	60	0	91 42 40 
12960	0	0	92 2f 33 
12967	7	0	b1 40 0 
12971	4	0	b2 40 0 
13042	71	0	b2 40 7f 
13061	19	0	b1 40 7f 
13080	19	0	91 3e 3c 
13080	0	0	92 3b 26 
13083	3	0	81 42 40 
13149	66	0	82 3b 40 
13177	28	0	81 3e 40 
13200	23	0	99 2a 7f 
13200	0	0	91 3b 38 
13200	0	0	92 3e 48 
13200	0	0	92 42 3c 
13209	9	0	89 2a 40 
13289	80	0	82 2f 40 
13292	3	0	81 3b 40 
13294	2	0	82 3e 40 
13320	26	0	82 42 40 
13320	0	0	91 37 33 
13320	0	0	92 3b 3e 
13343	23	0	8f 47 40 
13361	18	0	82 3b 40 
13362	1	0	81 37 40 
13396	34	0	b2 40 0 
13424	28	0	b1 40 0 
13440	16	0	90 39 1c 
13440	0	0	91 39 2e 
13440	0	0	91 40 38 
13440	0	0	91 3c 33 
13440	0	0	91 2d 3b 
13440	0	0	92 2d 55 
13440	0	0	94 4c 4c 
13440	0	0	9f 40 3e 
13504	64	0	bf 40 7f 
13509	5	0	b1 40 7f 
13511	2	0	8f 40 40 
13560	49	0	92 39 38 
13560	0	0	9f 40 4c 
13586	26	0	8f 40 40 
13620	34	0	9f 40 62 
13624	4	0	bf 40 0 
13661	37	0	82 39 40 
13676	15	0	b2 40 7f 
13680	4	0	99 2a 7f 
13680	0	0	92 40 3c 
13680	0	0	92 3c 3e 
13684	4	0	81 39 40 
13689	5	0	89 2a 40 
13691	2	0	81 3c 40 
13696	5	0	81 2d 40 
13702	6	0	81 40 40 
13732	30	0	82 2d 40 
13783	51	0	82 3c 40 
13783	0	0	8f 40 40 
13784	1	0	82 40 40 
13800	16	0	92 39 32 
13800	0	0	9f 45 59 
13800	0	0	bf 40 7f 
13836	36	0	82 39 40 
13844	8	0	84 4c 40 
13894	50	0	bf 40 0 
13899	5	0	8f 45 40 
13911	12	0	80 39 40 
13917	6	0	b2 40 0 
13920	3	0	90 2f 16 
13920	0	0	91 42 35 
13920	0	0	91 3b 2f 
13920	0	0	91 2f 3c 
13920	0	0	91 3e 34 
13920	0	0	b1 40 0 
13920	0	0	92 2f 48 
13920	0	0	94 4e 4c 
13920	0	0	9f 42 50 
14004	84	0	bf 40 7f 
14018	14	0	8f 42 40 
14040	22	0	92 3b 50 
14040	0	0	9f 42 44 
14052	12	0	b2 40 7f 
14070	18	0	8f 42 40 
14091	21	0	bf 40 0 
14100	9	0	9f 42 59 
14104	4	0	82 3b 40 
14156	52	0	b1 40 7f 
14160	4	0	99 2a 7f 
14160	0	0	92 3e 40 
14160	0	0	92 42 3c 
14169	9	0	89 2a 40 
14185	16	0	81 2f 40 
14191	6	0	81 3e 40 
14192	1	0	81 3b 40 
14198	6	0	81 42 40 
14200	2	0	82 2f 40 
14256	56	0	8f 42 40 
14257	1	0	82 3e 40 
14280	23	0	92 3b 3c 
14280	0	0	9f 42 48 
14282	2	0	82 42 40 
14322	40	0	84 4e 40 
14328	6	0	82 3b 40 
14370	42	0	8f 42 40 
14390	20	0	80 2f 40 
14394	4	0	b1 40 0 
14395	1	0	b2 40 0 
14400	5	0	90 30 18 
14400	0	0	91 40 32 
14400	0	0	91 3c 2e 
14400	0	0	91 30 35 
14400	0	0	91 43 32 
14400	0	0	92 30 50 
14400	0	0	94 4c 55 
14400	0	0	9f 40 59 
14485	85	0	8f 40 40 
14520	35	0	92 3c 3e 
14520	0	0	9f 40 59 
14526	6	0	b2 40 7f 
14552	26	0	8f 40 40 
14580	28	0	9f 40 5d 
14583	3	0	82 3c 40 
14640	57	0	99 2a 7f 
14640	0	0	92 43 4c 
14640	0	0	92 40 48 
14644	4	0	bf 40 7f 
14645	1	0	b1 40 7f 
14649	4	0	89 2a 40 
14692	43	0	82 30 40 
14694	2	0	81 40 40 
14700	6	0	81 3c 40 
14706	6	0	81 43 40 
14721	15	0	81 30 40 
14735	14	0	8f 40 40 
14743	8	0	82 40 40 
14748	5	0	bf 40 0 
14758	10	0	84 4c 40 
14760	2	0	92 3c 3c 
14760	0	0	9f 45 59 
14761	1	0	82 43 40 
14800	39	0	82 3c 40 
14862	62	0	8f 45 40 
14873	11	0	80 30 40 
14880	7	0	90 23 21 
14880	0	0	91 42 39 
14880	0	0	91 3b 38 
14880	0	0	91 2f 32 
14880	0	0	91 3e 38 
14880	0	0	92 2f 59 
14880	0	0	94 4e 44 
14880	0	0	9f 42 48 
14884	4	0	b1 40 0 
14886	2	0	b2 40 0 
14967	81	0	84 4e 40 
14985	18	0	b2 40 7f 
15000	15	0	92 42 39 
15000	0	0	94 4f 55 
15045	45	0	82 42 40 
15095	50	0	84 4f 40 
15120	25	0	99 2a 7f 
15120	0	0	92 3b 55 
15120	0	0	94 4e 55 
15129	9	0	89 2a 40 
15140	11	0	8f 42 40 
15159	19	0	82 3b 40 
15167	8	0	82 2f 40 
15221	54	0	84 4e 40 
15240	19	0	81 3b 40 
15240	0	0	92 37 3e 
15240	0	0	94 4a 59 
15242	2	0	81 2f 40 
15245	3	0	81 42 40 
15247	2	0	81 3e 40 
15278	31	0	82 37 40 
15288	10	0	80 23 40 
15310	22	0	84 4a 40 
15324	14	0	b2 40 0 
15360	36	0	90 39 1c 
15360	0	0	91 39 2e 
15360	0	0	91 40 38 
15360	0	0	91 3c 33 
15360	0	0	91 2d 3b 
15360	0	0	92 2d 55 
15360	0	0	94 4c 4c 
15360	0	0	9f 40 3e 
15424	64	0	bf 40 7f 
15429	5	0	b1 40 7f 
15431	2	0	8f 40 40 
15480	49	0	92 39 38 
15480	0	0	9f 40 4c 
15506	26	0	8f 40 40 
15540	34	0	9f 40 62 
15544	4	0	bf 40 0 
15581	37	0	82 39 40 
15596	15	0	b2 40 7f 
15600	4	0	99 2a 7f 
15600	0	0	92 40 3c 
15600	0	0	92 3c 3e 
15604	4	0	81 39 40 
15609	5	0	89 2a 40 
15611	2	0	81 3c 40 
15616	5	0	81 2d 40 
15622	6	0	81 40 40 
15652	30	0	82 2d 40 
15703	51	0	82 3c 40 
15703	0	0	8f 40 40 
15704	1	0	82 40 40 
15720	16	0	92 39 32 
15720	0	0	9f 45 59 
15720	0	0	bf 40 7f 
15756	36	0	82 39 40 
15764	8	0	84 4c 40 
15814	50	0	bf 40 0 
15819	5	0	8f 45 40 
15831	12	0	80 39 40 
15837	6	0	b2 40 0 
15840	3	0	90 2f 16 
15840	0	0	91 42 35 
15840	0	0	91 3b 2f 
15840	0	0	91 2f 3c 
15840	0	0	91 3e 34 
15840	0	0	b1 40 0 
15840	0	0	92 2f 48 
15840	0	0	94 4e 4c 
15840	0	0	9f 42 50 
15924	84	0	bf 40 7f 
15938	14	0	8f 42 40 
15960	22	0	92 3b 50 
15960	0	0	9f 42 44 
15972	12	0	b2 40 7f 
15990	18	0	8f 42 40 
16011	21	0	bf 40 0 
16020	9	0	9f 42 59 
16024	4	0	82 3b 40 
16076	52	0	b1 40 7f 
16080	4	0	99 2a 7f 
16080	0	0	92 3e 40 
16080	0	0	92 42 3c 
16089	9	0	89 2a 40 
16105	16	0	81 2f 40 
16111	6	0	81 3e 40 
16112	1	0	81 3b 40 
16118	6	0	81 42 40 
16120	2	0	82 2f 40 
16176	56	0	8f 42 40 
16177	1	0	82 3e 40 
16200	23	0	92 3b 3c 
16200	0	0	9f 42 48 
16202	2	0	82 42 40 
16242	40	0	84 4e 40 
16248	6	0	82 3b 40 
16290	42	0	8f 42 40 
16310	20	0	80 2f 40 
16314	4	0	b1 40 0 
16315	1	0	b2 40 0 
16320	5	0	90 24 31 
16320	0	0	91 30 38 
16320	0	0	92 30 4c 
16320	0	0	94 4f 20 
16320	0	0	94 54 2d 
16320	0	0	9f 40 4c 
16324	4	0	b2 40 7f 
16340	16	0	b1 40 7f 
16412	72	0	8f 40 40 
16440	28	0	91 37 37 
16440	0	0	92 37 3e 
16440	0	0	9f 40 50 
16444	4	0	81 30 40 
16454	10	0	82 30 40 
16467	13	0	8f 40 40 
16486	19	0	81 37 40 
16500	14	0	9f 40 59 
16501	1	0	82 37 40 
16560	59	0	99 2a 7f 
16560	0	0	91 3b 39 
16560	0	0	91 40 35 
16560	0	0	92 3c 48 
16560	0	0	92 40 59 
16569	9	0	89 2a 40 
16627	58	0	81 40 40 
16640	13	0	81 3b 40 
16662	22	0	8f 40 40 
16666	4	0	82 3c 40 
16676	10	0	82 40 40 
16680	4	0	92 37 40 
16680	0	0	9f 45 55 
16726	46	0	82 37 40 
16749	23	0	b1 40 0 
16774	25	0	84 54 40 
16779	5	0	b2 40 0 
16783	4	0	8f 45 40 
16786	3	0	84 4f 40 
16792	6	0	80 24 40 
16800	8	0	90 25 1f 
16800	0	0	91 31 33 
16800	0	0	91 37 32 
16800	0	0	91 3d 48 
16800	0	0	91 40 31 
16800	0	0	92 31 40 
16800	0	0	94 55 3c 
16800	0	0	9f 42 59 
16919	119	0	b2 40 7f 
16920	1	0	92 37 33 
17003	83	0	82 37 40 
17039	36	0	8f 42 40 
17040	1	0	99 2a 7f 
17040	0	0	92 3d 4c 
17040	0	0	92 40 50 
17040	0	0	9f 40 50 
17049	9	0	89 2a 40 
17059	10	0	82 31 40 
17129	70	0	82 3d 40 
17130	1	0	82 40 40 
17160	30	0	92 37 4c 
17162	2	0	80 25 40 
17170	8	0	81 37 40 
17182	12	0	81 3d 40 
17191	9	0	81 31 40 
17204	13	0	81 40 40 
17213	9	0	84 55 40 
17230	17	0	82 37 40 
17235	5	0	b2 40 7f 
17263	28	0	8f 40 40 
17265	2	0	b2 40 0 
17273	8	0	b2 40 0 
17280	7	0	90 26 2a 
17280	0	0	91 3e 3c 
17280	0	0	92 32 55 
17280	0	0	9f 3e 5d 
17400	120	0	91 45 3b 
17400	0	0	92 39 3c 
17403	3	0	b1 40 7f 
17451	48	0	b2 40 7f 
17498	47	0	81 45 40 
17502	4	0	82 39 40 
17520	18	0	99 2a 7f 
17520	0	0	92 3e 3e 
17520	0	0	92 42 44 
17529	9	0	89 2a 40 
17546	17	0	82 32 40 
17613	67	0	82 42 40 
17615	2	0	82 3e 40 
17640	25	0	91 4e 48 
17640	0	0	92 39 26 
17690	50	0	81 4e 40 
17696	6	0	81 3e 40 
17725	29	0	82 39 40 
17760	35	0	91 4f 3e 
17760	0	0	92 3e 4c 
17760	0	0	92 43 59 
17798	38	0	8f 3e 40 
17866	68	0	82 3e 40 
17880	14	0	82 43 40 
17880	0	0	91 3e 40 
17880	0	0	92 39 37 
17911	31	0	b1 40 0 
17968	57	0	82 39 40 
17985	17	0	81 4f 40 
18000	15	0	99 2a 7f 
18000	0	0	91 4e 3b 
18000	0	0	92 42 48 
18009	9	0	89 2a 40 
18114	105	0	82 42 40 
18120	6	0	91 4a 38 
18120	0	0	92 32 3e 
18142	22	0	81 4e 40 
18152	10	0	80 26 40 
18178	26	0	b2 40 0 
18192	14	0	81 4a 40 
18197	5	0	81 3e 40 
18206	9	0	82 32 40 
18240	34	0	92 2b 59 
18240	0	0	93 37 39 
18240	0	0	93 3e 33 
18240	0	0	93 43 3c 
18315	75	0	b2 40 7f 
18360	45	0	92 3b 44 
18435	75	0	82 3b 40 
18480	45	0	99 2a 7f 
18480	0	0	92 3e 48 
18480	0	0	92 43 50 
18489	9	0	89 2a 40 
18568	79	0	83 37 40 
18572	4	0	82 43 40 
18572	0	0	b3 40 7f 
18581	9	0	83 3e 40 
18585	4	0	83 43 40 
18590	5	0	82 2b 40 
18591	1	0	82 3e 40 
18600	9	0	92 3b 50 
18600	0	0	9f 45 59 
18655	55	0	8f 45 40 
18660	5	0	9f 43 59 
18706	46	0	82 3b 40 
18720	14	0	92 2a 48 
18720	0	0	93 45 40 
18720	0	0	93 3e 33 
18720	0	0	93 36 39 
18732	12	0	b3 40 0 
18737	5	0	b2 40 0 
18830	93	0	8f 43 40 
18840	10	0	92 3b 3e 
18840	0	0	9f 45 50 
18849	9	0	b2 40 7f 
18919	70	0	82 3b 40 
18947	28	0	8f 45 40 
18960	13	0	99 2a 7f 
18960	0	0	92 3e 4c 
18960	0	0	92 45 48 
18960	0	0	9f 43 55 
18969	9	0	89 2a 40 
19019	50	0	82 2a 40 
19060	41	0	82 3e 40 
19062	2	0	8f 43 40 
19068	6	0	82 45 40 
19080	12	0	92 3b 3c 
19080	0	0	9f 4a 59 
19136	56	0	83 3e 40 
19142	6	0	83 45 40 
19149	7	0	83 36 40 
19151	2	0	82 3b 40 
19174	23	0	b2 40 0 
19191	17	0	8f 4a 40 
19200	9	0	92 34 55 
19200	0	0	93 34 36 
19200	0	0	93 3e 33 
19200	0	0	93 43 39 
19200	0	0	9f 47 5d 
19295	95	0	b2 40 7f 
19319	24	0	82 34 40 
19320	1	0	92 3b 48 
19368	48	0	82 3b 40 
19440	72	0	99 2a 7f 
19440	0	0	92 40 3b 
19440	0	0	92 43 3e 
19449	9	0	89 2a 40 
19468	19	0	b3 40 7f 
19495	27	0	83 43 40 
19502	7	0	82 43 40 
19514	12	0	82 40 40 
19522	8	0	83 3e 40 
19538	16	0	83 34 40 
19560	22	0	92 3b 32 
19623	63	0	82 3b 40 
19680	57	0	92 32 48 
19680	0	0	93 32 31 
19680	0	0	93 3e 30 
19680	0	0	93 42 31 
19684	4	0	b3 40 0 
19686	2	0	8f 47 40 
19686	0	0	b2 40 0 
19774	88	0	b2 40 7f 
19800	26	0	92 3b 3c 
19800	0	0	9f 45 59 
19846	46	0	82 3b 40 
19897	51	0	8f 45 40 
19920	23	0	99 2a 7f 
19920	0	0	92 3e 40 
19920	0	0	92 43 3c 
19920	0	0	9f 43 5d 
19929	9	0	89 2a 40 
20002	73	0	82 43 40 
20011	9	0	82 3e 40 
20040	29	0	92 3b 37 
20042	2	0	b3 40 7f 
20045	3	0	82 32 40 
20063	18	0	83 32 40 
20075	12	0	83 3e 40 
20083	8	0	83 42 40 
20097	14	0	82 3b 40 
20100	3	0	8f 43 40 
20129	29	0	b2 40 0 
20156	27	0	b3 40 0 
20160	4	0	92 30 44 
20160	0	0	93 30 2f 
20160	0	0	93 3c 30 
20160	0	0	93 40 39 
20160	0	0	9f 45 48 
20268	108	0	8f 45 40 
20280	12	0	92 37 39 
20280	0	0	b3 40 7f 
20280	0	0	9f 43 48 
20288	8	0	b2 40 7f 
20310	22	0	8f 43 40 
20340	30	0	9f 43 55 
20355	15	0	bf 40 7f 
20363	8	0	82 37 40 
20400	37	0	99 2a 7f 
20400	0	0	92 3c 48 
20400	0	0	92 40 3c 
20409	9	0	89 2a 40 
20415	6	0	8f 43 40 
20429	14	0	bf 40 0 
20451	22	0	bf 40 7f 
20478	27	0	82 40 40 
20493	15	0	82 3c 40 
20506	13	0	bf 40 0 
20520	14	0	92 37 3e 
20520	0	0	9f 42 59 
20546	26	0	83 30 40 
20548	2	0	82 30 40 
20570	22	0	83 40 40 
20570	0	0	83 3c 40 
20578	8	0	82 37 40 
20628	50	0	8f 42 40 
20634	6	0	b3 40 0 
20640	6	0	92 2f 44 
20640	0	0	93 3b 44 
20640	0	0	93 2f 39 
20640	0	0	9f 40 4c 
20643	3	0	b2 40 0 
20725	82	0	8f 40 40 
20735	10	0	b3 40 7f 
20735	0	0	bf 40 7f 
20760	25	0	92 37 44 
20760	0	0	93 3e 36 
20760	0	0	9f 42 40 
20780	20	0	bf 40 0 
20782	2	0	b2 40 7f 
20798	16	0	b3 40 0 
20801	3	0	8f 42 40 
20820	19	0	9f 43 50 
20835	15	0	82 37 40 
20880	45	0	99 2a 7f 
20880	0	0	92 3c 3e 
20880	0	0	92 40 44 
20889	9	0	89 2a 40 
20903	14	0	b3 40 7f 
20935	32	0	bf 40 7f 
20951	16	0	82 40 40 
20958	7	0	82 3c 40 
20980	22	0	8f 43 40 
20980	0	0	83 3e 40 
20984	4	0	83 2f 40 
20992	8	0	83 3b 40 
20996	4	0	bf 40 0 
21000	4	0	92 37 3e 
21000	0	0	9f 45 59 
21050	50	0	82 37 40 
21069	19	0	82 2f 40 
21091	22	0	b2 40 0 
21105	14	0	b3 40 0 
21120	15	0	92 2d 4c 
21120	0	0	93 2d 33 
21120	0	0	93 37 31 
21120	0	0	93 40 24 
21120	0	0	93 3c 30 
21120	0	0	9f 40 55 
21124	4	0	8f 45 40 
21147	23	0	b2 40 7f 
21187	40	0	b3 40 7f 
21234	47	0	83 37 40 
21240	6	0	92 39 3c 
21246	6	0	83 3c 40 
21255	9	0	83 40 40 
21283	28	0	82 39 40 
21312	29	0	83 2d 40 
21332	20	0	82 2d 40 
21360	28	0	99 2a 7f 
21360	0	0	92 3c 40 
21360	0	0	92 40 3e 
21360	0	0	93 3c 3c 
21360	0	0	93 40 44 
21360	0	0	93 2d 36 
21369	9	0	89 2a 40 
21452	83	0	82 40 40 
21460	8	0	83 3c 40 
21463	3	0	82 3c 40 
21480	17	0	92 39 48 
21485	5	0	83 2d 40 
21492	7	0	83 40 40 
21524	32	0	82 39 40 
21563	39	0	8f 40 40 
21600	37	0	92 32 4c 
21600	0	0	93 32 47 
21600	0	0	93 43 40 
21600	0	0	93 39 36 
21602	2	0	b3 40 0 
21609	7	0	b2 40 0 
21668	59	0	b3 40 7f 
21691	23	0	83 43 40 
21705	14	0	b2 40 7f 
21720	15	0	92 36 3c 
21720	0	0	93 42 44 
21720	0	0	9f 45 55 
21734	14	0	b3 40 0 
21795	61	0	82 36 40 
21812	17	0	83 39 40 
21826	14	0	8f 45 40 
21838	12	0	83 42 40 
21840	2	0	99 2a 7f 
21840	0	0	92 39 38 
21840	0	0	93 40 3c 
21840	0	0	9f 43 50 
21849	9	0	89 2a 40 
21886	37	0	82 39 40 
21900	14	0	82 32 40 
21946	46	0	83 40 40 
21959	13	0	8f 43 40 
21960	1	0	93 3e 47 
21960	0	0	9f 40 55 
22027	67	0	b2 40 0 
22046	19	0	8f 40 40 
22046	0	0	83 32 40 
22058	12	0	83 3e 40 
22080	22	0	92 2b 5d 
22080	0	0	93 37 33 
22080	0	0	93 2b 40 
22080	0	0	93 3b 39 
22080	0	0	93 3e 40 
22080	0	0	9f 3e 59 
22200	120	0	92 3b 3e 
22217	17	0	b2 40 7f 
22243	26	0	b3 40 7f 
22279	36	0	82 3b 40 
22308	29	0	83 3b 40 
22311	3	0	83 37 40 
22313	2	0	83 3e 40 
22314	1	0	83 2b 40 
22320	6	0	99 2a 7f 
22320	0	0	92 43 40 
22320	0	0	92 3e 44 
22329	9	0	89 2a 40 
22400	71	0	82 43 40 
22421	21	0	82 3e 40 
22427	6	0	82 2b 40 
22440	13	0	92 3b 4c 
22508	68	0	82 3b 40 
22560	52	0	92 2a 55 
22560	0	0	b2 40 0 
22560	0	0	93 2a 3c 
22560	0	0	93 36 2c 
22560	0	0	93 39 40 
22560	0	0	93 3e 3c 
22564	4	0	b3 40 0 
22680	116	0	92 3b 4c 
22711	31	0	b3 40 7f 
22736	25	0	b2 40 7f 
22751	15	0	83 2a 40 
22761	10	0	83 39 40 
22763	2	0	83 36 40 
22774	11	0	83 3e 40 
22783	9	0	82 3b 40 
22800	17	0	99 2a 7f 
22800	0	0	92 3e 55 
22800	0	0	92 43 4c 
22809	9	0	89 2a 40 
22853	44	0	82 2a 40 
22872	19	0	8f 3e 40 
22914	42	0	82 3e 40 
22917	3	0	82 43 40 
22920	3	0	92 3b 4c 
23018	98	0	82 3b 40 
23038	20	0	b2 40 0 
23040	2	0	92 28 59 
23040	0	0	93 3e 33 
23040	0	0	93 37 31 
23040	0	0	93 34 31 
23040	0	0	93 43 40 
23040	0	0	93 3b 2c 
23044	4	0	b3 40 0 
23154	110	0	b2 40 7f 
23160	6	0	91 34 3c 
23160	0	0	92 3b 4c 
23242	82	0	82 3b 40 
23280	38	0	99 2a 7f 
23280	0	0	91 3b 4c 
23280	0	0	92 40 59 
23280	0	0	9f 47 71 
23289	9	0	89 2a 40 
23298	9	0	b1 40 7f 
23358	60	0	81 3b 40 
23377	19	0	82 40 40 
23378	1	0	8f 47 40 
23398	20	0	81 34 40 
23400	2	0	91 40 39 
23400	0	0	92 3b 50 
23400	0	0	9f 4c 55 
23441	41	0	81 40 40 
23443	2	0	8f 4c 40 
23444	1	0	83 3e 40 
23445	1	0	83 3b 40 
23449	4	0	83 37 40 
23452	3	0	82 3b 40 
23460	8	0	9f 4e 55 
23465	5	0	82 28 40 
23475	10	0	83 43 40 
23476	1	0	83 34 40 
23484	8	0	b2 40 0 
23520	36	0	91 33 3e 
23520	0	0	91 3f 39 
23520	0	0	92 33 50 
23520	0	0	93 3b 40 
23520	0	0	93 33 44 
23520	0	0	93 42 44 
23546	26	0	b1 40 0 
23633	87	0	b2 40 7f 
23640	7	0	92 3b 39 
23706	66	0	82 3b 40 
23760	54	0	99 2a 7f 
23760	0	0	92 3f 44 
23760	0	0	92 42 44 
23769	9	0	89 2a 40 
23794	25	0	82 33 40 
23803	9	0	b1 40 7f 
23839	36	0	81 33 40 
23850	11	0	81 3f 40 
23852	2	0	82 3f 40 
23855	3	0	82 42 40 
23880	25	0	92 39 40 
23943	63	0	82 39 40 
23958	15	0	b2 40 0 
23977	19	0	83 33 40 
23977	0	0	83 3b 40 
23984	7	0	83 42 40 
24000	16	0	91 3e 37 
24000	0	0	91 32 38 
24000	0	0	b1 40 0 
24000	0	0	92 32 5d 
24000	0	0	93 37 39 
24000	0	0	93 3b 2f 
24000	0	0	93 40 40 
24077	77	0	8f 4e 40 
24082	5	0	b2 40 7f 
24120	38	0	92 3b 3b 
24120	0	0	9f 4f 5d 
24193	73	0	82 3b 40 
24230	37	0	8f 4f 40 
24240	10	0	99 2a 7f 
24240	0	0	92 3e 40 
24240	0	0	92 43 40 
24240	0	0	9f 4e 48 
24249	9	0	89 2a 40 
24271	22	0	b1 40 7f 
24354	83	0	82 3e 40 
24357	3	0	82 43 40 
24359	2	0	81 3e 40 
24360	1	0	81 32 40 
24360	0	0	92 3b 3e 
24360	0	0	9f 4c 48 
24361	1	0	8f 4e 40 
24393	32	0	82 32 40 
24401	8	0	82 3b 40 
24413	12	0	8f 4c 40 
24420	7	0	9f 47 48 
24434	14	0	83 3b 40 
24467	33	0	83 37 40 
24480	13	0	83 40 40 
24480	0	0	91 31 38 
24480	0	0	91 3d 2d 
24480	0	0	92 31 4c 
24480	0	0	93 37 25 
24480	0	0	93 31 39 
24480	0	0	93 40 30 
24480	0	0	93 3b 2f 
24489	9	0	b2 40 0 
24493	4	0	b1 40 0 
24598	105	0	b2 40 7f 
24600	2	0	92 37 40 
24661	61	0	82 37 40 
24713	52	0	b1 40 7f 
24720	7	0	99 2a 7f 
24720	0	0	92 3d 38 
24720	0	0	92 40 3e 
24727	7	0	81 31 40 
24729	2	0	89 2a 40 
24732	3	0	81 3d 40 
24788	56	0	82 3d 40 
24795	7	0	82 40 40 
24827	32	0	82 31 40 
24840	13	0	92 37 3e 
24845	5	0	8f 47 40 
24873	28	0	82 37 40 
24919	46	0	83 37 40 
24925	6	0	83 3b 40 
24929	4	0	83 40 40 
24930	1	0	b2 40 0 
24932	2	0	83 31 40 
24958	26	0	b1 40 0 
24960	2	0	91 24 32 
24960	0	0	92 30 48 
24960	0	0	93 37 31 
24960	0	0	93 30 39 
24960	0	0	93 3b 39 
24960	0	0	93 40 40 
25047	87	0	b1 40 7f 
25069	22	0	b2 40 7f 
25080	11	0	91 3c 35 
25080	0	0	92 37 3c 
25097	17	0	81 24 40 
25127	30	0	82 37 40 
25185	58	0	81 3c 40 
25193	8	0	82 30 40 
25200	7	0	99 2a 7f 
25200	0	0	91 40 13 
25200	0	0	91 43 3e 
25200	0	0	92 3b 40 
25200	0	0	92 40 27 
25200	0	0	9f 47 62 
25209	9	0	89 2a 40 
25258	49	0	bf 40 7f 
25285	27	0	81 40 40 
25287	2	0	82 3b 40 
25289	2	0	82 40 40 
25296	7	0	8f 47 40 
25299	3	0	81 43 40 
25320	21	0	91 3c 22 
25320	0	0	92 37 37 
25320	0	0	9f 48 4c 
25323	3	0	bf 40 0 
25348	25	0	8f 48 40 
25377	29	0	81 3c 40 
25380	3	0	9f 47 55 
25390	10	0	82 37 40 
25440	50	0	92 30 48 
25545	105	0	8f 47 40 
25560	15	0	92 37 3c 
25560	0	0	9f 45 55 
25626	66	0	82 37 40 
25680	54	0	99 2a 7f 
25680	0	0	91 40 22 
25680	0	0	91 43 27 
25680	0	0	92 3c 4c 
25680	0	0	92 40 4c 
25680	0	0	9f 43 59 
25689	9	0	89 2a 40 
25689	0	0	8f 45 40 
25693	4	0	b3 40 7f 
25748	55	0	82 30 40 
25755	7	0	83 37 40 
25776	21	0	83 30 40 
25778	2	0	83 3b 40 
25779	1	0	83 40 40 
25780	1	0	82 3c 40 
25783	3	0	82 40 40 
25789	6	0	8f 43 40 
25790	1	0	81 40 40 
25800	10	0	81 43 40 
25800	0	0	91 3c 2c 
25800	0	0	92 37 1e 
25800	0	0	9f 45 50 
25822	22	0	82 37 40 
25847	25	0	81 3c 40 
25912	65	0	b3 40 0 
25917	5	0	8f 45 40 
25917	0	0	b1 40 0 
25920	3	0	92 2f 50 
25920	0	0	93 2f 3c 
25920	0	0	93 3b 30 
25920	0	0	93 43 3c 
25920	0	0	9f 47 55 
25929	9	0	b2 40 0 
26026	97	0	b1 40 7f 
26026	0	0	b2 40 7f 
26038	12	0	8f 47 40 
26040	2	0	91 3b 38 
26040	0	0	9f 4a 50 
26149	109	0	81 3b 40 
26155	6	0	8f 4a 40 
26160	5	0	99 2a 7f 
26160	0	0	91 3e 38 
26160	0	0	92 3e 4c 
26160	0	0	92 43 4c 
26160	0	0	9f 47 59 
26169	9	0	89 2a 40 
26172	3	0	82 2f 40 
26253	81	0	82 3e 40 
26273	20	0	82 43 40 
26277	4	0	81 3e 40 
26280	3	0	91 43 39 
26280	0	0	92 39 39 
26330	50	0	81 43 40 
26340	10	0	82 39 40 
26400	60	0	91 42 40 
26400	0	0	92 2f 33 
26407	7	0	b1 40 0 
26411	4	0	b2 40 0 
26482	71	0	b2 40 7f 
26501	19	0	b1 40 7f 
26520	19	0	91 3e 3c 
26520	0	0	92 3b 26 
26523	3	0	81 42 40 
26589	66	0	82 3b 40 
26617	28	0	81 3e 40 
26640	23	0	99 2a 7f 
26640	0	0	91 3b 38 
26640	0	0	92 3e 48 
26640	0	0	92 42 3c 
26649	9	0	89 2a 40 
26729	80	0	82 2f 40 
26732	3	0	81 3b 40 
26734	2	0	82 3e 40 
26760	26	0	82 42 40 
26760	0	0	91 37 33 
26760	0	0	92 3b 3e 
26779	19	0	83 3b 40 
26783	4	0	8f 47 40 
26801	18	0	82 3b 40 
26802	1	0	81 37 40 
26822	20	0	83 43 40 
26824	2	0	83 2f 40 
26836	12	0	b2 40 0 
26864	28	0	b1 40 0 
26880	16	0	90 39 1c 
26880	0	0	91 39 2e 
26880	0	0	91 40 38 
26880	0	0	91 3c 33 
26880	0	0	91 2d 3b 
26880	0	0	92 2d 55 
26880	0	0	93 40 47 
26880	0	0	94 4c 4c 
26880	0	0	9f 40 3e 
26944	64	0	bf 40 7f 
26949	5	0	b1 40 7f 
26951	2	0	8f 40 40 
27000	49	0	92 39 38 
27000	0	0	9f 40 4c 
27026	26	0	8f 40 40 
27060	34	0	9f 40 62 
27064	4	0	bf 40 0 
27101	37	0	82 39 40 
27116	15	0	b2 40 7f 
27120	4	0	99 2a 7f 
27120	0	0	92 40 3c 
27120	0	0	92 3c 3e 
27120	0	0	93 37 39 
27124	4	0	81 39 40 
27129	5	0	89 2a 40 
27131	2	0	81 3c 40 
27136	5	0	81 2d 40 
27142	6	0	81 40 40 
27172	30	0	82 2d 40 
27223	51	0	82 3c 40 
27223	0	0	8f 40 40 
27224	1	0	82 40 40 
27240	16	0	92 39 32 
27240	0	0	9f 45 59 
27240	0	0	bf 40 7f 
27276	36	0	82 39 40 
27284	8	0	84 4c 40 
27334	50	0	bf 40 0 
27339	5	0	8f 45 40 
27347	8	0	83 40 40 
27351	4	0	80 39 40 
27357	6	0	b2 40 0 
27360	3	0	90 2f 16 
27360	0	0	91 42 35 
27360	0	0	91 3b 2f 
27360	0	0	91 2f 3c 
27360	0	0	91 3e 34 
27360	0	0	b1 40 0 
27360	0	0	92 2f 48 
27360	0	0	93 42 44 
27360	0	0	93 39 44 
27360	0	0	94 4e 4c 
27360	0	0	9f 42 50 
27371	11	0	83 37 40 
27444	73	0	bf 40 7f 
27458	14	0	8f 42 40 
27480	22	0	92 3b 50 
27480	0	0	9f 42 44 
27492	12	0	b2 40 7f 
27510	18	0	8f 42 40 
27531	21	0	bf 40 0 
27540	9	0	9f 42 59 
27544	4	0	82 3b 40 
27596	52	0	b1 40 7f 
27600	4	0	99 2a 7f 
27600	0	0	92 3e 40 
27600	0	0	92 42 3c 
27609	9	0	89 2a 40 
27625	16	0	81 2f 40 
27631	6	0	81 3e 40 
27632	1	0	81 3b 40 
27638	6	0	81 42 40 
27640	2	0	82 2f 40 
27696	56	0	8f 42 40 
27697	1	0	82 3e 40 
27720	23	0	92 3b 3c 
27720	0	0	9f 42 48 
27722	2	0	82 42 40 
27762	40	0	84 4e 40 
27768	6	0	82 3b 40 
27810	42	0	8f 42 40 
27830	20	0	80 2f 40 
27832	2	0	83 39 40 
27834	2	0	b1 40 0 
27835	1	0	b2 40 0 
27840	5	0	90 30 18 
27840	0	0	91 40 32 
27840	0	0	91 3c 2e 
27840	0	0	91 30 35 
27840	0	0	91 43 32 
27840	0	0	92 30 50 
27840	0	0	93 3b 47 
27840	0	0	93 43 3c 
27840	0	0	94 4c 55 
27840	0	0	9f 40 59 
27844	4	0	83 42 40 
27925	81	0	8f 40 40 
27960	35	0	92 3c 3e 
27960	0	0	9f 40 59 
27966	6	0	b2 40 7f 
27992	26	0	8f 40 40 
28020	28	0	9f 40 5d 
28023	3	0	82 3c 40 
28080	57	0	99 2a 7f 
28080	0	0	92 43 4c 
28080	0	0	92 40 48 
28084	4	0	bf 40 7f 
28085	1	0	b1 40 7f 
28089	4	0	89 2a 40 
28132	43	0	82 30 40 
28134	2	0	81 40 40 
28140	6	0	81 3c 40 
28146	6	0	81 43 40 
28161	15	0	81 30 40 
28175	14	0	8f 40 40 
28183	8	0	82 40 40 
28188	5	0	bf 40 0 
28198	10	0	84 4c 40 
28200	2	0	92 3c 3c 
28200	0	0	9f 45 59 
28201	1	0	82 43 40 
28240	39	0	82 3c 40 
28302	62	0	8f 45 40 
28313	11	0	80 30 40 
28320	7	0	90 23 21 
28320	0	0	91 42 39 
28320	0	0	91 3b 38 
28320	0	0	91 2f 32 
28320	0	0	91 3e 38 
28320	0	0	92 2f 59 
28320	0	0	93 45 47 
28320	0	0	93 39 47 
28320	0	0	94 4e 44 
28320	0	0	9f 42 48 
28321	1	0	83 3b 40 
28324	3	0	b1 40 0 
28326	2	0	b2 40 0 
28330	4	0	83 43 40 
28407	77	0	84 4e 40 
28425	18	0	b2 40 7f 
28440	15	0	92 42 39 
28440	0	0	94 4f 55 
28485	45	0	82 42 40 
28535	50	0	84 4f 40 
28560	25	0	99 2a 7f 
28560	0	0	92 3b 55 
28560	0	0	94 4e 55 
28569	9	0	89 2a 40 
28580	11	0	8f 42 40 
28599	19	0	82 3b 40 
28607	8	0	82 2f 40 
28661	54	0	84 4e 40 
28680	19	0	81 3b 40 
28680	0	0	92 37 3e 
28680	0	0	94 4a 59 
28682	2	0	81 2f 40 
28685	3	0	81 42 40 
28687	2	0	81 3e 40 
28718	31	0	82 37 40 
28728	10	0	80 23 40 
28750	22	0	84 4a 40 
28764	14	0	b2 40 0 
28800	36	0	83 45 40 
28800	0	0	90 39 1c 
28800	0	0	91 39 2e 
28800	0	0	91 40 38 
28800	0	0	91 3c 33 
28800	0	0	91 2d 3b 
28800	0	0	92 2d 55 
28800	0	0	93 37 4e 
28800	0	0	93 40 4a 
28800	0	0	94 4c 4c 
28800	0	0	9f 40 3e 
28802	2	0	83 39 40 
28864	62	0	bf 40 7f 
28869	5	0	b1 40 7f 
28871	2	0	8f 40 40 
28920	49	0	92 39 38 
28920	0	0	9f 40 4c 
28946	26	0	8f 40 40 
28980	34	0	9f 40 62 
28984	4	0	bf 40 0 
29021	37	0	82 39 40 
29036	15	0	b2 40 7f 
29040	4	0	99 2a 7f 
29040	0	0	92 40 3c 
29040	0	0	92 3c 3e 
29044	4	0	81 39 40 
29049	5	0	89 2a 40 
29051	2	0	81 3c 40 
29056	5	0	81 2d 40 
29062	6	0	81 40 40 
29092	30	0	82 2d 40 
29143	51	0	82 3c 40 
29143	0	0	8f 40 40 
29144	1	0	82 40 40 
29160	16	0	92 39 32 
29160	0	0	9f 45 59 
29160	0	0	bf 40 7f 
29196	36	0	82 39 40 
29204	8	0	84 4c 40 
29254	50	0	83 37 40 
29254	0	0	bf 40 0 
29259	5	0	8f 45 40 
29271	12	0	80 39 40 
29277	6	0	b2 40 0 
29278	1	0	83 40 40 
29280	2	0	90 2f 16 
29280	0	0	91 42 35 
29280	0	0	91 3b 2f 
29280	0	0	91 2f 3c 
29280	0	0	91 3e 34 
29280	0	0	b1 40 0 
29280	0	0	92 2f 48 
29280	0	0	93 42 47 
29280	0	0	93 39 4a 
29280	0	0	94 4e 4c 
29280	0	0	9f 42 50 
29364	84	0	bf 40 7f 
29378	14	0	8f 42 40 
29400	22	0	92 3b 50 
29400	0	0	9f 42 44 
29412	12	0	b2 40 7f 
29430	18	0	8f 42 40 
29451	21	0	bf 40 0 
29460	9	0	9f 42 59 
29464	4	0	82 3b 40 
29516	52	0	b1 40 7f 
29520	4	0	99 2a 7f 
29520	0	0	92 3e 40 
29520	0	0	92 42 3c 
29529	9	0	89 2a 40 
29545	16	0	81 2f 40 
29551	6	0	81 3e 40 
29552	1	0	81 3b 40 
29558	6	0	81 42 40 
29560	2	0	82 2f 40 
29616	56	0	8f 42 40 
29617	1	0	82 3e 40 
29640	23	0	92 3b 3c 
29640	0	0	9f 42 48 
29642	2	0	82 42 40 
29682	40	0	84 4e 40 
29688	6	0	82 3b 40 
29730	42	0	8f 42 40 
29750	20	0	80 2f 40 
29754	4	0	b1 40 0 
29755	1	0	83 39 40 
29755	0	0	b2 40 0 
29760	5	0	90 24 31 
29760	0	0	91 30 38 
29760	0	0	92 30 4c 
29760	0	0	93 3b 51 
29760	0	0	93 43 40 
29760	0	0	94 4f 20 
29760	0	0	94 54 2d 
29760	0	0	9f 40 4c 
29764	4	0	b2 40 7f 
29775	11	0	83 42 40 
29780	5	0	b1 40 7f 
29852	72	0	8f 40 40 
29880	28	0	91 37 37 
29880	0	0	92 37 3e 
29880	0	0	9f 40 50 
29884	4	0	81 30 40 
29894	10	0	82 30 40 
29907	13	0	8f 40 40 
29926	19	0	81 37 40 
29940	14	0	9f 40 59 
29941	1	0	82 37 40 
30000	59	0	99 2a 7f 
30000	0	0	91 3b 39 
30000	0	0	91 40 35 
30000	0	0	92 3c 48 
30000	0	0	92 40 59 
30009	9	0	89 2a 40 
30067	58	0	81 40 40 
30080	13	0	81 3b 40 
30102	22	0	8f 40 40 
30106	4	0	82 3c 40 
30116	10	0	82 40 40 
30120	4	0	92 37 40 
30120	0	0	9f 45 55 
30166	46	0	82 37 40 
30189	23	0	b1 40 0 
30191	2	0	83 3b 40 
30214	23	0	84 54 40 
30219	5	0	b2 40 0 
30223	4	0	8f 45 40 
30226	3	0	84 4f 40 
30232	6	0	80 24 40 
30240	8	0	90 25 1f 
30240	0	0	91 31 33 
30240	0	0	91 37 32 
30240	0	0	91 3d 48 
30240	0	0	91 40 31 
30240	0	0	92 31 40 
30240	0	0	93 40 47 
30240	0	0	94 55 3c 
30240	0	0	9f 42 59 
30262	22	0	83 43 40 
30359	97	0	b2 40 7f 
30360	1	0	92 37 33 
30443	83	0	82 37 40 
30479	36	0	8f 42 40 
30480	1	0	99 2a 7f 
30480	0	0	92 3d 4c 
30480	0	0	92 40 50 
30480	0	0	9f 40 50 
30489	9	0	89 2a 40 
30499	10	0	82 31 40 
30569	70	0	82 3d 40 
30570	1	0	82 40 40 
30600	30	0	92 37 4c 
30602	2	0	80 25 40 
30610	8	0	81 37 40 
30614	4	0	b2 40 7f 
30622	8	0	81 3d 40 
30631	9	0	81 31 40 
30644	13	0	81 40 40 
30650	6	0	b2 40 0 
30653	3	0	84 55 40 
30670	17	0	82 37 40 
30675	5	0	b2 40 7f 
30703	28	0	8f 40 40 
30705	2	0	b2 40 0 
30706	1	0	83 40 40 
30713	7	0	b2 40 0 
30720	7	0	ff 1 1 32 
30720	0	0	90 26 38 
30720	0	0	91 32 38 
30720	0	0	92 32 50 
30720	0	0	93 3e 47 
30720	0	0	9f 3e 5d 
30792	72	0	b1 40 7f 
30808	16	0	b2 40 7f 
30840	32	0	91 37 39 
30840	0	0	92 3b 3c 
30856	16	0	b2 40 0 
30928	72	0	81 37 40 
30934	6	0	b2 40 7f 
30937	3	0	82 3b 40 
30960	23	0	99 2a 7f 
30960	0	0	91 3e 4c 
30960	0	0	92 3e 33 
30960	0	0	92 43 3b 
30969	9	0	89 2a 40 
30981	12	0	81 32 40 
31024	43	0	82 32 40 
31045	21	0	82 43 40 
31054	9	0	82 3e 40 
31071	17	0	81 3e 40 
31080	9	0	91 3b 3e 
31080	0	0	92 3b 3e 
31144	64	0	81 3b 40 
31176	32	0	b2 40 0 
31200	24	0	91 32 2a 
31200	0	0	92 32 4c 
31200	0	0	93 4a 44 
31203	3	0	83 3e 40 
31227	24	0	82 3b 40 
31238	11	0	8f 3e 40 
31269	31	0	b2 40 7f 
31309	40	0	81 32 40 
31320	11	0	91 43 34 
31320	0	0	92 3b 3e 
31320	0	0	93 4f 4e 
31331	11	0	83 4a 40 
31371	40	0	81 43 40 
31376	5	0	82 3b 40 
31427	51	0	82 32 40 
31440	13	0	99 2a 7f 
31440	0	0	91 32 2a 
31440	0	0	92 43 48 
31440	0	0	92 3e 55 
31440	0	0	93 51 47 
31443	3	0	83 4f 40 
31449	6	0	89 2a 40 
31473	24	0	b3 40 7f 
31531	58	0	82 43 40 
31534	3	0	81 32 40 
31544	10	0	b3 40 0 
31545	1	0	82 3e 40 
31548	3	0	83 51 40 
31560	12	0	91 3e 33 
31560	0	0	92 3b 48 
31560	0	0	93 56 4a 
31575	15	0	80 26 40 
31600	25	0	81 3e 40 
31604	4	0	82 3b 40 
31628	24	0	b2 40 0 
31638	10	0	b1 40 0 
31680	42	0	90 27 32 
31680	0	0	90 73 1 
31680	0	0	91 33 3c 
31680	0	0	92 33 5d 
31680	0	0	93 4b 27 
31680	0	0	93 53 4e 
31680	0	0	93 42 30 
31685	5	0	80 73 1 
31691	6	0	83 56 40 
31772	81	0	b2 40 7f 
31800	28	0	92 39 40 
31840	40	0	b1 40 7f 
31873	33	0	82 39 40 
31920	47	0	99 2a 7f 
31920	0	0	91 42 40 
31920	0	0	92 3f 59 
31920	0	0	92 42 59 
31929	9	0	89 2a 40 
31961	32	0	82 33 40 
31976	15	0	81 42 40 
31998	22	0	82 3f 40 
32000	2	0	82 42 40 
32040	40	0	91 3f 44 
32040	0	0	92 39 50 
32040	0	0	9f 47 5d 
32050	10	0	81 33 40 
32065	15	0	8f 47 40 
32086	21	0	81 3f 40 
32100	14	0	9f 47 5d 
32117	17	0	82 39 40 
32160	43	0	91 39 48 
32160	0	0	92 39 59 
32213	53	0	81 39 40 
32230	17	0	82 39 40 
32262	32	0	8f 47 40 
32280	18	0	91 33 4c 
32280	0	0	92 3f 3e 
32280	0	0	9f 48 5d 
32345	65	0	82 3f 40 
32356	11	0	81 33 40 
32378	22	0	8f 48 40 
32400	22	0	99 2a 7f 
32400	0	0	92 42 59 
32400	0	0	92 3f 5d 
32400	0	0	9f 47 62 
32409	9	0	89 2a 40 
32488	79	0	80 27 40 
32492	4	0	82 3f 40 
32500	8	0	82 42 40 
32505	5	0	8f 47 40 
32520	15	0	92 39 3e 
32520	0	0	9f 45 50 
32547	27	0	83 53 40 
32562	15	0	82 39 40 
32575	13	0	8f 45 40 
32580	5	0	9f 43 5d 
32629	49	0	83 4b 40 
32634	5	0	83 42 40 
32634	0	0	b2 40 0 
32636	2	0	b1 40 0 
32640	4	0	90 28 2e 
32640	0	0	91 34 3e 
32640	0	0	92 34 5d 
32640	0	0	93 4f 44 
32640	0	0	93 43 2f 
32640	0	0	93 4c 36 
32727	87	0	b2 40 7f 
32760	33	0	91 37 4c 
32760	0	0	92 3b 38 
32796	36	0	82 34 40 
32802	6	0	b1 40 7f 
32844	42	0	82 3b 40 
32880	36	0	99 2a 7f 
32880	0	0	91 3b 3e 
32880	0	0	92 40 59 
32880	0	0	92 43 50 
32889	9	0	89 2a 40 
32947	58	0	81 3b 40 
32959	12	0	82 43 40 
32964	5	0	82 40 40 
33000	36	0	91 40 48 
33000	0	0	92 3b 4c 
33069	69	0	82 3b 40 
33109	40	0	81 40 40 
33120	11	0	91 43 3e 
33120	0	0	92 34 50 
33240	120	0	92 3b 4c 
33252	12	0	82 34 40 
33291	39	0	8f 43 40 
33301	10	0	81 37 40 
33316	15	0	82 3b 40 
33360	44	0	99 2a 7f 
33360	0	0	91 40 44 
33360	0	0	92 40 55 
33360	0	0	92 43 59 
33360	0	0	9f 43 6b 
33369	9	0	89 2a 40 
33369	0	0	81 43 40 
33410	41	0	8f 43 40 
33420	10	0	9f 45 5d 
33425	5	0	81 34 40 
33434	9	0	81 40 40 
33467	33	0	82 43 40 
33470	3	0	82 40 40 
33480	10	0	92 3b 50 
33507	27	0	b1 40 7f 
33508	1	0	8f 45 40 
33515	7	0	b1 40 0 
33531	16	0	82 3b 40 
33536	5	0	b1 40 0 
33540	4	0	9f 47 62 
33548	8	0	b2 40 0 
33561	13	0	83 43 40 
33564	3	0	83 4c 40 
33581	17	0	80 28 40 
33600	19	0	83 4f 40 
33600	0	0	90 29 31 
33600	0	0	91 35 3e 
33600	0	0	92 35 55 
33600	0	0	93 4a 40 
33685	85	0	8f 47 40 
33708	23	0	b2 40 7f 
33720	12	0	91 3b 3e 
33720	0	0	92 3b 48 
33720	0	0	9f 47 62 
33722	2	0	b1 40 7f 
33731	9	0	81 35 40 
33755	24	0	82 35 40 
33776	21	0	82 3b 40 
33794	18	0	81 3b 40 
33800	6	0	8f 47 40 
33840	40	0	99 2a 7f 
33840	0	0	91 41 39 
33840	0	0	91 3e 40 
33840	0	0	92 3e 50 
33840	0	0	92 41 59 
33840	0	0	9f 47 5d 
33849	9	0	89 2a 40 
33883	34	0	81 3e 40 
33889	6	0	81 41 40 
33910	21	0	82 41 40 
33913	3	0	8f 47 40 
33917	4	0	82 3e 40 
33960	43	0	92 3b 48 
33960	0	0	9f 47 5d 
33988	28	0	8f 47 40 
34020	32	0	9f 4c 62 
34026	6	0	82 3b 40 
34080	54	0	92 35 4c 
34170	90	0	82 35 40 
34186	16	0	8f 4c 40 
34200	14	0	92 3b 4c 
34200	0	0	9f 4a 62 
34272	72	0	82 3b 40 
34306	34	0	8f 4a 40 
34320	14	0	99 2a 7f 
34320	0	0	91 3e 50 
34320	0	0	91 41 48 
34320	0	0	92 41 55 
34320	0	0	92 3e 4c 
34320	0	0	9f 47 55 
34329	9	0	89 2a 40 
34352	23	0	81 3e 40 
34358	6	0	81 41 40 
34412	54	0	82 41 40 
34427	15	0	82 3e 40 
34431	4	0	8f 47 40 
34432	1	0	83 4a 40 
34440	8	0	92 3b 4c 
34440	0	0	9f 45 55 
34450	10	0	b1 40 0 
34452	2	0	80 29 40 
34466	14	0	b1 40 7f 
34485	19	0	82 3b 40 
34504	19	0	8f 45 40 
34508	4	0	b2 40 0 
34531	23	0	b1 40 0 
34557	26	0	b2 40 7f 
34560	3	0	90 24 2c 
34560	0	0	91 30 40 
34560	0	0	92 30 3b 
34560	0	0	93 34 2c 
34560	0	0	93 3c 33 
34560	0	0	93 37 2d 
34560	0	0	9f 43 62 
34595	35	0	b2 40 0 
34674	79	0	b2 40 7f 
34677	3	0	8f 43 40 
34680	3	0	91 37 2e 
34680	0	0	92 37 4c 
34680	0	0	9f 45 4c 
34683	3	0	b1 40 7f 
34766	83	0	82 37 40 
34766	0	0	b3 40 7f 
34771	5	0	8f 45 40 
34793	22	0	83 34 40 
34799	6	0	83 37 40 
34800	1	0	99 2a 7f 
34800	0	0	91 3c 29 
34800	0	0	92 3c 35 
34800	0	0	94 4f 40 
34800	0	0	9f 47 59 
34801	1	0	83 3c 40 
34809	8	0	89 2a 40 
34825	16	0	82 30 40 
34877	52	0	82 3c 40 
34893	16	0	8f 47 40 
34920	27	0	92 40 3b 
34920	0	0	9f 43 5d 
34948	28	0	81 3c 40 
34998	50	0	82 40 40 
35040	42	0	92 30 35 
35040	0	0	93 43 29 
35040	0	0	93 3c 27 
35040	0	0	93 40 2c 
35042	2	0	b3 40 0 
35160	118	0	92 43 4c 
35178	18	0	81 37 40 
35280	102	0	99 2a 7f 
35280	0	0	92 37 3c 
35285	5	0	81 30 40 
35289	4	0	89 2a 40 
35289	0	0	b3 40 7f 
35308	19	0	82 43 40 
35343	35	0	82 37 40 
35355	12	0	8f 43 40 
35360	5	0	82 30 40 
35380	20	0	83 43 40 
35393	13	0	83 3c 40 
35394	1	0	83 40 40 
35400	6	0	92 3c 38 
35400	0	0	9f 43 62 
35448	48	0	8f 43 40 
35458	10	0	82 3c 40 
35484	26	0	80 24 40 
35508	24	0	b2 40 0 
35520	12	0	90 27 1c 
35520	0	0	91 33 38 
35520	0	0	91 3f 37 
35520	0	0	92 30 48 
35520	0	0	93 3c 27 
35520	0	0	93 3f 31 
35520	0	0	9f 43 66 
35523	3	0	b3 40 0 
35525	2	0	b1 40 0 
35612	87	0	b1 40 7f 
35619	7	0	81 33 40 
35629	10	0	b2 40 7f 
35640	11	0	8f 43 40 
35640	0	0	91 3c 2e 
35640	0	0	92 3c 38 
35640	0	0	9f 45 55 
35642	2	0	81 3f 40 
35643	1	0	84 4f 40 
35716	73	0	82 3c 40 
35727	11	0	81 3c 40 
35742	15	0	8f 45 40 
35760	18	0	99 2a 7f 
35760	0	0	91 3a 2e 
35760	0	0	92 3f 59 
35760	0	0	94 5b 44 
35760	0	0	9f 47 59 
35769	9	0	89 2a 40 
35801	32	0	81 3a 40 
35816	15	0	82 3f 40 
35861	45	0	82 30 40 
35866	5	0	8f 47 40 
35880	14	0	92 3c 3b 
35880	0	0	9f 43 59 
35949	69	0	82 3c 40 
36000	51	0	92 30 3c 
36120	120	0	92 43 44 
36134	14	0	82 30 40 
36218	84	0	82 43 40 
36224	6	0	8f 43 40 
36240	16	0	99 2a 7f 
36240	0	0	92 3f 50 
36240	0	0	9f 45 5d 
36249	9	0	89 2a 40 
36324	75	0	8f 45 40 
36330	6	0	80 27 40 
36346	16	0	82 3f 40 
36359	13	0	b1 40 0 
36360	1	0	92 3c 44 
36360	0	0	9f 47 5d 
36394	34	0	84 5b 40 
36415	21	0	82 3c 40 
36437	22	0	b2 40 0 
36445	8	0	83 3c 40 
36456	11	0	83 3f 40 
36470	14	0	8f 47 40 
36480	10	0	ff 1 5 42 52 45 41 4b 
36480	0	0	90 2b 3e 
36480	0	0	91 3b 60 
36480	0	0	91 47 48 
36480	0	0	91 4f 56 
36480	0	0	91 43 56 
36480	0	0	92 2b 59 
36480	0	0	93 3b 5a 
36480	0	0	93 47 44 
36480	0	0	93 4f 51 
36480	0	0	93 43 51 
36480	0	0	9f 4f 59 
36555	75	0	b2 40 7f 
36600	45	0	92 3b 44 
36675	75	0	82 3b 40 
36720	45	0	99 2a 7f 
36720	0	0	92 3e 48 
36720	0	0	92 43 50 
36729	9	0	89 2a 40 
36812	83	0	82 43 40 
36830	18	0	82 2b 40 
36831	1	0	82 3e 40 
36840	9	0	92 3b 50 
36852	12	0	b1 40 7f 
36852	0	0	b3 40 7f 
36879	27	0	83 47 40 
36879	0	0	81 47 40 
36946	67	0	82 3b 40 
36951	5	0	83 3b 40 
36951	0	0	81 3b 40 
36952	1	0	83 43 40 
36952	0	0	83 4f 40 
36952	0	0	81 43 40 
36952	0	0	81 4f 40 
36959	7	0	80 2b 40 
36960	1	0	90 2a 2c 
36960	0	0	91 4a 56 
36960	0	0	91 45 53 
36960	0	0	91 56 56 
36960	0	0	91 39 48 
36960	0	0	91 42 3d 
36960	0	0	92 2a 48 
36960	0	0	93 4a 51 
36960	0	0	93 45 4e 
36960	0	0	93 56 51 
36960	0	0	93 39 44 
36960	0	0	93 42 39 
36964	4	0	b1 40 0 
36964	0	0	b3 40 0 
36977	13	0	b2 40 0 
37080	103	0	92 3b 3e 
37089	9	0	b2 40 7f 
37159	70	0	82 3b 40 
37200	41	0	83 39 40 
37200	0	0	81 39 40 
37200	0	0	99 2a 7f 
37200	0	0	91 3e 5a 
37200	0	0	92 3e 4c 
37200	0	0	92 45 48 
37200	0	0	93 3e 55 
37209	9	0	89 2a 40 
37259	50	0	82 2a 40 
37300	41	0	82 3e 40 
37300	0	0	8f 4f 40 
37308	8	0	82 45 40 
37318	10	0	83 3e 40 
37318	0	0	81 3e 40 
37320	2	0	91 3c 48 
37320	0	0	92 3b 3c 
37320	0	0	93 3c 44 
37389	69	0	83 42 40 
37389	0	0	81 42 40 
37391	2	0	82 3b 40 
37414	23	0	b2 40 0 
37440	26	0	90 28 3c 
37440	0	0	91 3b 4b 
37440	0	0	91 43 4f 
37440	0	0	92 34 55 
37440	0	0	93 3b 47 
37440	0	0	93 43 4a 
37442	2	0	83 45 40 
37442	0	0	81 45 40 
37442	0	0	80 2a 40 
37451	9	0	83 3c 40 
37451	0	0	81 3c 40 
37535	84	0	b2 40 7f 
37558	23	0	83 3b 40 
37558	0	0	81 3b 40 
37559	1	0	82 34 40 
37560	1	0	91 39 53 
37560	0	0	92 3b 48 
37560	0	0	93 39 4e 
37608	48	0	82 3b 40 
37680	72	0	99 2a 7f 
37680	0	0	91 37 4f 
37680	0	0	91 54 53 
37680	0	0	91 48 53 
37680	0	0	92 40 3b 
37680	0	0	92 43 3e 
37680	0	0	93 37 4a 
37680	0	0	93 54 4e 
37680	0	0	93 48 4e 
37683	3	0	83 56 40 
37683	0	0	83 4a 40 
37683	0	0	81 56 40 
37683	0	0	81 4a 40 
37689	6	0	89 2a 40 
37691	2	0	83 39 40 
37691	0	0	81 39 40 
37742	51	0	82 43 40 
37754	12	0	82 40 40 
37800	46	0	91 53 4f 
37800	0	0	91 47 4f 
37800	0	0	92 3b 32 
37800	0	0	93 53 4a 
37800	0	0	93 47 4a 
37803	3	0	83 48 40 
37803	0	0	83 54 40 
37803	0	0	81 48 40 
37803	0	0	81 54 40 
37863	60	0	82 3b 40 
37890	27	0	83 43 40 
37890	0	0	81 43 40 
37904	14	0	80 28 40 
37920	16	0	90 26 4c 
37920	0	0	91 4f 56 
37920	0	0	91 43 56 
37920	0	0	92 32 48 
37920	0	0	93 4f 51 
37920	0	0	93 43 51 
37926	6	0	b2 40 0 
37927	1	0	83 47 40 
37927	0	0	83 53 40 
37927	0	0	81 47 40 
37927	0	0	81 53 40 
38014	87	0	b2 40 7f 
38032	18	0	83 37 40 
38032	0	0	81 37 40 
38040	8	0	91 39 53 
38040	0	0	92 3b 3c 
38040	0	0	93 39 4e 
38086	46	0	82 3b 40 
38154	68	0	83 43 40 
38154	0	0	83 4f 40 
38154	0	0	81 43 40 
38154	0	0	81 4f 40 
38160	6	0	83 39 40 
38160	0	0	81 39 40 
38160	0	0	99 2a 7f 
38160	0	0	91 3b 5a 
38160	0	0	91 4a 5a 
38160	0	0	91 3e 5a 
38160	0	0	92 3e 40 
38160	0	0	92 43 3c 
38160	0	0	93 3b 55 
38160	0	0	93 4a 55 
38160	0	0	93 3e 55 
38169	9	0	89 2a 40 
38242	73	0	82 43 40 
38251	9	0	82 3e 40 
38280	29	0	92 3b 37 
38285	5	0	82 32 40 
38337	52	0	82 3b 40 
38349	12	0	83 3e 40 
38349	0	0	83 4a 40 
38349	0	0	81 3e 40 
38349	0	0	81 4a 40 
38369	20	0	b2 40 0 
38387	18	0	83 3b 40 
38387	0	0	81 3b 40 
38399	12	0	80 26 40 
38400	1	0	90 24 37 
38400	0	0	91 3e 5a 
38400	0	0	91 4c 4f 
38400	0	0	91 40 4f 
38400	0	0	92 30 44 
38400	0	0	93 3e 55 
38400	0	0	93 4c 4a 
38400	0	0	93 40 4a 
38520	120	0	92 37 39 
38528	8	0	b2 40 7f 
38603	75	0	82 37 40 
38621	18	0	83 3e 40 
38621	0	0	81 3e 40 
38640	19	0	99 2a 7f 
38640	0	0	91 40 5a 
38640	0	0	92 3c 48 
38640	0	0	92 40 3c 
38640	0	0	93 40 55 
38649	9	0	89 2a 40 
38718	69	0	82 40 40 
38733	15	0	82 3c 40 
38760	27	0	92 37 3e 
38788	28	0	82 30 40 
38818	30	0	82 37 40 
38880	62	0	90 23 3e 
38880	0	0	91 45 53 
38880	0	0	92 2f 44 
38880	0	0	93 45 4e 
38883	3	0	83 40 40 
38883	0	0	81 40 40 
38883	0	0	b2 40 0 
38885	2	0	80 24 40 
38998	113	0	83 40 40 
38998	0	0	83 4c 40 
38998	0	0	81 40 40 
38998	0	0	81 4c 40 
39000	2	0	91 4e 5a 
39000	0	0	91 42 5a 
39000	0	0	92 37 44 
39000	0	0	93 4e 55 
39000	0	0	93 42 55 
39022	22	0	b2 40 7f 
39075	53	0	82 37 40 
39101	26	0	83 45 40 
39101	0	0	81 45 40 
39120	19	0	99 2a 7f 
39120	0	0	91 47 4b 
39120	0	0	91 4f 53 
39120	0	0	91 43 53 
39120	0	0	92 3c 3e 
39120	0	0	92 40 44 
39120	0	0	93 47 47 
39120	0	0	93 4f 4e 
39120	0	0	93 43 4e 
39128	8	0	83 42 40 
39128	0	0	83 4e 40 
39128	0	0	81 42 40 
39128	0	0	81 4e 40 
39129	1	0	89 2a 40 
39191	62	0	82 40 40 
39198	7	0	82 3c 40 
39232	34	0	83 43 40 
39232	0	0	83 4f 40 
39232	0	0	81 43 40 
39232	0	0	81 4f 40 
39240	8	0	91 45 4b 
39240	0	0	91 51 4b 
39240	0	0	92 37 3e 
39240	0	0	93 45 47 
39240	0	0	93 51 47 
39290	50	0	82 37 40 
39309	19	0	82 2f 40 
39331	22	0	b2 40 0 
39360	29	0	83 47 40 
39360	0	0	81 47 40 
39360	0	0	90 21 3e 
39360	0	0	91 48 4b 
39360	0	0	91 4c 3d 
39360	0	0	91 40 3d 
39360	0	0	92 2d 4c 
39360	0	0	93 48 47 
39360	0	0	93 4c 39 
39360	0	0	93 40 39 
39361	1	0	80 23 40 
39369	8	0	83 51 40 
39369	0	0	83 45 40 
39369	0	0	81 51 40 
39369	0	0	81 45 40 
39387	18	0	b2 40 7f 
39480	93	0	92 39 3c 
39523	43	0	82 39 40 
39572	49	0	82 2d 40 
39600	28	0	99 2a 7f 
39600	0	0	92 3c 40 
39600	0	0	92 40 3e 
39600	0	0	93 2d 51 
39600	0	0	93 45 4a 
39609	9	0	89 2a 40 
39692	83	0	82 40 40 
39703	11	0	82 3c 40 
39720	17	0	92 39 48 
39764	44	0	82 39 40 
39831	67	0	80 21 40 
39836	5	0	83 40 40 
39836	0	0	83 4c 40 
39836	0	0	81 40 40 
39836	0	0	81 4c 40 
39840	4	0	83 2d 40 
39840	0	0	90 26 31 
39840	0	0	92 32 4c 
39840	0	0	93 32 47 
39840	0	0	93 43 47 
39847	7	0	83 45 40 
39849	2	0	b2 40 0 
39861	12	0	83 48 40 
39861	0	0	81 48 40 
39945	84	0	b2 40 7f 
39958	13	0	83 43 40 
39960	2	0	92 36 3c 
39960	0	0	93 42 39 
40035	75	0	82 36 40 
40080	45	0	99 2a 7f 
40080	0	0	92 39 38 
40080	0	0	93 3e 33 
40089	9	0	89 2a 40 
40101	12	0	83 42 40 
40126	25	0	82 39 40 
40140	14	0	82 32 40 
40267	127	0	b2 40 0 
40278	11	0	80 26 40 
40280	2	0	83 3e 40 
40285	5	0	83 32 40 
40320	35	0	92 2b 59 
40320	0	0	93 37 39 
40320	0	0	93 3e 33 
40320	0	0	93 43 3c 
40395	75	0	b2 40 7f 
40440	45	0	92 3b 44 
40515	75	0	82 3b 40 
40560	45	0	99 2a 7f 
40560	0	0	92 3e 48 
40560	0	0	92 43 50 
40569	9	0	89 2a 40 
40648	79	0	83 37 40 
40652	4	0	82 43 40 
40652	0	0	b3 40 7f 
40661	9	0	83 3e 40 
40665	4	0	83 43 40 
40670	5	0	82 2b 40 
40671	1	0	82 3e 40 
40680	9	0	92 3b 50 
40680	0	0	9f 45 59 
40735	55	0	8f 45 40 
40740	5	0	9f 43 59 
40786	46	0	82 3b 40 
40800	14	0	92 2a 48 
40800	0	0	93 45 40 
40800	0	0	93 3e 33 
40800	0	0	93 36 39 
40812	12	0	b3 40 0 
40817	5	0	b2 40 0 
40910	93	0	8f 43 40 
40920	10	0	92 3b 3e 
40920	0	0	9f 45 50 
40929	9	0	b2 40 7f 
40999	70	0	82 3b 40 
41027	28	0	8f 45 40 
41040	13	0	99 2a 7f 
41040	0	0	92 3e 4c 
41040	0	0	92 45 48 
41040	0	0	9f 43 55 
41049	9	0	89 2a 40 
41099	50	0	82 2a 40 
41140	41	0	82 3e 40 
41142	2	0	8f 43 40 
41148	6	0	82 45 40 
41160	12	0	92 3b 3c 
41160	0	0	9f 4a 59 
41216	56	0	83 3e 40 
41222	6	0	83 45 40 
41229	7	0	83 36 40 
41231	2	0	82 3b 40 
41254	23	0	b2 40 0 
41271	17	0	8f 4a 40 
41280	9	0	92 34 55 
41280	0	0	93 34 36 
41280	0	0	93 3e 33 
41280	0	0	93 43 39 
41280	0	0	9f 47 5d 
41375	95	0	b2 40 7f 
41399	24	0	82 34 40 
41400	1	0	92 3b 48 
41448	48	0	82 3b 40 
41520	72	0	99 2a 7f 
41520	0	0	92 40 3b 
41520	0	0	92 43 3e 
41529	9	0	89 2a 40 
41548	19	0	b3 40 7f 
41575	27	0	83 43 40 
41582	7	0	82 43 40 
41594	12	0	82 40 40 
41602	8	0	83 3e 40 
41618	16	0	83 34 40 
41640	22	0	92 3b 32 
41703	63	0	82 3b 40 
41760	57	0	92 32 48 
41760	0	0	93 32 31 
41760	0	0	93 3e 30 
41760	0	0	93 42 31 
41764	4	0	b3 40 0 
41766	2	0	8f 47 40 
41766	0	0	b2 40 0 
41854	88	0	b2 40 7f 
41880	26	0	92 3b 3c 
41880	0	0	9f 45 5d 
41926	46	0	82 3b 40 
42000	74	0	8f 45 40 
42000	0	0	99 2a 7f 
42000	0	0	92 3e 40 
42000	0	0	92 43 3c 
42000	0	0	9f 43 5d 
42009	9	0	89 2a 40 
42082	73	0	82 43 40 
42091	9	0	82 3e 40 
42117	26	0	8f 43 40 
42120	3	0	92 3b 37 
42120	0	0	9f 42 48 
42122	2	0	b3 40 7f 
42125	3	0	82 32 40 
42143	18	0	83 32 40 
42155	12	0	83 3e 40 
42163	8	0	83 42 40 
42177	14	0	82 3b 40 
42205	28	0	8f 42 40 
42209	4	0	b2 40 0 
42236	27	0	b3 40 0 
42240	4	0	92 30 44 
42240	0	0	93 30 2f 
42240	0	0	93 3c 30 
42240	0	0	93 40 39 
42240	0	0	9f 40 48 
42348	108	0	8f 40 40 
42360	12	0	92 37 39 
42360	0	0	b3 40 7f 
42360	0	0	9f 42 48 
42368	8	0	b2 40 7f 
42390	22	0	8f 42 40 
42420	30	0	9f 43 55 
42435	15	0	bf 40 7f 
42443	8	0	82 37 40 
42480	37	0	99 2a 7f 
42480	0	0	92 3c 48 
42480	0	0	92 40 3c 
42489	9	0	89 2a 40 
42495	6	0	8f 43 40 
42509	14	0	bf 40 0 
42531	22	0	bf 40 7f 
42558	27	0	82 40 40 
42573	15	0	82 3c 40 
42586	13	0	bf 40 0 
42600	14	0	92 37 3e 
42600	0	0	9f 42 59 
42626	26	0	83 30 40 
42628	2	0	82 30 40 
42650	22	0	83 40 40 
42650	0	0	83 3c 40 
42658	8	0	82 37 40 
42708	50	0	8f 42 40 
42714	6	0	b3 40 0 
42720	6	0	92 2f 44 
42720	0	0	93 3b 44 
42720	0	0	93 2f 39 
42720	0	0	9f 40 4c 
42723	3	0	b2 40 0 
42805	82	0	8f 40 40 
42815	10	0	b3 40 7f 
42815	0	0	bf 40 7f 
42840	25	0	92 37 44 
42840	0	0	93 3e 36 
42840	0	0	9f 42 40 
42860	20	0	bf 40 0 
42862	2	0	b2 40 7f 
42878	16	0	b3 40 0 
42881	3	0	8f 42 40 
42900	19	0	9f 43 50 
42915	15	0	82 37 40 
42960	45	0	99 2a 7f 
42960	0	0	92 3c 3e 
42960	0	0	92 40 44 
42969	9	0	89 2a 40 
42983	14	0	b3 40 7f 
43015	32	0	bf 40 7f 
43031	16	0	82 40 40 
43038	7	0	82 3c 40 
43060	22	0	8f 43 40 
43060	0	0	83 3e 40 
43064	4	0	83 2f 40 
43072	8	0	83 3b 40 
43076	4	0	bf 40 0 
43080	4	0	92 37 3e 
43080	0	0	9f 45 59 
43130	50	0	82 37 40 
43149	19	0	82 2f 40 
43171	22	0	b2 40 0 
43185	14	0	b3 40 0 
43200	15	0	92 7e 1 
43200	0	0	92 2d 4c 
43200	0	0	93 2d 33 
43200	0	0	93 37 31 
43200	0	0	93 40 24 
43200	0	0	93 3c 30 
43200	0	0	9f 40 55 
43204	4	0	8f 45 40 
43205	1	0	82 7e 1 
43227	22	0	b2 40 7f 
43267	40	0	b3 40 7f 
43314	47	0	83 37 40 
43320	6	0	92 39 3c 
43326	6	0	83 3c 40 
43335	9	0	83 40 40 
43363	28	0	82 39 40 
43392	29	0	83 2d 40 
43412	20	0	82 2d 40 
43440	28	0	99 2a 7f 
43440	0	0	92 3c 40 
43440	0	0	92 40 3e 
43440	0	0	93 3c 3c 
43440	0	0	93 40 44 
43440	0	0	93 2d 36 
43449	9	0	89 2a 40 
43532	83	0	82 40 40 
43540	8	0	83 3c 40 
43543	3	0	82 3c 40 
43560	17	0	92 39 48 
43565	5	0	83 2d 40 
43572	7	0	83 40 40 
43604	32	0	82 39 40 
43643	39	0	8f 40 40 
43680	37	0	92 32 4c 
43680	0	0	93 32 47 
43680	0	0	93 43 40 
43680	0	0	93 39 36 
43682	2	0	b3 40 0 
43689	7	0	b2 40 0 
43748	59	0	b3 40 7f 
43771	23	0	83 43 40 
43785	14	0	b2 40 7f 
43800	15	0	92 36 3c 
43800	0	0	93 42 44 
43800	0	0	9f 45 55 
43814	14	0	b3 40 0 
43875	61	0	82 36 40 
43892	17	0	83 39 40 
43906	14	0	8f 45 40 
43918	12	0	83 42 40 
43920	2	0	99 2a 7f 
43920	0	0	92 39 38 
43920	0	0	93 40 3c 
43920	0	0	9f 42 50 
43929	9	0	89 2a 40 
43966	37	0	82 39 40 
43980	14	0	82 32 40 
44026	46	0	83 40 40 
44039	13	0	8f 42 40 
44040	1	0	93 3e 47 
44040	0	0	9f 40 55 
44107	67	0	b2 40 0 
44126	19	0	8f 40 40 
44126	0	0	83 32 40 
44138	12	0	83 3e 40 
44160	22	0	92 2b 5d 
44160	0	0	93 37 33 
44160	0	0	93 2b 40 
44160	0	0	93 3b 39 
44160	0	0	93 3e 40 
44160	0	0	9f 3e 59 
44280	120	0	92 3b 3e 
44297	17	0	b2 40 7f 
44323	26	0	b3 40 7f 
44359	36	0	82 3b 40 
44388	29	0	83 3b 40 
44391	3	0	83 37 40 
44393	2	0	83 3e 40 
44394	1	0	83 2b 40 
44400	6	0	99 2a 7f 
44400	0	0	92 43 40 
44400	0	0	92 3e 44 
44409	9	0	89 2a 40 
44480	71	0	82 43 40 
44501	21	0	82 3e 40 
44507	6	0	82 2b 40 
44520	13	0	92 3b 4c 
44588	68	0	82 3b 40 
44640	52	0	92 2a 55 
44640	0	0	b2 40 0 
44640	0	0	93 2a 3c 
44640	0	0	93 36 2c 
44640	0	0	93 39 40 
44640	0	0	93 3e 3c 
44644	4	0	b3 40 0 
44760	116	0	92 3b 4c 
44791	31	0	b3 40 7f 
44816	25	0	b2 40 7f 
44831	15	0	83 2a 40 
44841	10	0	83 39 40 
44843	2	0	83 36 40 
44854	11	0	83 3e 40 
44863	9	0	82 3b 40 
44880	17	0	99 2a 7f 
44880	0	0	92 3e 55 
44880	0	0	92 43 4c 
44889	9	0	89 2a 40 
44933	44	0	82 2a 40 
44952	19	0	8f 3e 40 
44994	42	0	82 3e 40 
44997	3	0	82 43 40 
45000	3	0	92 3b 4c 
45098	98	0	82 3b 40 
45118	20	0	b2 40 0 
45120	2	0	92 28 59 
45120	0	0	93 3e 33 
45120	0	0	93 37 31 
45120	0	0	93 34 31 
45120	0	0	93 43 40 
45120	0	0	93 3b 2c 
45124	4	0	b3 40 0 
45234	110	0	b2 40 7f 
45240	6	0	91 34 3c 
45240	0	0	92 3b 4c 
45322	82	0	82 3b 40 
45360	38	0	99 2a 7f 
45360	0	0	91 3b 4c 
45360	0	0	92 40 59 
45360	0	0	93 4c 3c 
45360	0	0	93 4f 36 
45360	0	0	9f 47 71 
45369	9	0	89 2a 40 
45378	9	0	b1 40 7f 
45438	60	0	81 3b 40 
45457	19	0	82 40 40 
45458	1	0	8f 47 40 
45478	20	0	81 34 40 
45480	2	0	91 40 39 
45480	0	0	92 3b 50 
45480	0	0	9f 4c 55 
45521	41	0	81 40 40 
45523	2	0	8f 4c 40 
45524	1	0	83 3e 40 
45525	1	0	83 3b 40 
45529	4	0	83 37 40 
45532	3	0	82 3b 40 
45540	8	0	9f 4e 55 
45545	5	0	82 28 40 
45555	10	0	83 43 40 
45556	1	0	83 34 40 
45564	8	0	b2 40 0 
45589	25	0	83 4f 40 
45591	2	0	83 4c 40 
45600	9	0	91 33 3e 
45600	0	0	91 3f 39 
45600	0	0	92 33 50 
45600	0	0	93 51 3c 
45600	0	0	93 3b 40 
45600	0	0	93 4e 30 
45600	0	0	93 33 44 
45600	0	0	93 42 44 
45626	26	0	b1 40 0 
45713	87	0	b2 40 7f 
45720	7	0	92 3b 39 
45786	66	0	82 3b 40 
45840	54	0	99 2a 7f 
45840	0	0	92 3f 44 
45840	0	0	92 42 44 
45849	9	0	89 2a 40 
45874	25	0	82 33 40 
45883	9	0	b1 40 7f 
45919	36	0	81 33 40 
45930	11	0	81 3f 40 
45932	2	0	82 3f 40 
45935	3	0	82 42 40 
45960	25	0	92 39 40 
46006	46	0	83 51 40 
46023	17	0	82 39 40 
46038	15	0	b2 40 0 
46057	19	0	83 33 40 
46057	0	0	83 3b 40 
46064	7	0	83 42 40 
46073	9	0	83 4e 40 
46080	7	0	91 3e 37 
46080	0	0	91 32 38 
46080	0	0	b1 40 0 
46080	0	0	92 32 5d 
46080	0	0	93 53 40 
46080	0	0	93 37 39 
46080	0	0	93 4f 36 
46080	0	0	93 3b 2f 
46080	0	0	93 40 40 
46157	77	0	8f 4e 40 
46162	5	0	b2 40 7f 
46200	38	0	92 3b 3b 
46200	0	0	9f 4f 5d 
46273	73	0	82 3b 40 
46283	10	0	83 4f 40 
46310	27	0	8f 4f 40 
46320	10	0	99 2a 7f 
46320	0	0	92 3e 40 
46320	0	0	92 43 40 
46320	0	0	9f 4e 48 
46329	9	0	89 2a 40 
46351	22	0	b1 40 7f 
46434	83	0	82 3e 40 
46437	3	0	82 43 40 
46439	2	0	81 3e 40 
46440	1	0	81 32 40 
46440	0	0	92 3b 3e 
46440	0	0	9f 4c 48 
46441	1	0	8f 4e 40 
46473	32	0	82 32 40 
46481	8	0	82 3b 40 
46493	12	0	8f 4c 40 
46500	7	0	9f 47 48 
46514	14	0	83 3b 40 
46547	33	0	83 37 40 
46560	13	0	83 40 40 
46560	0	0	91 31 38 
46560	0	0	91 3d 2d 
46560	0	0	92 31 4c 
46560	0	0	93 37 25 
46560	0	0	93 31 39 
46560	0	0	93 40 30 
46560	0	0	93 3b 2f 
46569	9	0	b2 40 0 
46573	4	0	b1 40 0 
46678	105	0	b2 40 7f 
46680	2	0	92 37 40 
46680	0	0	93 51 40 
46693	13	0	83 53 40 
46741	48	0	82 37 40 
46793	52	0	b1 40 7f 
46800	7	0	99 2a 7f 
46800	0	0	92 3d 38 
46800	0	0	92 40 3e 
46800	0	0	93 4f 40 
46807	7	0	81 31 40 
46809	2	0	89 2a 40 
46812	3	0	81 3d 40 
46817	5	0	83 51 40 
46868	51	0	82 3d 40 
46875	7	0	82 40 40 
46907	32	0	82 31 40 
46914	7	0	83 4f 40 
46920	6	0	92 37 3e 
46920	0	0	93 4c 3c 
46925	5	0	8f 47 40 
46953	28	0	82 37 40 
46999	46	0	83 37 40 
47005	6	0	83 3b 40 
47009	4	0	83 40 40 
47010	1	0	83 4c 40 
47010	0	0	b2 40 0 
47012	2	0	83 31 40 
47038	26	0	b1 40 0 
47040	2	0	91 24 32 
47040	0	0	92 30 48 
47040	0	0	93 4a 39 
47040	0	0	93 37 31 
47040	0	0	93 30 39 
47040	0	0	93 3b 39 
47040	0	0	93 40 40 
47127	87	0	b1 40 7f 
47149	22	0	b2 40 7f 
47160	11	0	91 3c 35 
47160	0	0	92 37 3c 
47177	17	0	81 24 40 
47207	30	0	82 37 40 
47265	58	0	81 3c 40 
47272	7	0	83 4a 40 
47273	1	0	82 30 40 
47280	7	0	99 2a 7f 
47280	0	0	91 40 13 
47280	0	0	91 43 3e 
47280	0	0	92 3b 40 
47280	0	0	92 40 27 
47280	0	0	93 4c 2f 
47280	0	0	9f 47 62 
47289	9	0	89 2a 40 
47338	49	0	bf 40 7f 
47365	27	0	81 40 40 
47367	2	0	82 3b 40 
47369	2	0	82 40 40 
47376	7	0	8f 47 40 
47379	3	0	81 43 40 
47400	21	0	91 3c 22 
47400	0	0	92 37 37 
47400	0	0	9f 48 4c 
47403	3	0	bf 40 0 
47428	25	0	8f 48 40 
47457	29	0	81 3c 40 
47460	3	0	9f 47 55 
47470	10	0	82 37 40 
47520	50	0	92 30 48 
47625	105	0	8f 47 40 
47640	15	0	92 37 3c 
47640	0	0	9f 45 55 
47706	66	0	82 37 40 
47760	54	0	99 2a 7f 
47760	0	0	91 40 22 
47760	0	0	91 43 27 
47760	0	0	92 3c 4c 
47760	0	0	92 40 4c 
47760	0	0	9f 43 59 
47769	9	0	89 2a 40 
47769	0	0	8f 45 40 
47773	4	0	b3 40 7f 
47828	55	0	82 30 40 
47835	7	0	83 37 40 
47856	21	0	83 30 40 
47858	2	0	83 3b 40 
47859	1	0	83 40 40 
47860	1	0	82 3c 40 
47863	3	0	82 40 40 
47869	6	0	8f 43 40 
47870	1	0	81 40 40 
47880	10	0	81 43 40 
47880	0	0	91 3c 2c 
47880	0	0	92 37 1e 
47880	0	0	9f 45 50 
47902	22	0	82 37 40 
47927	25	0	81 3c 40 
47992	65	0	b3 40 0 
47997	5	0	8f 45 40 
47997	0	0	b1 40 0 
48000	3	0	92 2f 50 
48000	0	0	93 4a 39 
48000	0	0	93 2f 3c 
48000	0	0	93 3b 30 
48000	0	0	93 43 3c 
48000	0	0	9f 47 55 
48009	9	0	83 4c 40 
48009	0	0	b2 40 0 
48106	97	0	b1 40 7f 
48106	0	0	b2 40 7f 
48118	12	0	8f 47 40 
48120	2	0	91 3b 38 
48120	0	0	9f 4a 50 
48229	109	0	81 3b 40 
48235	6	0	8f 4a 40 
48240	5	0	99 2a 7f 
48240	0	0	91 3e 38 
48240	0	0	92 3e 4c 
48240	0	0	92 43 4c 
48240	0	0	9f 47 59 
48249	9	0	89 2a 40 
48252	3	0	82 2f 40 
48333	81	0	82 3e 40 
48353	20	0	82 43 40 
48357	4	0	81 3e 40 
48360	3	0	91 43 39 
48360	0	0	92 39 39 
48410	50	0	81 43 40 
48420	10	0	82 39 40 
48480	60	0	91 42 40 
48480	0	0	92 2f 33 
48480	0	0	93 4e 40 
48485	5	0	83 4a 40 
48487	2	0	b1 40 0 
48491	4	0	b2 40 0 
48562	71	0	b2 40 7f 
48581	19	0	b1 40 7f 
48600	19	0	91 3e 3c 
48600	0	0	92 3b 26 
48600	0	0	93 4f 4a 
48603	3	0	81 42 40 
48605	2	0	83 4e 40 
48669	64	0	82 3b 40 
48697	28	0	81 3e 40 
48720	23	0	99 2a 7f 
48720	0	0	91 3b 38 
48720	0	0	92 3e 48 
48720	0	0	92 42 3c 
48720	0	0	93 51 3c 
48724	4	0	83 4f 40 
48729	5	0	89 2a 40 
48809	80	0	82 2f 40 
48812	3	0	81 3b 40 
48814	2	0	82 3e 40 
48840	26	0	82 42 40 
48840	0	0	91 37 33 
48840	0	0	92 3b 3e 
48840	0	0	93 53 40 
48850	10	0	83 51 40 
48859	9	0	83 3b 40 
48863	4	0	8f 47 40 
48881	18	0	82 3b 40 
48882	1	0	81 37 40 
48902	20	0	83 43 40 
48904	2	0	83 2f 40 
48916	12	0	b2 40 0 
48936	20	0	83 53 40 
48944	8	0	b1 40 0 
48960	16	0	90 39 1c 
48960	0	0	91 39 2e 
48960	0	0	91 40 38 
48960	0	0	91 3c 33 
48960	0	0	91 2d 3b 
48960	0	0	92 2d 55 
48960	0	0	93 40 47 
48960	0	0	94 4c 4c 
48960	0	0	9f 40 3e 
49024	64	0	bf 40 7f 
49029	5	0	b1 40 7f 
49031	2	0	8f 40 40 
49080	49	0	92 39 38 
49080	0	0	9f 40 4c 
49106	26	0	8f 40 40 
49140	34	0	9f 40 62 
49144	4	0	bf 40 0 
49181	37	0	82 39 40 
49196	15	0	b2 40 7f 
49200	4	0	99 2a 7f 
49200	0	0	92 40 3c 
49200	0	0	92 3c 3e 
49200	0	0	93 37 39 
49204	4	0	81 39 40 
49209	5	0	89 2a 40 
49211	2	0	81 3c 40 
49216	5	0	81 2d 40 
49222	6	0	81 40 40 
49252	30	0	82 2d 40 
49303	51	0	82 3c 40 
49303	0	0	8f 40 40 
49304	1	0	82 40 40 
49320	16	0	92 39 32 
49320	0	0	9f 45 59 
49320	0	0	bf 40 7f 
49356	36	0	82 39 40 
49364	8	0	84 4c 40 
49414	50	0	bf 40 0 
49419	5	0	8f 45 40 
49427	8	0	83 40 40 
49431	4	0	80 39 40 
49437	6	0	b2 40 0 
49440	3	0	90 2f 16 
49440	0	0	91 42 35 
49440	0	0	91 3b 2f 
49440	0	0	91 2f 3c 
49440	0	0	91 3e 34 
49440	0	0	b1 40 0 
49440	0	0	92 2f 48 
49440	0	0	93 42 44 
49440	0	0	93 39 44 
49440	0	0	94 4e 4c 
49440	0	0	9f 42 50 
49451	11	0	83 37 40 
49524	73	0	bf 40 7f 
49538	14	0	8f 42 40 
49560	22	0	92 3b 50 
49560	0	0	9f 42 44 
49572	12	0	b2 40 7f 
49590	18	0	8f 42 40 
49611	21	0	bf 40 0 
49620	9	0	9f 42 59 
49624	4	0	82 3b 40 
49676	52	0	b1 40 7f 
49680	4	0	99 2a 7f 
49680	0	0	92 3e 40 
49680	0	0	92 42 3c 
49689	9	0	89 2a 40 
49705	16	0	81 2f 40 
49711	6	0	81 3e 40 
49712	1	0	81 3b 40 
49718	6	0	81 42 40 
49720	2	0	82 2f 40 
49776	56	0	8f 42 40 
49777	1	0	82 3e 40 
49800	23	0	92 3b 3c 
49800	0	0	9f 42 48 
49802	2	0	82 42 40 
49842	40	0	84 4e 40 
49848	6	0	82 3b 40 
49890	42	0	8f 42 40 
49910	20	0	80 2f 40 
49912	2	0	83 39 40 
49914	2	0	b1 40 0 
49915	1	0	b2 40 0 
49920	5	0	90 30 18 
49920	0	0	91 40 32 
49920	0	0	91 3c 2e 
49920	0	0	91 30 35 
49920	0	0	91 43 32 
49920	0	0	92 30 50 
49920	0	0	93 3b 47 
49920	0	0	93 43 3c 
49920	0	0	94 4c 55 
49920	0	0	9f 40 59 
49924	4	0	83 42 40 
50005	81	0	8f 40 40 
50040	35	0	92 3c 3e 
50040	0	0	9f 40 59 
50046	6	0	b2 40 7f 
50072	26	0	8f 40 40 
50100	28	0	9f 40 5d 
50103	3	0	82 3c 40 
50160	57	0	99 2a 7f 
50160	0	0	92 43 4c 
50160	0	0	92 40 48 
50164	4	0	bf 40 7f 
50165	1	0	b1 40 7f 
50169	4	0	89 2a 40 
50212	43	0	82 30 40 
50214	2	0	81 40 40 
50220	6	0	81 3c 40 
50226	6	0	81 43 40 
50241	15	0	81 30 40 
50255	14	0	8f 40 40 
50263	8	0	82 40 40 
50268	5	0	bf 40 0 
50278	10	0	84 4c 40 
50280	2	0	92 3c 3c 
50280	0	0	9f 45 59 
50281	1	0	82 43 40 
50320	39	0	82 3c 40 
50382	62	0	8f 45 40 
50393	11	0	80 30 40 
50400	7	0	90 23 21 
50400	0	0	91 42 39 
50400	0	0	91 3b 38 
50400	0	0	91 2f 32 
50400	0	0	91 3e 38 
50400	0	0	92 2f 59 
50400	0	0	93 45 47 
50400	0	0	93 39 47 
50400	0	0	94 4e 44 
50400	0	0	9f 42 48 
50401	1	0	83 3b 40 
50404	3	0	b1 40 0 
50406	2	0	b2 40 0 
50410	4	0	83 43 40 
50487	77	0	84 4e 40 
50505	18	0	b2 40 7f 
50520	15	0	92 42 39 
50520	0	0	94 4f 55 
50565	45	0	82 42 40 
50615	50	0	84 4f 40 
50640	25	0	99 2a 7f 
50640	0	0	92 3b 55 
50640	0	0	94 4e 55 
50649	9	0	89 2a 40 
50660	11	0	8f 42 40 
50679	19	0	82 3b 40 
50687	8	0	82 2f 40 
50741	54	0	84 4e 40 
50760	19	0	81 3b 40 
50760	0	0	92 37 3e 
50760	0	0	94 4a 59 
50762	2	0	81 2f 40 
50765	3	0	81 42 40 
50767	2	0	81 3e 40 
50798	31	0	82 37 40 
50808	10	0	80 23 40 
50830	22	0	84 4a 40 
50844	14	0	b2 40 0 
50880	36	0	83 45 40 
50880	0	0	90 39 1c 
50880	0	0	91 39 2e 
50880	0	0	91 40 38 
50880	0	0	91 3c 33 
50880	0	0	91 2d 3b 
50880	0	0	92 2d 55 
50880	0	0	93 37 4e 
50880	0	0	93 40 4a 
50880	0	0	94 4c 4c 
50880	0	0	9f 40 3e 
50882	2	0	83 39 40 
50944	62	0	bf 40 7f 
50949	5	0	b1 40 7f 
50951	2	0	8f 40 40 
51000	49	0	92 39 38 
51000	0	0	9f 40 4c 
51026	26	0	8f 40 40 
51060	34	0	9f 40 62 
51064	4	0	bf 40 0 
51101	37	0	82 39 40 
51116	15	0	b2 40 7f 
51120	4	0	99 2a 7f 
51120	0	0	92 40 3c 
51120	0	0	92 3c 3e 
51124	4	0	81 39 40 
51129	5	0	89 2a 40 
51131	2	0	81 3c 40 
51136	5	0	81 2d 40 
51142	6	0	81 40 40 
51172	30	0	82 2d 40 
51223	51	0	82 3c 40 
51223	0	0	8f 40 40 
51224	1	0	82 40 40 
51240	16	0	92 39 32 
51240	0	0	9f 45 59 
51240	0	0	bf 40 7f 
51276	36	0	82 39 40 
51284	8	0	84 4c 40 
51334	50	0	83 37 40 
51334	0	0	bf 40 0 
51339	5	0	8f 45 40 
51351	12	0	80 39 40 
51357	6	0	b2 40 0 
51358	1	0	83 40 40 
51360	2	0	90 2f 16 
51360	0	0	91 42 35 
51360	0	0	91 3b 2f 
51360	0	0	91 2f 3c 
51360	0	0	91 3e 34 
51360	0	0	b1 40 0 
51360	0	0	92 2f 48 
51360	0	0	93 42 47 
51360	0	0	93 39 4a 
51360	0	0	94 4e 4c 
51360	0	0	9f 42 50 
51444	84	0	bf 40 7f 
51458	14	0	8f 42 40 
51480	22	0	92 3b 50 
51480	0	0	9f 42 44 
51492	12	0	b2 40 7f 
51510	18	0	8f 42 40 
51531	21	0	bf 40 0 
51540	9	0	9f 42 59 
51544	4	0	82 3b 40 
51596	52	0	b1 40 7f 
51600	4	0	99 2a 7f 
51600	0	0	92 3e 40 
51600	0	0	92 42 3c 
51609	9	0	89 2a 40 
51625	16	0	81 2f 40 
51631	6	0	81 3e 40 
51632	1	0	81 3b 40 
51638	6	0	81 42 40 
51640	2	0	82 2f 40 
51696	56	0	8f 42 40 
51697	1	0	82 3e 40 
51720	23	0	92 3b 3c 
51720	0	0	9f 42 48 
51722	2	0	82 42 40 
51762	40	0	84 4e 40 
51768	6	0	82 3b 40 
51810	42	0	8f 42 40 
51830	20	0	80 2f 40 
51834	4	0	b1 40 0 
51835	1	0	83 39 40 
51835	0	0	b2 40 0 
51840	5	0	90 24 31 
51840	0	0	91 30 38 
51840	0	0	92 30 4c 
51840	0	0	93 3b 51 
51840	0	0	93 43 40 
51840	0	0	94 4f 20 
51840	0	0	94 54 2d 
51840	0	0	9f 40 4c 
51844	4	0	b2 40 7f 
51855	11	0	83 42 40 
51860	5	0	b1 40 7f 
51932	72	0	8f 40 40 
51960	28	0	91 37 37 
51960	0	0	92 37 3e 
51960	0	0	9f 40 50 
51964	4	0	81 30 40 
51974	10	0	82 30 40 
51987	13	0	8f 40 40 
52006	19	0	81 37 40 
52020	14	0	9f 40 59 
52021	1	0	82 37 40 
52080	59	0	99 2a 7f 
52080	0	0	91 3b 39 
52080	0	0	91 40 35 
52080	0	0	92 3c 48 
52080	0	0	92 40 59 
52089	9	0	89 2a 40 
52147	58	0	81 40 40 
52160	13	0	81 3b 40 
52182	22	0	8f 40 40 
52186	4	0	82 3c 40 
52196	10	0	82 40 40 
52200	4	0	92 37 40 
52200	0	0	9f 45 55 
52246	46	0	82 37 40 
52269	23	0	b1 40 0 
52271	2	0	83 3b 40 
52294	23	0	84 54 40 
52299	5	0	b2 40 0 
52303	4	0	8f 45 40 
52306	3	0	84 4f 40 
52312	6	0	80 24 40 
52320	8	0	90 25 1f 
52320	0	0	91 31 33 
52320	0	0	91 37 32 
52320	0	0	91 3d 48 
52320	0	0	91 40 31 
52320	0	0	92 31 40 
52320	0	0	93 40 47 
52320	0	0	94 55 3c 
52320	0	0	9f 42 59 
52342	22	0	83 43 40 
52439	97	0	b2 40 7f 
52440	1	0	92 37 33 
52523	83	0	82 37 40 
52559	36	0	8f 42 40 
52560	1	0	99 2a 7f 
52560	0	0	92 3d 4c 
52560	0	0	92 40 50 
52560	0	0	9f 40 50 
52569	9	0	89 2a 40 
52579	10	0	82 31 40 
52649	70	0	82 3d 40 
52650	1	0	82 40 40 
52680	30	0	92 37 4c 
52682	2	0	80 25 40 
52690	8	0	81 37 40 
52694	4	0	b2 40 7f 
52702	8	0	81 3d 40 
52711	9	0	81 31 40 
52724	13	0	81 40 40 
52730	6	0	b2 40 0 
52733	3	0	84 55 40 
52750	17	0	82 37 40 
52755	5	0	b2 40 7f 
52783	28	0	8f 40 40 
52785	2	0	b2 40 0 
52786	1	0	83 40 40 
52793	7	0	b2 40 0 
52800	7	0	90 26 38 
52800	0	0	91 32 38 
52800	0	0	92 32 50 
52800	0	0	93 3e 47 
52800	0	0	9f 3e 5d 
52872	72	0	b1 40 7f 
52888	16	0	b2 40 7f 
52920	32	0	91 37 39 
52920	0	0	92 3b 3c 
52936	16	0	b2 40 0 
53008	72	0	81 37 40 
53014	6	0	b2 40 7f 
53017	3	0	82 3b 40 
53040	23	0	99 2a 7f 
53040	0	0	91 3e 4c 
53040	0	0	92 3e 33 
53040	0	0	92 43 3b 
53049	9	0	89 2a 40 
53061	12	0	81 32 40 
53104	43	0	82 32 40 
53125	21	0	82 43 40 
53134	9	0	82 3e 40 
53151	17	0	81 3e 40 
53160	9	0	91 3b 3e 
53160	0	0	92 3b 3e 
53224	64	0	81 3b 40 
53256	32	0	b2 40 0 
53280	24	0	91 32 2a 
53280	0	0	92 32 4c 
53280	0	0	93 4a 44 
53283	3	0	83 3e 40 
53307	24	0	82 3b 40 
53318	11	0	8f 3e 40 
53349	31	0	b2 40 7f 
53389	40	0	81 32 40 
53400	11	0	91 43 34 
53400	0	0	92 3b 3e 
53400	0	0	93 4f 4e 
53411	11	0	83 4a 40 
53451	40	0	81 43 40 
53456	5	0	82 3b 40 
53507	51	0	82 32 40 
53520	13	0	99 2a 7f 
53520	0	0	91 32 2a 
53520	0	0	92 43 48 
53520	0	0	92 3e 55 
53520	0	0	93 51 47 
53523	3	0	83 4f 40 
53529	6	0	89 2a 40 
53553	24	0	b3 40 7f 
53611	58	0	82 43 40 
53614	3	0	81 32 40 
53624	10	0	b3 40 0 
53625	1	0	82 3e 40 
53628	3	0	83 51 40 
53640	12	0	91 3e 33 
53640	0	0	92 3b 48 
53640	0	0	93 56 4a 
53655	15	0	80 26 40 
53680	25	0	81 3e 40 
53684	4	0	82 3b 40 
53708	24	0	b2 40 0 
53718	10	0	b1 40 0 
53760	42	0	90 27 32 
53760	0	0	91 33 3c 
53760	0	0	92 33 5d 
53760	0	0	93 4b 27 
53760	0	0	93 53 4e 
53760	0	0	93 42 30 
53771	11	0	83 56 40 
53852	81	0	b2 40 7f 
53880	28	0	92 39 40 
53920	40	0	b1 40 7f 
53953	33	0	82 39 40 
54000	47	0	99 2a 7f 
54000	0	0	91 42 40 
54000	0	0	92 3f 59 
54000	0	0	92 42 59 
54009	9	0	89 2a 40 
54041	32	0	82 33 40 
54056	15	0	81 42 40 
54078	22	0	82 3f 40 
54080	2	0	82 42 40 
54120	40	0	91 3f 44 
54120	0	0	92 39 50 
54120	0	0	9f 47 5d 
54130	10	0	81 33 40 
54145	15	0	8f 47 40 
54166	21	0	81 3f 40 
54180	14	0	9f 47 5d 
54197	17	0	82 39 40 
54240	43	0	91 39 48 
54240	0	0	92 39 59 
54293	53	0	81 39 40 
54310	17	0	82 39 40 
54342	32	0	8f 47 40 
54360	18	0	91 33 4c 
54360	0	0	92 3f 3e 
54360	0	0	9f 48 5d 
54425	65	0	82 3f 40 
54436	11	0	81 33 40 
54458	22	0	8f 48 40 
54480	22	0	99 2a 7f 
54480	0	0	92 42 59 
54480	0	0	92 3f 5d 
54480	0	0	9f 47 62 
54489	9	0	89 2a 40 
54568	79	0	80 27 40 
54572	4	0	82 3f 40 
54580	8	0	82 42 40 
54585	5	0	8f 47 40 
54600	15	0	92 39 3e 
54600	0	0	9f 45 50 
54627	27	0	83 53 40 
54642	15	0	82 39 40 
54655	13	0	8f 45 40 
54660	5	0	9f 43 5d 
54709	49	0	83 4b 40 
54714	5	0	83 42 40 
54714	0	0	b2 40 0 
54716	2	0	b1 40 0 
54720	4	0	90 28 2e 
54720	0	0	91 34 3e 
54720	0	0	92 34 5d 
54720	0	0	93 4f 44 
54720	0	0	93 43 2f 
54720	0	0	93 4c 36 
54807	87	0	b2 40 7f 
54840	33	0	91 37 4c 
54840	0	0	92 3b 38 
54876	36	0	82 34 40 
54882	6	0	b1 40 7f 
54924	42	0	82 3b 40 
54960	36	0	99 2a 7f 
54960	0	0	91 3b 3e 
54960	0	0	92 40 59 
54960	0	0	92 43 50 
54969	9	0	89 2a 40 
55027	58	0	81 3b 40 
55039	12	0	82 43 40 
55044	5	0	82 40 40 
55080	36	0	91 40 48 
55080	0	0	92 3b 4c 
55149	69	0	82 3b 40 
55189	40	0	81 40 40 
55200	11	0	91 43 3e 
55200	0	0	92 34 50 
55320	120	0	92 3b 4c 
55332	12	0	82 34 40 
55371	39	0	8f 43 40 
55381	10	0	81 37 40 
55396	15	0	82 3b 40 
55440	44	0	99 2a 7f 
55440	0	0	91 40 44 
55440	0	0	92 40 55 
55440	0	0	92 43 59 
55440	0	0	9f 43 6b 
55449	9	0	89 2a 40 
55449	0	0	81 43 40 
55490	41	0	8f 43 40 
55500	10	0	9f 45 5d 
55505	5	0	81 34 40 
55514	9	0	81 40 40 
55547	33	0	82 43 40 
55550	3	0	82 40 40 
55560	10	0	92 3b 50 
55587	27	0	b1 40 7f 
55588	1	0	8f 45 40 
55595	7	0	b1 40 0 
55611	16	0	82 3b 40 
55616	5	0	b1 40 0 
55620	4	0	9f 47 62 
55628	8	0	b2 40 0 
55641	13	0	83 43 40 
55644	3	0	83 4c 40 
55661	17	0	80 28 40 
55680	19	0	83 4f 40 
55680	0	0	90 29 31 
55680	0	0	91 35 3e 
55680	0	0	92 35 55 
55680	0	0	93 4a 40 
55765	85	0	8f 47 40 
55788	23	0	b2 40 7f 
55800	12	0	91 3b 3e 
55800	0	0	92 3b 48 
55800	0	0	9f 47 62 
55802	2	0	b1 40 7f 
55811	9	0	81 35 40 
55835	24	0	82 35 40 
55856	21	0	82 3b 40 
55874	18	0	81 3b 40 
55880	6	0	8f 47 40 
55920	40	0	99 2a 7f 
55920	0	0	91 41 39 
55920	0	0	91 3e 40 
55920	0	0	92 3e 50 
55920	0	0	92 41 59 
55920	0	0	9f 47 5d 
55929	9	0	89 2a 40 
55963	34	0	81 3e 40 
55969	6	0	81 41 40 
55990	21	0	82 41 40 
55993	3	0	8f 47 40 
55997	4	0	82 3e 40 
56040	43	0	92 3b 48 
56040	0	0	9f 47 5d 
56068	28	0	8f 47 40 
56100	32	0	9f 4c 62 
56106	6	0	82 3b 40 
56160	54	0	92 35 4c 
56250	90	0	82 35 40 
56266	16	0	8f 4c 40 
56280	14	0	92 3b 4c 
56280	0	0	9f 4a 62 
56352	72	0	82 3b 40 
56386	34	0	8f 4a 40 
56400	14	0	99 2a 7f 
56400	0	0	91 3e 50 
56400	0	0	91 41 48 
56400	0	0	92 41 55 
56400	0	0	92 3e 4c 
56400	0	0	9f 47 55 
56409	9	0	89 2a 40 
56432	23	0	81 3e 40 
56438	6	0	81 41 40 
56492	54	0	82 41 40 
56507	15	0	82 3e 40 
56511	4	0	8f 47 40 
56512	1	0	83 4a 40 
56520	8	0	92 3b 4c 
56520	0	0	9f 45 55 
56530	10	0	b1 40 0 
56532	2	0	80 29 40 
56546	14	0	b1 40 7f 
56565	19	0	82 3b 40 
56584	19	0	8f 45 40 
56588	4	0	b2 40 0 
56611	23	0	b1 40 0 
56637	26	0	b2 40 7f 
56640	3	0	90 24 2c 
56640	0	0	91 30 40 
56640	0	0	92 30 3b 
56640	0	0	93 34 2c 
56640	0	0	93 3c 33 
56640	0	0	93 37 2d 
56640	0	0	9f 43 62 
56675	35	0	b2 40 0 
56754	79	0	b2 40 7f 
56757	3	0	8f 43 40 
56760	3	0	91 37 2e 
56760	0	0	92 37 4c 
56760	0	0	9f 45 4c 
56763	3	0	b1 40 7f 
56846	83	0	82 37 40 
56846	0	0	b3 40 7f 
56851	5	0	8f 45 40 
56873	22	0	83 34 40 
56879	6	0	83 37 40 
56880	1	0	ff 51 3 d 44 bd 
56880	0	0	99 2a 7f 
56880	0	0	91 3c 29 
56880	0	0	92 3c 35 
56880	0	0	94 4f 40 
56880	0	0	9f 47 59 
56881	1	0	83 3c 40 
56889	8	0	89 2a 40 
56905	16	0	82 30 40 
56957	52	0	82 3c 40 
56973	16	0	8f 47 40 
57000	27	0	92 40 3b 
57000	0	0	9f 43 5d 
57028	28	0	81 3c 40 
57078	50	0	82 40 40 
57120	42	0	ff 51 3 d aa 22 
57120	0	0	92 30 35 
57120	0	0	93 43 29 
57120	0	0	93 3c 27 
57120	0	0	93 40 2c 
57122	2	0	b3 40 0 
57240	118	0	92 43 4c 
57258	18	0	81 37 40 
57360	102	0	ff 51 3 e 15 c5 
57360	0	0	99 2a 7f 
57360	0	0	92 37 3c 
57365	5	0	81 30 40 
57369	4	0	89 2a 40 
57369	0	0	b3 40 7f 
57388	19	0	82 43 40 
57423	35	0	82 37 40 
57435	12	0	8f 43 40 
57440	5	0	82 30 40 
57460	20	0	83 43 40 
57473	13	0	83 3c 40 
57474	1	0	83 40 40 
57480	6	0	92 3c 38 
57480	0	0	9f 43 62 
57528	48	0	8f 43 40 
57538	10	0	82 3c 40 
57564	26	0	80 24 40 
57588	24	0	b2 40 0 
57600	12	0	ff 51 3 e 88 3d 
57600	0	0	90 27 1c 
57600	0	0	91 33 38 
57600	0	0	91 3f 37 
57600	0	0	92 30 48 
57600	0	0	93 3c 27 
57600	0	0	93 3f 31 
57600	0	0	9f 43 66 
57603	3	0	b3 40 0 
57605	2	0	b1 40 0 
57692	87	0	b1 40 7f 
57699	7	0	81 33 40 
57709	10	0	b2 40 7f 
57720	11	0	8f 43 40 
57720	0	0	91 3c 2e 
57720	0	0	92 3c 38 
57720	0	0	9f 45 55 
57722	2	0	81 3f 40 
57723	1	0	84 4f 40 
57796	73	0	82 3c 40 
57807	11	0	81 3c 40 
57822	15	0	8f 45 40 
57840	18	0	ff 51 3 f 2 37 
57840	0	0	99 2a 7f 
57840	0	0	91 3a 2e 
57840	0	0	92 3f 59 
57840	0	0	94 5b 44 
57840	0	0	9f 47 59 
57849	9	0	89 2a 40 
57881	32	0	81 3a 40 
57896	15	0	82 3f 40 
57941	45	0	82 30 40 
57946	5	0	8f 47 40 
57960	14	0	92 3c 3b 
57960	0	0	9f 43 59 
58029	69	0	82 3c 40 
58080	51	0	ff 51 3 f 84 75 
58080	0	0	92 30 3c 
58200	120	0	92 43 44 
58214	14	0	82 30 40 
58298	84	0	82 43 40 
58304	6	0	8f 43 40 
58320	16	0	ff 51 3 10 f d8 
58320	0	0	99 2a 7f 
58320	0	0	92 3f 50 
58320	0	0	9f 45 5d 
58329	9	0	89 2a 40 
58404	75	0	8f 45 40 
58410	6	0	80 27 40 
58424	14	0	b1 40 7f 
58426	2	0	82 3f 40 
58439	13	0	b1 40 0 
58440	1	0	92 3c 44 
58440	0	0	9f 4f 5d 
58465	25	0	b1 40 0 
58474	9	0	84 5b 40 
58495	21	0	82 3c 40 
58517	22	0	b2 40 0 
58525	8	0	83 3c 40 
58536	11	0	83 3f 40 
58557	21	0	92 2b 48 
58559	2	0	91 43 39 
58560	1	0	ff 51 3 10 a5 5d 
58560	0	0	90 1f 48 
58560	0	0	93 3b 39 
58560	0	0	93 2b 40 
58560	0	0	93 32 3c 
58593	33	0	b2 40 7f 
58663	70	0	82 2b 40 
58673	10	0	92 37 3e 
58690	17	0	91 4a 18 
58727	37	0	b1 40 7f 
58791	64	0	91 56 59 
58792	1	0	91 53 4c 
58794	2	0	91 51 3e 
58799	5	0	82 37 40 
58806	7	0	92 3b 3c 
58846	40	0	81 56 40 
58849	3	0	91 4f 4c 
58854	5	0	81 51 40 
58857	3	0	81 53 40 
58889	32	0	81 4f 40 
58906	17	0	91 53 3e 
58908	2	0	91 56 3e 
58909	1	0	91 51 32 
58920	11	0	92 3e 44 
58927	7	0	82 3b 40 
58946	19	0	81 51 40 
58950	4	0	81 53 40 
58952	2	0	81 56 40 
58961	9	0	81 4a 40 
59005	44	0	82 3e 40 
59005	0	0	81 43 40 
59054	49	0	92 43 40 
59093	39	0	82 43 40 
59270	177	0	8f 4f 40 
59520	250	0	ff 51 3 9 27 c0 
59756	236	0	b2 40 0 
60221	465	0	b1 40 0 
60457	236	0	80 1f 40 
60462	5	0	83 32 40 
60489	27	0	83 3b 40 
60505	16	0	83 2b 40 
60505	0	0	ff 2f 0 
