TPQ: 960
TRACKS: 2
0	0	0	ff 58 4 3 2 18 8 
0	0	0	ff 59 2 fc 1 
0	0	0	ff 51 3 9 27 c0 
0	0	0	ff 2 c 43 6f 70 79 72 69 67 68 74 20 a9 20 
0	0	1	ff 3 7 4b 6c 61 76 69 65 72 
0	0	1	c0 0 
0	0	1	b0 79 0 
0	0	1	b0 40 0 
0	0	1	b0 5b 30 
0	0	1	b0 a 33 
0	0	1	b0 7 7d 
0	0	1	b0 79 0 
0	0	1	b0 40 0 
0	0	1	b0 5b 30 
0	0	1	b0 a 33 
0	0	1	b0 7 7d 
0	0	1	90 41 54 
0	0	1	90 3c 54 
0	0	1	90 38 54 
0	0	1	90 31 54 
0	0	1	90 43 58 
240	240	1	80 43 0 
240	0	1	90 41 55 
480	240	1	80 41 0 
480	0	1	90 43 62 
720	240	1	80 43 0 
720	0	1	90 46 66 
960	240	1	80 46 0 
960	0	1	90 48 6c 
1680	720	1	80 48 0 
1680	0	1	90 46 5c 
1920	240	1	80 46 0 
1920	0	1	90 48 65 
2400	480	1	80 48 0 
2400	0	1	90 4b 69 
2880	480	1	80 41 0 
2880	0	1	80 3c 0 
2880	0	1	80 38 0 
2880	0	1	80 31 0 
2880	0	1	80 4b 0 
2880	0	1	90 3f 58 
2880	0	1	90 3a 58 
2880	0	1	90 37 58 
2880	0	1	90 30 58 
2880	0	1	90 4d 68 
3360	480	1	80 4d 0 
3360	0	1	90 4f 69 
3840	480	1	80 4f 0 
3840	0	1	90 4a 55 
4560	720	1	80 4a 0 
4560	0	1	90 48 5b 
4800	240	1	80 48 0 
4800	0	1	90 4a 67 
5760	960	1	80 3f 0 
5760	0	1	80 3a 0 
5760	0	1	80 37 0 
5760	0	1	80 30 0 
5760	0	1	80 4a 0 
5760	0	1	90 3c 58 
5760	0	1	90 37 58 
5760	0	1	90 34 58 
5760	0	1	90 2d 58 
5760	0	1	90 43 4f 
6000	240	1	80 43 0 
6000	0	1	90 41 56 
6240	240	1	80 41 0 
6240	0	1	90 43 67 
6480	240	1	80 43 0 
6480	0	1	90 46 6b 
6720	240	1	80 46 0 
6720	0	1	90 48 6a 
6960	240	1	80 48 0 
6960	0	1	90 46 59 
7200	240	1	80 46 0 
7200	0	1	90 48 62 
7440	240	1	80 48 0 
7440	0	1	90 4b 6b 
7680	240	1	80 4b 0 
7680	0	1	90 4d 6d 
7920	240	1	80 4d 0 
7920	0	1	90 4b 5d 
8160	240	1	80 4b 0 
8160	0	1	90 4d 6b 
8400	240	1	80 4d 0 
8400	0	1	90 4f 6b 
8640	240	1	80 3c 0 
8640	0	1	80 37 0 
8640	0	1	80 34 0 
8640	0	1	80 2d 0 
8640	0	1	80 4f 0 
8640	0	1	90 3c 59 
8640	0	1	90 37 59 
8640	0	1	90 33 59 
8640	0	1	90 2c 59 
8640	0	1	90 52 6a 
9120	480	1	80 52 0 
9120	0	1	90 54 6a 
9600	480	1	80 54 0 
9600	0	1	90 4f 57 
10320	720	1	80 4f 0 
10320	0	1	90 4d 59 
10560	240	1	80 4d 0 
10560	0	1	90 4f 66 
14400	3840	1	80 3c 0 
14400	0	1	80 37 0 
14400	0	1	80 33 0 
14400	0	1	80 2c 0 
14400	0	1	80 4f 0 
14400	0	1	90 3c 76 
14400	0	1	90 37 76 
14400	0	1	90 33 76 
14400	0	1	90 2c 76 
14400	0	1	90 43 48 
14640	240	1	80 43 0 
14640	0	1	90 41 54 
14880	240	1	80 41 0 
14880	0	1	90 43 65 
15120	240	1	80 43 0 
15120	0	1	90 46 6d 
15360	240	1	80 46 0 
15360	0	1	90 48 68 
15840	480	1	80 3c 0 
15840	0	1	80 37 0 
15840	0	1	80 33 0 
15840	0	1	80 2c 0 
15840	0	1	90 3c 79 
15840	0	1	90 37 79 
15840	0	1	90 33 79 
15840	0	1	90 2c 79 
16080	240	1	80 48 0 
16080	0	1	90 46 5c 
16320	240	1	80 3c 0 
16320	0	1	80 37 0 
16320	0	1	80 33 0 
16320	0	1	80 2c 0 
16320	0	1	80 46 0 
16320	0	1	90 3c 72 
16320	0	1	90 37 72 
16320	0	1	90 33 72 
16320	0	1	90 2c 72 
16320	0	1	90 48 67 
16800	480	1	80 48 0 
16800	0	1	90 4b 6d 
17280	480	1	80 3c 0 
17280	0	1	80 37 0 
17280	0	1	80 33 0 
17280	0	1	80 2c 0 
17280	0	1	80 4b 0 
17280	0	1	90 3a 70 
17280	0	1	90 35 70 
17280	0	1	90 32 70 
17280	0	1	90 2b 70 
17280	0	1	90 4d 69 
17760	480	1	80 4d 0 
17760	0	1	90 4f 69 
18240	480	1	80 4f 0 
18240	0	1	90 4a 57 
18720	480	1	80 3a 0 
18720	0	1	80 35 0 
18720	0	1	80 32 0 
18720	0	1	80 2b 0 
18720	0	1	90 3a 72 
18720	0	1	90 35 72 
18720	0	1	90 32 72 
18720	0	1	90 2b 72 
18960	240	1	80 4a 0 
18960	0	1	90 48 56 
19200	240	1	80 3a 0 
19200	0	1	80 35 0 
19200	0	1	80 32 0 
19200	0	1	80 2b 0 
19200	0	1	80 48 0 
19200	0	1	90 3a 79 
19200	0	1	90 35 79 
19200	0	1	90 32 79 
19200	0	1	90 2b 79 
19200	0	1	90 4a 68 
19680	480	1	80 3a 0 
19680	0	1	80 35 0 
19680	0	1	80 32 0 
19680	0	1	80 2b 0 
19680	0	1	90 32 59 
19680	0	1	90 2b 59 
20160	480	1	80 32 0 
20160	0	1	80 2b 0 
20160	0	1	80 4a 0 
20160	0	1	90 3c 7f 
20160	0	1	90 37 7f 
20160	0	1	90 33 7f 
20160	0	1	90 2c 7f 
20160	0	1	90 43 51 
20400	240	1	80 43 0 
20400	0	1	90 41 59 
20640	240	1	80 41 0 
20640	0	1	90 43 65 
20880	240	1	80 43 0 
20880	0	1	90 46 69 
21120	240	1	80 46 0 
21120	0	1	90 48 6c 
21360	240	1	80 48 0 
21360	0	1	90 46 5d 
21600	240	1	80 3c 0 
21600	0	1	80 37 0 
21600	0	1	80 33 0 
21600	0	1	80 2c 0 
21600	0	1	80 46 0 
21600	0	1	90 3c 7b 
21600	0	1	90 37 7b 
21600	0	1	90 33 7b 
21600	0	1	90 2c 7b 
21600	0	1	90 48 67 
21840	240	1	80 48 0 
21840	0	1	90 4b 6c 
22080	240	1	80 3c 0 
22080	0	1	80 37 0 
22080	0	1	80 33 0 
22080	0	1	80 2c 0 
22080	0	1	80 4b 0 
22080	0	1	90 3c 77 
22080	0	1	90 37 77 
22080	0	1	90 33 77 
22080	0	1	90 2c 77 
22080	0	1	90 4d 6b 
22320	240	1	80 4d 0 
22320	0	1	90 4b 5c 
22560	240	1	80 4b 0 
22560	0	1	90 4d 6c 
22800	240	1	80 4d 0 
22800	0	1	90 4f 68 
23040	240	1	80 3c 0 
23040	0	1	80 37 0 
23040	0	1	80 33 0 
23040	0	1	80 2c 0 
23040	0	1	80 4f 0 
23040	0	1	90 3a 6e 
23040	0	1	90 35 6e 
23040	0	1	90 32 6e 
23040	0	1	90 2b 6e 
23040	0	1	90 52 6a 
23520	480	1	80 52 0 
23520	0	1	90 54 6c 
24000	480	1	80 54 0 
24000	0	1	90 4f 57 
24480	480	1	80 3a 0 
24480	0	1	80 35 0 
24480	0	1	80 32 0 
24480	0	1	80 2b 0 
24480	0	1	90 3a 78 
24480	0	1	90 35 78 
24480	0	1	90 32 78 
24480	0	1	90 2b 78 
24720	240	1	80 4f 0 
24720	0	1	90 4d 5c 
24960	240	1	80 3a 0 
24960	0	1	80 35 0 
24960	0	1	80 32 0 
24960	0	1	80 2b 0 
24960	0	1	80 4d 0 
24960	0	1	90 3a 78 
24960	0	1	90 35 78 
24960	0	1	90 32 78 
24960	0	1	90 2b 78 
24960	0	1	90 4f 64 
25440	480	1	80 3a 0 
25440	0	1	80 35 0 
25440	0	1	80 32 0 
25440	0	1	80 2b 0 
25440	0	1	90 32 58 
25440	0	1	90 2b 58 
25920	480	1	80 32 0 
25920	0	1	80 2b 0 
25920	0	1	80 4f 0 
25920	0	1	90 3c 7f 
25920	0	1	90 37 7f 
25920	0	1	90 33 7f 
25920	0	1	90 2c 7f 
25920	0	1	90 4f 62 
26160	240	1	80 4f 0 
26160	0	1	90 4d 59 
26400	240	1	80 4d 0 
26400	0	1	90 4b 59 
26640	240	1	80 4b 0 
26640	0	1	90 4a 5d 
26880	240	1	80 4a 0 
26880	0	1	90 48 61 
27360	480	1	80 3c 0 
27360	0	1	80 37 0 
27360	0	1	80 33 0 
27360	0	1	80 2c 0 
27360	0	1	90 3c 79 
27360	0	1	90 37 79 
27360	0	1	90 33 79 
27360	0	1	90 2c 79 
27600	240	1	80 48 0 
27600	0	1	90 46 5b 
27840	240	1	80 3c 0 
27840	0	1	80 37 0 
27840	0	1	80 33 0 
27840	0	1	80 2c 0 
27840	0	1	80 46 0 
27840	0	1	90 3c 73 
27840	0	1	90 37 73 
27840	0	1	90 33 73 
27840	0	1	90 2c 73 
27840	0	1	90 48 6a 
28320	480	1	80 48 0 
28320	0	1	90 43 58 
28800	480	1	80 3c 0 
28800	0	1	80 37 0 
28800	0	1	80 33 0 
28800	0	1	80 2c 0 
28800	0	1	80 43 0 
28800	0	1	90 3a 74 
28800	0	1	90 35 74 
28800	0	1	90 32 74 
28800	0	1	90 2b 74 
28800	0	1	90 4a 70 
29760	960	1	80 4a 0 
29760	0	1	90 4d 6b 
30240	480	1	80 3a 0 
30240	0	1	80 35 0 
30240	0	1	80 32 0 
30240	0	1	80 2b 0 
30240	0	1	80 4d 0 
30240	0	1	90 3a 74 
30240	0	1	90 35 74 
30240	0	1	90 32 74 
30240	0	1	90 2b 74 
30240	0	1	90 48 56 
30720	480	1	80 3a 0 
30720	0	1	80 35 0 
30720	0	1	80 32 0 
30720	0	1	80 2b 0 
30720	0	1	80 48 0 
30720	0	1	90 3a 78 
30720	0	1	90 35 78 
30720	0	1	90 32 78 
30720	0	1	90 2b 78 
30720	0	1	90 4a 66 
31200	480	1	80 3a 0 
31200	0	1	80 35 0 
31200	0	1	80 32 0 
31200	0	1	80 2b 0 
31200	0	1	90 32 5a 
31200	0	1	90 2b 5a 
31680	480	1	80 32 0 
31680	0	1	80 2b 0 
31680	0	1	80 4a 0 
31680	0	1	90 3a 7f 
31680	0	1	90 35 7f 
31680	0	1	90 31 7f 
31680	0	1	90 2a 7f 
31680	0	1	90 4d 6d 
31920	240	1	80 4d 0 
31920	0	1	90 4b 62 
32160	240	1	80 4b 0 
32160	0	1	90 49 59 
32400	240	1	80 49 0 
32400	0	1	90 48 5b 
32640	240	1	80 48 0 
32640	0	1	90 46 5b 
33120	480	1	80 3a 0 
33120	0	1	80 35 0 
33120	0	1	80 31 0 
33120	0	1	80 2a 0 
33120	0	1	90 3a 79 
33120	0	1	90 35 79 
33120	0	1	90 31 79 
33120	0	1	90 2a 79 
33360	240	1	80 46 0 
33360	0	1	90 44 5b 
33600	240	1	80 3a 0 
33600	0	1	80 35 0 
33600	0	1	80 31 0 
33600	0	1	80 2a 0 
33600	0	1	80 44 0 
33600	0	1	90 3a 76 
33600	0	1	90 35 76 
33600	0	1	90 31 76 
33600	0	1	90 2a 76 
33600	0	1	90 43 55 
34080	480	1	80 43 0 
34080	0	1	90 41 5c 
34560	480	1	80 3a 0 
34560	0	1	80 35 0 
34560	0	1	80 31 0 
34560	0	1	80 2a 0 
34560	0	1	80 41 0 
34560	0	1	90 34 6b 
34560	0	1	90 30 6b 
34560	0	1	90 2b 6b 
34560	0	1	90 24 6b 
34560	0	1	90 43 67 
35040	480	1	80 43 0 
35040	0	1	90 44 63 
35280	240	1	80 44 0 
35280	0	1	90 46 63 
35520	240	1	80 46 0 
35520	0	1	90 43 5a 
36000	480	1	80 34 0 
36000	0	1	80 30 0 
36000	0	1	80 2b 0 
36000	0	1	80 24 0 
36000	0	1	90 34 73 
36000	0	1	90 30 73 
36000	0	1	90 2b 73 
36000	0	1	90 24 73 
36480	480	1	80 34 0 
36480	0	1	80 30 0 
36480	0	1	80 2b 0 
36480	0	1	80 24 0 
36480	0	1	90 34 76 
36480	0	1	90 30 76 
36480	0	1	90 2b 76 
36480	0	1	90 24 76 
36960	480	1	80 34 0 
36960	0	1	80 30 0 
36960	0	1	80 2b 0 
36960	0	1	80 24 0 
36960	0	1	90 2b 53 
36960	0	1	90 24 53 
37440	480	1	80 2b 0 
37440	0	1	80 24 0 
37440	0	1	80 43 0 
37440	0	1	90 3c 7f 
37440	0	1	90 37 7f 
37440	0	1	90 33 7f 
37440	0	1	90 2c 7f 
37440	0	1	90 43 63 
37680	240	1	80 43 0 
37680	0	1	90 41 5c 
37920	240	1	80 41 0 
37920	0	1	90 43 68 
38160	240	1	80 43 0 
38160	0	1	90 46 6b 
38400	240	1	80 46 0 
38400	0	1	90 48 66 
38880	480	1	80 3c 0 
38880	0	1	80 37 0 
38880	0	1	80 33 0 
38880	0	1	80 2c 0 
38880	0	1	90 3c 7a 
38880	0	1	90 37 7a 
38880	0	1	90 33 7a 
38880	0	1	90 2c 7a 
39120	240	1	80 48 0 
39120	0	1	90 46 5d 
39360	240	1	80 3c 0 
39360	0	1	80 37 0 
39360	0	1	80 33 0 
39360	0	1	80 2c 0 
39360	0	1	80 46 0 
39360	0	1	90 3c 74 
39360	0	1	90 37 74 
39360	0	1	90 33 74 
39360	0	1	90 2c 74 
39360	0	1	90 48 6c 
39840	480	1	80 48 0 
39840	0	1	90 4b 69 
40320	480	1	80 3c 0 
40320	0	1	80 37 0 
40320	0	1	80 33 0 
40320	0	1	80 2c 0 
40320	0	1	80 4b 0 
40320	0	1	90 3a 74 
40320	0	1	90 35 74 
40320	0	1	90 32 74 
40320	0	1	90 2b 74 
40320	0	1	90 4d 6b 
40800	480	1	80 4d 0 
40800	0	1	90 4f 6b 
41280	480	1	80 4f 0 
41280	0	1	90 4a 55 
41760	480	1	80 3a 0 
41760	0	1	80 35 0 
41760	0	1	80 32 0 
41760	0	1	80 2b 0 
41760	0	1	90 3a 77 
41760	0	1	90 35 77 
41760	0	1	90 32 77 
41760	0	1	90 2b 77 
42000	240	1	80 4a 0 
42000	0	1	90 48 5b 
42240	240	1	80 3a 0 
42240	0	1	80 35 0 
42240	0	1	80 32 0 
42240	0	1	80 2b 0 
42240	0	1	80 48 0 
42240	0	1	90 3a 74 
42240	0	1	90 35 74 
42240	0	1	90 32 74 
42240	0	1	90 2b 74 
42240	0	1	90 4a 60 
42720	480	1	80 3a 0 
42720	0	1	80 35 0 
42720	0	1	80 32 0 
42720	0	1	80 2b 0 
42720	0	1	90 32 58 
42720	0	1	90 2b 58 
43200	480	1	80 32 0 
43200	0	1	80 2b 0 
43200	0	1	80 4a 0 
43200	0	1	90 3c 7f 
43200	0	1	90 37 7f 
43200	0	1	90 33 7f 
43200	0	1	90 2c 7f 
43200	0	1	90 43 4e 
43440	240	1	80 43 0 
43440	0	1	90 41 59 
43680	240	1	80 41 0 
43680	0	1	90 43 63 
43920	240	1	80 43 0 
43920	0	1	90 46 6e 
44160	240	1	80 46 0 
44160	0	1	90 48 69 
44400	240	1	80 48 0 
44400	0	1	90 46 5e 
44640	240	1	80 3c 0 
44640	0	1	80 37 0 
44640	0	1	80 33 0 
44640	0	1	80 2c 0 
44640	0	1	80 46 0 
44640	0	1	90 3c 7d 
44640	0	1	90 37 7d 
44640	0	1	90 33 7d 
44640	0	1	90 2c 7d 
44640	0	1	90 48 68 
44880	240	1	80 48 0 
44880	0	1	90 4b 68 
45120	240	1	80 3c 0 
45120	0	1	80 37 0 
45120	0	1	80 33 0 
45120	0	1	80 2c 0 
45120	0	1	80 4b 0 
45120	0	1	90 3c 75 
45120	0	1	90 37 75 
45120	0	1	90 33 75 
45120	0	1	90 2c 75 
45120	0	1	90 4d 6b 
45360	240	1	80 4d 0 
45360	0	1	90 4b 60 
45600	240	1	80 4b 0 
45600	0	1	90 4d 68 
45840	240	1	80 4d 0 
45840	0	1	90 4f 63 
46080	240	1	80 3c 0 
46080	0	1	80 37 0 
46080	0	1	80 33 0 
46080	0	1	80 2c 0 
46080	0	1	80 4f 0 
46080	0	1	90 3a 70 
46080	0	1	90 35 70 
46080	0	1	90 32 70 
46080	0	1	90 2b 70 
46080	0	1	90 52 6e 
46560	480	1	80 52 0 
46560	0	1	90 54 66 
47040	480	1	80 54 0 
47040	0	1	90 4f 56 
47520	480	1	80 3a 0 
47520	0	1	80 35 0 
47520	0	1	80 32 0 
47520	0	1	80 2b 0 
47520	0	1	90 3a 78 
47520	0	1	90 35 78 
47520	0	1	90 32 78 
47520	0	1	90 2b 78 
47760	240	1	80 4f 0 
47760	0	1	90 4d 5a 
48000	240	1	80 3a 0 
48000	0	1	80 35 0 
48000	0	1	80 32 0 
48000	0	1	80 2b 0 
48000	0	1	80 4d 0 
48000	0	1	90 3a 73 
48000	0	1	90 35 73 
48000	0	1	90 32 73 
48000	0	1	90 2b 73 
48000	0	1	90 4f 67 
48480	480	1	80 3a 0 
48480	0	1	80 35 0 
48480	0	1	80 32 0 
48480	0	1	80 2b 0 
48480	0	1	90 32 5a 
48480	0	1	90 2b 5a 
48960	480	1	80 32 0 
48960	0	1	80 2b 0 
48960	0	1	80 4f 0 
48960	0	1	90 3c 7f 
48960	0	1	90 37 7f 
48960	0	1	90 33 7f 
48960	0	1	90 2c 7f 
48960	0	1	90 4f 65 
49200	240	1	80 4f 0 
49200	0	1	90 4d 5b 
49440	240	1	80 4d 0 
49440	0	1	90 4b 5c 
49680	240	1	80 4b 0 
49680	0	1	90 4a 5f 
49920	240	1	80 4a 0 
49920	0	1	90 48 59 
50400	480	1	80 3c 0 
50400	0	1	80 37 0 
50400	0	1	80 33 0 
50400	0	1	80 2c 0 
50400	0	1	90 3c 7c 
50400	0	1	90 37 7c 
50400	0	1	90 33 7c 
50400	0	1	90 2c 7c 
50640	240	1	80 48 0 
50640	0	1	90 46 5b 
50880	240	1	80 3c 0 
50880	0	1	80 37 0 
50880	0	1	80 33 0 
50880	0	1	80 2c 0 
50880	0	1	80 46 0 
50880	0	1	90 3c 73 
50880	0	1	90 37 73 
50880	0	1	90 33 73 
50880	0	1	90 2c 73 
50880	0	1	90 48 66 
51360	480	1	80 48 0 
51360	0	1	90 43 52 
51840	480	1	80 3c 0 
51840	0	1	80 37 0 
51840	0	1	80 33 0 
51840	0	1	80 2c 0 
51840	0	1	80 43 0 
51840	0	1	90 3a 71 
51840	0	1	90 35 71 
51840	0	1	90 32 71 
51840	0	1	90 2b 71 
51840	0	1	90 4a 71 
52800	960	1	80 4a 0 
52800	0	1	90 4d 6f 
53280	480	1	80 3a 0 
53280	0	1	80 35 0 
53280	0	1	80 32 0 
53280	0	1	80 2b 0 
53280	0	1	80 4d 0 
53280	0	1	90 3a 75 
53280	0	1	90 35 75 
53280	0	1	90 32 75 
53280	0	1	90 2b 75 
53280	0	1	90 48 59 
53760	480	1	80 3a 0 
53760	0	1	80 35 0 
53760	0	1	80 32 0 
53760	0	1	80 2b 0 
53760	0	1	80 48 0 
53760	0	1	90 3a 7a 
53760	0	1	90 35 7a 
53760	0	1	90 32 7a 
53760	0	1	90 2b 7a 
53760	0	1	90 4a 66 
54240	480	1	80 3a 0 
54240	0	1	80 35 0 
54240	0	1	80 32 0 
54240	0	1	80 2b 0 
54240	0	1	90 32 5a 
54240	0	1	90 2b 5a 
54720	480	1	80 32 0 
54720	0	1	80 2b 0 
54720	0	1	80 4a 0 
54720	0	1	90 3a 7f 
54720	0	1	90 35 7f 
54720	0	1	90 31 7f 
54720	0	1	90 2a 7f 
54720	0	1	90 4d 6a 
54960	240	1	80 4d 0 
54960	0	1	90 4b 5f 
55200	240	1	80 4b 0 
55200	0	1	90 49 58 
55440	240	1	80 49 0 
55440	0	1	90 48 5b 
55680	240	1	80 48 0 
55680	0	1	90 46 5a 
56160	480	1	80 3a 0 
56160	0	1	80 35 0 
56160	0	1	80 31 0 
56160	0	1	80 2a 0 
56160	0	1	90 3a 73 
56160	0	1	90 35 73 
56160	0	1	90 31 73 
56160	0	1	90 2a 73 
56400	240	1	80 46 0 
56400	0	1	90 44 5c 
56640	240	1	80 3a 0 
56640	0	1	80 35 0 
56640	0	1	80 31 0 
56640	0	1	80 2a 0 
56640	0	1	80 44 0 
56640	0	1	90 3a 73 
56640	0	1	90 35 73 
56640	0	1	90 31 73 
56640	0	1	90 2a 73 
56640	0	1	90 43 5c 
57120	480	1	80 43 0 
57120	0	1	90 41 5e 
57600	480	1	80 3a 0 
57600	0	1	80 35 0 
57600	0	1	80 31 0 
57600	0	1	80 2a 0 
57600	0	1	80 41 0 
57600	0	1	90 34 5c 
57600	0	1	90 30 5c 
57600	0	1	90 2b 5c 
57600	0	1	90 24 5c 
57600	0	1	90 43 64 
58080	480	1	80 43 0 
58080	0	1	90 44 68 
58320	240	1	80 44 0 
58320	0	1	90 46 6c 
58560	240	1	80 46 0 
58560	0	1	90 43 58 
59040	480	1	80 34 0 
59040	0	1	80 30 0 
59040	0	1	80 2b 0 
59040	0	1	80 24 0 
59040	0	1	90 34 62 
59040	0	1	90 30 62 
59040	0	1	90 2b 62 
59040	0	1	90 24 62 
59520	480	1	80 34 0 
59520	0	1	80 30 0 
59520	0	1	80 2b 0 
59520	0	1	80 24 0 
59520	0	1	80 43 0 
59520	0	1	90 34 60 
59520	0	1	90 30 60 
59520	0	1	90 2b 60 
59520	0	1	90 24 60 
59520	0	1	90 41 5c 
60000	480	1	80 34 0 
60000	0	1	80 30 0 
60000	0	1	80 2b 0 
60000	0	1	80 24 0 
60000	0	1	80 41 0 
60000	0	1	90 2b 59 
60000	0	1	90 24 59 
60000	0	1	90 43 68 
60480	480	1	80 2b 0 
60480	0	1	80 24 0 
60480	0	1	80 43 0 
60480	0	1	90 3c 7f 
60480	0	1	90 38 7f 
60480	0	1	90 35 7f 
60480	0	1	90 44 67 
60720	240	1	80 44 0 
60720	0	1	90 46 65 
60960	240	1	80 46 0 
60960	0	1	90 35 42 
60960	0	1	90 29 42 
60960	0	1	90 48 6b 
61200	240	1	80 48 0 
61200	0	1	90 4a 6a 
61440	240	1	80 35 0 
61440	0	1	80 29 0 
61440	0	1	80 4a 0 
61440	0	1	90 3c 55 
61440	0	1	90 30 55 
61440	0	1	90 4b 67 
61920	480	1	80 3c 0 
61920	0	1	80 30 0 
61920	0	1	80 3c 0 
61920	0	1	80 38 0 
61920	0	1	80 35 0 
61920	0	1	80 4b 0 
61920	0	1	90 4f 6d 
62400	480	1	80 4f 0 
62400	0	1	90 4d 5e 
62880	480	1	80 4d 0 
62880	0	1	90 3e 56 
62880	0	1	90 4a 54 
63360	480	1	80 3e 0 
63360	0	1	80 4a 0 
63360	0	1	90 3c 6b 
63360	0	1	90 39 6b 
63360	0	1	90 34 6b 
63360	0	1	90 48 5b 
64080	720	1	80 48 0 
64080	0	1	90 46 59 
64320	240	1	80 46 0 
64320	0	1	90 40 47 
64320	0	1	90 34 47 
64320	0	1	90 48 6b 
64800	480	1	80 40 0 
64800	0	1	80 34 0 
64800	0	1	80 3c 0 
64800	0	1	80 39 0 
64800	0	1	80 34 0 
64800	0	1	90 39 4a 
64800	0	1	90 2d 4a 
65280	480	1	80 39 0 
65280	0	1	80 2d 0 
65280	0	1	80 48 0 
65280	0	1	90 41 51 
65760	480	1	80 41 0 
65760	0	1	90 43 63 
66240	480	1	80 43 0 
66240	0	1	90 3c 6a 
66240	0	1	90 38 6a 
66240	0	1	90 35 6a 
66240	0	1	90 48 74 
66240	0	1	90 44 74 
66480	240	1	80 48 0 
66480	0	1	80 44 0 
66480	0	1	90 4a 6a 
66480	0	1	90 46 6a 
66720	240	1	80 4a 0 
66720	0	1	80 46 0 
66720	0	1	90 35 43 
66720	0	1	90 29 43 
66720	0	1	90 4b 69 
66720	0	1	90 48 69 
66960	240	1	80 4b 0 
66960	0	1	80 48 0 
66960	0	1	90 4d 69 
66960	0	1	90 4a 69 
67200	240	1	80 35 0 
67200	0	1	80 29 0 
67200	0	1	80 4d 0 
67200	0	1	80 4a 0 
67200	0	1	90 3c 55 
67200	0	1	90 30 55 
67200	0	1	90 4f 6a 
67200	0	1	90 4b 6a 
67680	480	1	80 3c 0 
67680	0	1	80 30 0 
67680	0	1	80 3c 0 
67680	0	1	80 38 0 
67680	0	1	80 35 0 
67680	0	1	80 4f 0 
67680	0	1	80 4b 0 
67680	0	1	90 52 69 
67680	0	1	90 4f 69 
68160	480	1	80 52 0 
68160	0	1	80 4f 0 
68160	0	1	90 56 74 
68160	0	1	90 52 74 
68640	480	1	80 56 0 
68640	0	1	80 52 0 
68640	0	1	90 52 5a 
68640	0	1	90 4f 5a 
69120	480	1	80 52 0 
69120	0	1	80 4f 0 
69120	0	1	90 40 6a 
69120	0	1	90 3c 6a 
69120	0	1	90 37 6a 
69120	0	1	90 54 66 
69120	0	1	90 4f 66 
69840	720	1	80 54 0 
69840	0	1	80 4f 0 
69840	0	1	90 52 60 
69840	0	1	90 4f 60 
70080	240	1	80 52 0 
70080	0	1	80 4f 0 
70080	0	1	90 43 47 
70080	0	1	90 37 47 
70080	0	1	90 54 63 
70080	0	1	90 4f 63 
70560	480	1	80 43 0 
70560	0	1	80 37 0 
70560	0	1	80 40 0 
70560	0	1	80 3c 0 
70560	0	1	80 37 0 
70560	0	1	90 3c 38 
70560	0	1	90 30 38 
71040	480	1	80 3c 0 
71040	0	1	80 30 0 
71040	0	1	80 54 0 
71040	0	1	80 4f 0 
71040	0	1	90 48 47 
71520	480	1	80 48 0 
71520	0	1	90 4f 6d 
72000	480	1	80 4f 0 
72000	0	1	90 3e 68 
72000	0	1	90 3a 68 
72000	0	1	90 33 68 
72000	0	1	90 4f 61 
72000	0	1	90 4a 61 
72000	0	1	90 48 61 
72000	0	1	90 43 61 
72480	480	1	80 4f 0 
72480	0	1	80 4a 0 
72480	0	1	80 48 0 
72480	0	1	80 43 0 
72480	0	1	90 43 75 
72480	0	1	90 3e 75 
72480	0	1	90 3a 75 
72480	0	1	90 4a 4f 
72720	240	1	80 4a 0 
72720	0	1	90 48 5a 
72960	240	1	80 43 0 
72960	0	1	80 3e 0 
72960	0	1	80 3a 0 
72960	0	1	80 48 0 
72960	0	1	90 43 70 
72960	0	1	90 3e 70 
72960	0	1	90 3a 70 
72960	0	1	90 4a 68 
73440	480	1	80 43 0 
73440	0	1	80 3e 0 
73440	0	1	80 3a 0 
73440	0	1	80 4a 0 
73440	0	1	90 3e 59 
73440	0	1	90 3a 59 
73440	0	1	90 37 59 
73440	0	1	90 43 53 
73680	240	1	80 43 0 
73680	0	1	90 41 5a 
73920	240	1	80 3e 0 
73920	0	1	80 3a 0 
73920	0	1	80 37 0 
73920	0	1	80 41 0 
73920	0	1	90 3e 68 
73920	0	1	90 3a 68 
73920	0	1	90 37 68 
73920	0	1	90 43 66 
74400	480	1	80 3e 0 
74400	0	1	80 3a 0 
74400	0	1	80 37 0 
74400	0	1	80 43 0 
74400	0	1	90 33 5a 
74400	0	1	90 27 5a 
74400	0	1	90 3e 54 
74880	480	1	80 33 0 
74880	0	1	80 27 0 
74880	0	1	80 3e 0 
74880	0	1	80 3a 0 
74880	0	1	80 33 0 
74880	0	1	80 3e 0 
74880	0	1	90 3c 7f 
74880	0	1	90 38 7f 
74880	0	1	90 31 7f 
74880	0	1	90 4d 79 
74880	0	1	90 48 79 
74880	0	1	90 46 79 
74880	0	1	90 41 79 
75360	480	1	80 4d 0 
75360	0	1	80 48 0 
75360	0	1	80 46 0 
75360	0	1	80 41 0 
75360	0	1	90 41 7f 
75360	0	1	90 3c 7f 
75360	0	1	90 38 7f 
75360	0	1	90 48 58 
75600	240	1	80 48 0 
75600	0	1	90 46 59 
75840	240	1	80 41 0 
75840	0	1	80 3c 0 
75840	0	1	80 38 0 
75840	0	1	80 46 0 
75840	0	1	90 41 7f 
75840	0	1	90 3c 7f 
75840	0	1	90 38 7f 
75840	0	1	90 48 68 
76320	480	1	80 41 0 
76320	0	1	80 3c 0 
76320	0	1	80 38 0 
76320	0	1	80 48 0 
76320	0	1	90 3c 72 
76320	0	1	90 38 72 
76320	0	1	90 35 72 
76320	0	1	90 41 4e 
76560	240	1	80 41 0 
76560	0	1	90 3f 59 
76800	240	1	80 3c 0 
76800	0	1	80 38 0 
76800	0	1	80 35 0 
76800	0	1	80 3f 0 
76800	0	1	90 3c 7c 
76800	0	1	90 38 7c 
76800	0	1	90 35 7c 
76800	0	1	90 41 67 
77280	480	1	80 3c 0 
77280	0	1	80 38 0 
77280	0	1	80 35 0 
77280	0	1	80 41 0 
77280	0	1	90 31 6f 
77280	0	1	90 25 6f 
77280	0	1	90 3c 59 
77760	480	1	80 31 0 
77760	0	1	80 25 0 
77760	0	1	80 3c 0 
77760	0	1	80 38 0 
77760	0	1	80 31 0 
77760	0	1	80 3c 0 
77760	0	1	90 3a 7f 
77760	0	1	90 36 7f 
77760	0	1	90 2f 7f 
77760	0	1	90 4b 7c 
77760	0	1	90 46 7c 
77760	0	1	90 42 7c 
77760	0	1	90 3f 7c 
78240	480	1	80 4b 0 
78240	0	1	80 46 0 
78240	0	1	80 42 0 
78240	0	1	80 3f 0 
78240	0	1	90 3f 7f 
78240	0	1	90 3a 7f 
78240	0	1	90 36 7f 
78240	0	1	90 4b 67 
78240	0	1	90 46 67 
78480	240	1	80 4b 0 
78480	0	1	80 46 0 
78480	0	1	90 49 5c 
78480	0	1	90 44 5c 
78720	240	1	80 3f 0 
78720	0	1	80 3a 0 
78720	0	1	80 36 0 
78720	0	1	80 49 0 
78720	0	1	80 44 0 
78720	0	1	90 3f 7f 
78720	0	1	90 3a 7f 
78720	0	1	90 36 7f 
78720	0	1	90 4b 6a 
78720	0	1	90 46 6a 
79200	480	1	80 3f 0 
79200	0	1	80 3a 0 
79200	0	1	80 36 0 
79200	0	1	80 4b 0 
79200	0	1	80 46 0 
79200	0	1	90 3a 7a 
79200	0	1	90 36 7a 
79200	0	1	90 33 7a 
79200	0	1	90 50 6f 
79200	0	1	90 4b 6f 
79440	240	1	80 50 0 
79440	0	1	80 4b 0 
79440	0	1	90 4e 5b 
79440	0	1	90 49 5b 
79680	240	1	80 3a 0 
79680	0	1	80 36 0 
79680	0	1	80 33 0 
79680	0	1	80 4e 0 
79680	0	1	80 49 0 
79680	0	1	90 3a 7f 
79680	0	1	90 36 7f 
79680	0	1	90 33 7f 
79680	0	1	90 50 6b 
79680	0	1	90 4b 6b 
80160	480	1	80 3a 0 
80160	0	1	80 36 0 
80160	0	1	80 33 0 
80160	0	1	80 50 0 
80160	0	1	80 4b 0 
80160	0	1	90 2f 71 
80160	0	1	90 23 71 
80160	0	1	90 55 73 
80160	0	1	90 50 73 
80640	480	1	80 2f 0 
80640	0	1	80 23 0 
80640	0	1	80 3a 0 
80640	0	1	80 36 0 
80640	0	1	80 2f 0 
80640	0	1	80 55 0 
80640	0	1	80 50 0 
80640	0	1	90 3e 7f 
80640	0	1	90 3a 7f 
80640	0	1	90 35 7f 
80640	0	1	90 2e 7f 
80640	0	1	90 52 5a 
80640	0	1	90 4d 5a 
80640	0	1	90 4a 5a 
81120	480	1	80 3e 0 
81120	0	1	80 3a 0 
81120	0	1	80 35 0 
81120	0	1	80 2e 0 
81120	0	1	80 52 0 
81120	0	1	80 4d 0 
81120	0	1	80 4a 0 
81120	0	1	90 3e 64 
81120	0	1	90 2e 64 
81120	0	1	90 4d 52 
81120	0	1	90 4a 52 
81360	240	1	80 4d 0 
81360	0	1	80 4a 0 
81360	0	1	90 4b 5b 
81360	0	1	90 48 5b 
81600	240	1	80 3e 0 
81600	0	1	80 2e 0 
81600	0	1	80 4b 0 
81600	0	1	80 48 0 
81600	0	1	90 3e 60 
81600	0	1	90 2e 60 
81600	0	1	90 4d 66 
81600	0	1	90 4a 66 
82080	480	1	80 3e 0 
82080	0	1	80 2e 0 
82080	0	1	80 4d 0 
82080	0	1	80 4a 0 
82080	0	1	90 3e 71 
82080	0	1	90 2e 71 
82080	0	1	90 4a 5b 
82080	0	1	90 46 5b 
82320	240	1	80 4a 0 
82320	0	1	80 46 0 
82320	0	1	90 48 55 
82320	0	1	90 44 55 
82560	240	1	80 3e 0 
82560	0	1	80 2e 0 
82560	0	1	80 48 0 
82560	0	1	80 44 0 
82560	0	1	90 3e 70 
82560	0	1	90 3a 70 
82560	0	1	90 35 70 
82560	0	1	90 2e 70 
82560	0	1	90 4a 6b 
82560	0	1	90 46 6b 
83040	480	1	80 3e 0 
83040	0	1	80 3a 0 
83040	0	1	80 35 0 
83040	0	1	80 2e 0 
83040	0	1	80 4a 0 
83040	0	1	80 46 0 
83040	0	1	90 3e 66 
83040	0	1	90 2e 66 
83040	0	1	90 4d 6a 
83040	0	1	90 4a 6a 
83520	480	1	80 3e 0 
83520	0	1	80 2e 0 
83520	0	1	80 4d 0 
83520	0	1	80 4a 0 
83520	0	1	90 3e 76 
83520	0	1	90 3a 76 
83520	0	1	90 35 76 
83520	0	1	90 2e 76 
83520	0	1	90 52 6d 
83520	0	1	90 4d 6d 
83520	0	1	90 4a 6d 
84000	480	1	80 3e 0 
84000	0	1	80 3a 0 
84000	0	1	80 35 0 
84000	0	1	80 2e 0 
84000	0	1	80 52 0 
84000	0	1	80 4d 0 
84000	0	1	80 4a 0 
84000	0	1	90 3e 63 
84000	0	1	90 2e 63 
84000	0	1	90 4d 57 
84000	0	1	90 4a 57 
84240	240	1	80 4d 0 
84240	0	1	80 4a 0 
84240	0	1	90 4b 59 
84240	0	1	90 48 59 
84480	240	1	80 3e 0 
84480	0	1	80 2e 0 
84480	0	1	80 4b 0 
84480	0	1	80 48 0 
84480	0	1	90 3e 61 
84480	0	1	90 2e 61 
84480	0	1	90 4d 66 
84480	0	1	90 4a 66 
84960	480	1	80 3e 0 
84960	0	1	80 2e 0 
84960	0	1	80 4d 0 
84960	0	1	80 4a 0 
84960	0	1	90 3e 79 
84960	0	1	90 2e 79 
84960	0	1	90 4a 59 
84960	0	1	90 46 59 
85200	240	1	80 4a 0 
85200	0	1	80 46 0 
85200	0	1	90 48 54 
85200	0	1	90 44 54 
85440	240	1	80 3e 0 
85440	0	1	80 2e 0 
85440	0	1	80 48 0 
85440	0	1	80 44 0 
85440	0	1	90 3e 77 
85440	0	1	90 3a 77 
85440	0	1	90 35 77 
85440	0	1	90 2e 77 
85440	0	1	90 4a 6c 
85440	0	1	90 46 6c 
85920	480	1	80 3e 0 
85920	0	1	80 3a 0 
85920	0	1	80 35 0 
85920	0	1	80 2e 0 
85920	0	1	80 4a 0 
85920	0	1	80 46 0 
85920	0	1	90 2e 51 
85920	0	1	90 22 51 
85920	0	1	90 46 5f 
85920	0	1	90 41 5f 
86400	480	1	80 2e 0 
86400	0	1	80 22 0 
86400	0	1	80 46 0 
86400	0	1	80 41 0 
86400	0	1	90 3e 7f 
86400	0	1	90 3a 7f 
86400	0	1	90 35 7f 
86400	0	1	90 2e 7f 
86400	0	1	90 52 7b 
86400	0	1	90 4d 7b 
86400	0	1	90 4a 7b 
86880	480	1	80 3e 0 
86880	0	1	80 3a 0 
86880	0	1	80 35 0 
86880	0	1	80 2e 0 
86880	0	1	80 52 0 
86880	0	1	80 4d 0 
86880	0	1	80 4a 0 
86880	0	1	90 3e 66 
86880	0	1	90 2e 66 
86880	0	1	90 4d 57 
86880	0	1	90 4a 57 
87120	240	1	80 4d 0 
87120	0	1	80 4a 0 
87120	0	1	90 4b 5b 
87120	0	1	90 48 5b 
87360	240	1	80 3e 0 
87360	0	1	80 2e 0 
87360	0	1	80 4b 0 
87360	0	1	80 48 0 
87360	0	1	90 3e 60 
87360	0	1	90 2e 60 
87360	0	1	90 4d 64 
87360	0	1	90 4a 64 
87840	480	1	80 3e 0 
87840	0	1	80 2e 0 
87840	0	1	80 4d 0 
87840	0	1	80 4a 0 
87840	0	1	90 3e 75 
87840	0	1	90 2e 75 
87840	0	1	90 4a 58 
87840	0	1	90 46 58 
88080	240	1	80 4a 0 
88080	0	1	80 46 0 
88080	0	1	90 48 5c 
88080	0	1	90 44 5c 
88320	240	1	80 3e 0 
88320	0	1	80 2e 0 
88320	0	1	80 48 0 
88320	0	1	80 44 0 
88320	0	1	90 3e 73 
88320	0	1	90 3a 73 
88320	0	1	90 35 73 
88320	0	1	90 2e 73 
88320	0	1	90 4a 65 
88320	0	1	90 46 65 
88800	480	1	80 3e 0 
88800	0	1	80 3a 0 
88800	0	1	80 35 0 
88800	0	1	80 2e 0 
88800	0	1	80 4a 0 
88800	0	1	80 46 0 
88800	0	1	90 3e 64 
88800	0	1	90 2e 64 
88800	0	1	90 4d 6a 
88800	0	1	90 4a 6a 
89280	480	0	ff 58 4 9 3 24 8 
89280	0	1	80 3e 0 
89280	0	1	80 2e 0 
89280	0	1	80 4d 0 
89280	0	1	80 4a 0 
89280	0	1	90 3e 78 
89280	0	1	90 3a 78 
89280	0	1	90 35 78 
89280	0	1	90 2e 78 
89280	0	1	90 46 72 
89281	1	0	ff 2f 0 
89408	127	1	90 4a 72 
89535	127	1	90 4d 72 
89663	128	1	90 52 72 
89760	97	1	80 3e 0 
89760	0	1	80 3a 0 
89760	0	1	80 35 0 
89760	0	1	80 2e 0 
89760	0	1	90 3e 61 
89760	0	1	90 2e 61 
90240	480	1	80 3e 0 
90240	0	1	80 2e 0 
90240	0	1	90 3e 61 
90240	0	1	90 2e 61 
90720	480	1	80 3e 0 
90720	0	1	80 2e 0 
90720	0	1	90 3e 62 
90720	0	1	90 2e 62 
91200	480	1	80 3e 0 
91200	0	1	80 2e 0 
91200	0	1	90 3e 60 
91200	0	1	90 2e 60 
91680	480	1	80 3e 0 
91680	0	1	80 2e 0 
91680	0	1	90 3e 5e 
91680	0	1	90 2e 5e 
93600	1920	1	80 3e 0 
93600	0	1	80 2e 0 
93600	0	1	80 52 0 
93600	0	1	80 4d 0 
93600	0	1	80 4a 0 
93600	0	1	80 46 0 
93601	1	1	ff 2f 0 
