TPQ: 96
TRACKS: 5
0	0	0	ff 58 4 4 2 60 8 
0	0	0	ff 51 3 6 8a 1b 
0	0	1	ff 58 4 4 2 60 8 
0	0	1	ff 51 3 6 8a 1b 
0	0	2	ff 58 4 4 2 60 8 
0	0	2	ff 51 3 6 8a 1b 
0	0	3	ff 58 4 4 2 60 8 
0	0	3	ff 51 3 6 8a 1b 
0	0	4	ff 58 4 4 2 60 8 
0	0	4	ff 51 3 6 8a 1b 
0	0	1	b1 0 0 
0	0	2	b0 0 0 
0	0	3	b2 0 0 
0	0	4	b3 0 0 
0	0	1	91 3e 63 
0	0	0	ff 2f 0 
96	96	3	92 45 63 
96	0	2	90 4a 63 
144	48	3	82 45 0 
144	0	2	80 4a 0 
144	0	3	92 41 63 
144	0	2	90 41 63 
192	48	3	82 41 0 
192	0	2	80 41 0 
192	0	3	92 45 63 
192	0	2	90 4a 63 
288	96	3	82 45 0 
288	0	2	80 4a 0 
288	0	1	81 3e 0 
288	0	1	91 3d 63 
384	96	4	93 43 63 
384	0	3	92 46 63 
384	0	2	90 4c 63 
576	192	4	83 43 0 
576	0	3	82 46 0 
576	0	2	80 4c 0 
576	0	1	81 3d 0 
576	0	1	91 3e 63 
672	96	3	92 45 63 
672	0	2	90 4a 63 
720	48	3	82 45 0 
720	0	2	80 4a 0 
720	0	3	92 41 63 
720	0	2	90 41 63 
768	48	3	82 41 0 
768	0	2	80 41 0 
768	0	3	92 45 63 
768	0	2	90 4a 63 
864	96	3	82 45 0 
864	0	2	80 4a 0 
864	0	1	81 3e 0 
864	0	1	91 3d 63 
960	96	4	93 43 63 
960	0	3	92 46 63 
960	0	2	90 4c 63 
1152	192	4	83 43 0 
1152	0	3	82 46 0 
1152	0	2	80 4c 0 
1152	0	1	81 3d 0 
1152	0	1	91 3e 63 
1152	0	4	ff 2f 0 
1248	96	2	90 45 63 
1296	48	2	80 45 0 
1296	0	2	90 45 63 
1344	48	2	80 45 0 
1344	0	2	90 45 63 
1440	96	2	80 45 0 
1440	0	1	81 3e 0 
1440	0	2	90 45 63 
1440	0	1	91 3d 63 
1536	96	2	80 45 0 
1536	0	2	90 45 63 
1584	48	2	80 45 0 
1584	0	2	90 45 63 
1632	48	2	80 45 0 
1632	0	2	90 45 63 
1728	96	2	80 45 0 
1728	0	1	81 3d 0 
1728	0	2	90 45 63 
1728	0	1	91 3c 63 
1824	96	2	80 45 0 
1824	0	2	90 46 63 
1968	144	2	80 46 0 
1968	0	2	90 45 63 
2016	48	2	80 45 0 
2016	0	1	81 3c 0 
2016	0	2	90 43 63 
2016	0	1	91 3b 63 
2208	192	2	80 43 0 
2208	0	2	90 43 63 
2304	96	2	80 43 0 
2304	0	1	81 3b 0 
2304	0	2	90 43 63 
2304	0	1	91 3a 63 
2400	96	2	80 43 0 
2400	0	2	90 45 63 
2496	96	2	80 45 0 
2496	0	2	90 43 63 
2592	96	2	80 43 0 
2592	0	1	81 3a 0 
2592	0	2	90 41 63 
2592	0	1	91 39 63 
2688	96	2	80 41 0 
2688	0	2	90 43 63 
2832	144	2	80 43 0 
2832	0	2	90 41 63 
2880	48	2	80 41 0 
2880	0	1	81 39 0 
2880	0	2	90 40 63 
2880	0	1	91 38 63 
2976	96	2	80 40 0 
2976	0	2	90 3f 63 
3072	96	2	80 3f 0 
3072	0	2	90 40 63 
3168	96	2	80 40 0 
3168	0	1	81 38 0 
3168	0	3	92 3d 63 
3168	0	2	90 45 63 
3168	0	1	91 39 63 
3264	96	3	82 3d 0 
3264	0	1	81 39 0 
3264	0	3	92 3e 63 
3264	0	1	91 3b 63 
3360	96	3	82 3e 0 
3360	0	1	81 3b 0 
3360	0	3	92 40 63 
3360	0	1	91 3d 63 
3456	96	3	82 40 0 
3456	0	2	80 45 0 
3456	0	1	81 3d 0 
3456	0	1	91 3e 63 
3552	96	2	90 45 63 
3600	48	2	80 45 0 
3600	0	2	90 45 63 
3648	48	2	80 45 0 
3648	0	2	90 45 63 
3744	96	2	80 45 0 
3744	0	1	81 3e 0 
3744	0	2	90 45 63 
3744	0	1	91 3d 63 
3840	96	2	80 45 0 
3840	0	2	90 45 63 
3888	48	2	80 45 0 
3888	0	2	90 45 63 
3936	48	2	80 45 0 
3936	0	2	90 45 63 
4032	96	2	80 45 0 
4032	0	1	81 3d 0 
4032	0	2	90 45 63 
4032	0	1	91 3c 63 
4128	96	2	80 45 0 
4128	0	2	90 46 63 
4272	144	2	80 46 0 
4272	0	2	90 45 63 
4320	48	2	80 45 0 
4320	0	1	81 3c 0 
4320	0	2	90 43 63 
4320	0	1	91 3b 63 
4512	192	2	80 43 0 
4512	0	2	90 43 63 
4608	96	2	80 43 0 
4608	0	1	81 3b 0 
4608	0	2	90 43 63 
4608	0	1	91 3a 63 
4704	96	2	80 43 0 
4704	0	2	90 45 63 
4800	96	2	80 45 0 
4800	0	2	90 43 63 
4896	96	2	80 43 0 
4896	0	1	81 3a 0 
4896	0	2	90 41 63 
4896	0	1	91 39 63 
5088	192	2	80 41 0 
5088	0	2	90 43 63 
5136	48	2	80 43 0 
5136	0	2	90 41 63 
5184	48	2	80 41 0 
5184	0	1	81 39 0 
5184	0	3	92 3d 63 
5184	0	2	90 40 63 
5184	0	1	91 37 63 
5280	96	2	80 40 0 
5280	0	2	90 41 63 
5424	144	2	80 41 0 
5424	0	2	90 40 63 
5472	48	3	82 3d 0 
5472	0	2	80 40 0 
5472	0	1	81 37 0 
5472	0	3	92 35 63 
5472	0	2	90 3e 63 
5472	0	1	91 39 63 
5664	192	3	82 35 0 
5664	0	2	80 3e 0 
5664	0	1	81 39 0 
5664	0	2	90 4a 63 
5760	96	2	80 4a 0 
5760	0	2	90 4a 63 
5760	0	1	91 3a 63 
5856	96	2	80 4a 0 
5856	0	1	81 3a 0 
5856	0	2	90 48 63 
5856	0	1	91 39 63 
5952	96	2	80 48 0 
5952	0	1	81 39 0 
5952	0	2	90 46 63 
5952	0	1	91 37 63 
6048	96	2	80 46 0 
6048	0	1	81 37 0 
6048	0	2	90 4a 63 
6048	0	1	91 35 63 
6240	192	2	80 4a 0 
6240	0	2	90 45 63 
6336	96	2	80 45 0 
6336	0	1	81 35 0 
6336	0	3	92 43 63 
6336	0	2	90 49 63 
6336	0	1	91 39 63 
6432	96	2	80 49 0 
6432	0	2	90 4a 63 
6528	96	2	80 4a 0 
6528	0	2	90 4c 63 
6624	96	3	82 43 0 
6624	0	2	80 4c 0 
6624	0	1	81 39 0 
6624	0	3	92 41 63 
6624	0	2	90 4a 63 
6624	0	1	91 32 63 
6912	288	3	82 41 0 
6912	0	2	80 4a 0 
6912	0	1	81 32 0 
6912	0	1	91 3e 63 
7008	96	2	90 45 63 
7104	96	2	80 45 0 
7104	0	2	90 45 63 
7200	96	2	80 45 0 
7200	0	1	81 3e 0 
7200	0	2	90 45 63 
7200	0	1	91 3d 63 
7296	96	2	80 45 0 
7296	0	2	90 45 63 
7392	96	2	80 45 0 
7392	0	2	90 45 63 
7488	96	2	80 45 0 
7488	0	1	81 3d 0 
7488	0	2	90 45 63 
7488	0	1	91 3c 63 
7584	96	2	80 45 0 
7584	0	2	90 46 63 
7680	96	2	80 46 0 
7680	0	2	90 45 63 
7776	96	2	80 45 0 
7776	0	1	81 3c 0 
7776	0	2	90 43 63 
7776	0	1	91 3b 63 
7968	192	2	80 43 0 
7968	0	2	90 43 63 
8064	96	2	80 43 0 
8064	0	1	81 3b 0 
8064	0	2	90 43 63 
8064	0	1	91 3a 63 
8160	96	2	80 43 0 
8160	0	2	90 45 63 
8256	96	2	80 45 0 
8256	0	2	90 43 63 
8352	96	2	80 43 0 
8352	0	1	81 3a 0 
8352	0	2	90 41 63 
8352	0	1	91 39 63 
8448	96	2	80 41 0 
8448	0	2	90 43 63 
8544	96	2	80 43 0 
8544	0	2	90 41 63 
8640	96	2	80 41 0 
8640	0	1	81 39 0 
8640	0	2	90 40 63 
8640	0	1	91 38 63 
8736	96	2	80 40 0 
8736	0	2	90 3f 63 
8832	96	2	80 3f 0 
8832	0	2	90 40 63 
8928	96	2	80 40 0 
8928	0	1	81 38 0 
8928	0	3	92 3d 63 
8928	0	2	90 45 63 
8928	0	1	91 39 63 
9024	96	3	82 3d 0 
9024	0	1	81 39 0 
9024	0	3	92 3e 63 
9024	0	1	91 3b 63 
9120	96	3	82 3e 0 
9120	0	2	80 45 0 
9120	0	1	81 3b 0 
9120	0	3	92 40 63 
9120	0	2	90 45 63 
9120	0	1	91 3d 63 
9216	96	3	82 40 0 
9216	0	2	80 45 0 
9216	0	1	81 3d 0 
9216	0	1	91 3e 63 
9312	96	2	90 45 63 
9408	96	2	80 45 0 
9408	0	2	90 45 63 
9504	96	2	80 45 0 
9504	0	1	81 3e 0 
9504	0	2	90 45 63 
9504	0	1	91 3d 63 
9600	96	2	80 45 0 
9600	0	2	90 45 63 
9696	96	2	80 45 0 
9696	0	2	90 45 63 
9792	96	2	80 45 0 
9792	0	1	81 3d 0 
9792	0	2	90 45 63 
9792	0	1	91 3c 63 
9888	96	2	80 45 0 
9888	0	2	90 46 63 
9984	96	2	80 46 0 
9984	0	2	90 45 63 
10080	96	2	80 45 0 
10080	0	1	81 3c 0 
10080	0	2	90 43 63 
10080	0	1	91 3b 63 
10272	192	2	80 43 0 
10272	0	2	90 43 63 
10368	96	2	80 43 0 
10368	0	1	81 3b 0 
10368	0	2	90 43 63 
10368	0	1	91 3a 63 
10464	96	2	80 43 0 
10464	0	2	90 45 63 
10560	96	2	80 45 0 
10560	0	2	90 43 63 
10656	96	2	80 43 0 
10656	0	1	81 3a 0 
10656	0	2	90 41 63 
10656	0	1	91 39 63 
10752	96	2	80 41 0 
10752	0	2	90 43 63 
10848	96	2	80 43 0 
10848	0	2	90 41 63 
10944	96	2	80 41 0 
10944	0	1	81 39 0 
10944	0	3	92 3d 63 
10944	0	2	90 40 63 
10944	0	1	91 37 63 
11040	96	2	80 40 0 
11040	0	2	90 41 63 
11184	144	2	80 41 0 
11184	0	2	90 40 63 
11232	48	3	82 3d 0 
11232	0	2	80 40 0 
11232	0	1	81 37 0 
11232	0	3	92 35 63 
11232	0	2	90 3e 63 
11232	0	1	91 39 63 
11520	288	3	82 35 0 
11520	0	2	80 3e 0 
11520	0	1	81 39 0 
11520	0	1	91 3e 63 
11616	96	2	90 45 63 
11664	48	2	80 45 0 
11664	0	2	90 45 63 
11712	48	2	80 45 0 
11712	0	2	90 45 63 
11808	96	2	80 45 0 
11808	0	1	81 3e 0 
11808	0	2	90 45 63 
11808	0	1	91 3d 63 
11904	96	2	80 45 0 
11904	0	2	90 45 63 
11952	48	2	80 45 0 
11952	0	2	90 45 63 
12000	48	2	80 45 0 
12000	0	2	90 45 63 
12096	96	2	80 45 0 
12096	0	1	81 3d 0 
12096	0	2	90 45 63 
12096	0	1	91 3c 63 
12192	96	2	80 45 0 
12192	0	2	90 46 63 
12336	144	2	80 46 0 
12336	0	2	90 45 63 
12384	48	2	80 45 0 
12384	0	1	81 3c 0 
12384	0	2	90 43 63 
12384	0	1	91 3b 63 
12576	192	2	80 43 0 
12576	0	2	90 43 63 
12672	96	2	80 43 0 
12672	0	1	81 3b 0 
12672	0	2	90 43 63 
12672	0	1	91 3a 63 
12768	96	2	80 43 0 
12768	0	2	90 45 63 
12864	96	2	80 45 0 
12864	0	2	90 43 63 
12960	96	2	80 43 0 
12960	0	1	81 3a 0 
12960	0	2	90 41 63 
12960	0	1	91 39 63 
13056	96	2	80 41 0 
13056	0	2	90 43 63 
13200	144	2	80 43 0 
13200	0	2	90 41 63 
13248	48	2	80 41 0 
13248	0	1	81 39 0 
13248	0	2	90 40 63 
13248	0	1	91 38 63 
13344	96	2	80 40 0 
13344	0	2	90 3f 63 
13440	96	2	80 3f 0 
13440	0	2	90 40 63 
13536	96	2	80 40 0 
13536	0	1	81 38 0 
13536	0	3	92 3d 63 
13536	0	2	90 45 63 
13536	0	1	91 39 63 
13632	96	3	82 3d 0 
13632	0	1	81 39 0 
13632	0	3	92 3e 63 
13632	0	1	91 3b 63 
13728	96	3	82 3e 0 
13728	0	1	81 3b 0 
13728	0	3	92 40 63 
13728	0	1	91 3d 63 
13824	96	3	82 40 0 
13824	0	2	80 45 0 
13824	0	1	81 3d 0 
13824	0	1	91 3e 63 
13920	96	2	90 45 63 
13968	48	2	80 45 0 
13968	0	2	90 45 63 
14016	48	2	80 45 0 
14016	0	2	90 45 63 
14112	96	2	80 45 0 
14112	0	1	81 3e 0 
14112	0	2	90 45 63 
14112	0	1	91 3d 63 
14208	96	2	80 45 0 
14208	0	2	90 45 63 
14256	48	2	80 45 0 
14256	0	2	90 45 63 
14304	48	2	80 45 0 
14304	0	2	90 45 63 
14400	96	2	80 45 0 
14400	0	1	81 3d 0 
14400	0	2	90 45 63 
14400	0	1	91 3c 63 
14496	96	2	80 45 0 
14496	0	2	90 46 63 
14640	144	2	80 46 0 
14640	0	2	90 45 63 
14688	48	2	80 45 0 
14688	0	1	81 3c 0 
14688	0	2	90 43 63 
14688	0	1	91 3b 63 
14880	192	2	80 43 0 
14880	0	2	90 43 63 
14976	96	2	80 43 0 
14976	0	1	81 3b 0 
14976	0	2	90 43 63 
14976	0	1	91 3a 63 
15072	96	2	80 43 0 
15072	0	2	90 45 63 
15168	96	2	80 45 0 
15168	0	2	90 43 63 
15264	96	2	80 43 0 
15264	0	1	81 3a 0 
15264	0	2	90 41 63 
15264	0	1	91 39 63 
15456	192	2	80 41 0 
15456	0	2	90 43 63 
15504	48	2	80 43 0 
15504	0	2	90 41 63 
15552	48	2	80 41 0 
15552	0	1	81 39 0 
15552	0	3	92 3d 63 
15552	0	2	90 40 63 
15552	0	1	91 37 63 
15648	96	2	80 40 0 
15648	0	2	90 41 63 
15792	144	2	80 41 0 
15792	0	2	90 40 63 
15840	48	3	82 3d 0 
15840	0	2	80 40 0 
15840	0	1	81 37 0 
15840	0	3	92 35 63 
15840	0	2	90 3e 63 
15840	0	1	91 39 63 
16032	192	3	82 35 0 
16032	0	2	80 3e 0 
16032	0	1	81 39 0 
16032	0	2	90 4a 63 
16128	96	2	80 4a 0 
16128	0	2	90 4a 63 
16128	0	1	91 3a 63 
16224	96	2	80 4a 0 
16224	0	1	81 3a 0 
16224	0	2	90 48 63 
16224	0	1	91 39 63 
16320	96	2	80 48 0 
16320	0	1	81 39 0 
16320	0	2	90 46 63 
16320	0	1	91 37 63 
16416	96	2	80 46 0 
16416	0	1	81 37 0 
16416	0	2	90 4a 63 
16416	0	1	91 35 63 
16608	192	2	80 4a 0 
16608	0	2	90 45 63 
16704	96	2	80 45 0 
16704	0	1	81 35 0 
16704	0	3	92 43 63 
16704	0	2	90 49 63 
16704	0	1	91 39 63 
16800	96	2	80 49 0 
16800	0	2	90 4a 63 
16896	96	2	80 4a 0 
16896	0	2	90 4c 63 
16992	96	3	82 43 0 
16992	0	2	80 4c 0 
16992	0	1	81 39 0 
16992	0	3	92 41 63 
16992	0	2	90 4a 63 
16992	0	1	91 32 63 
17280	288	3	82 41 0 
17280	0	2	80 4a 0 
17280	0	1	81 32 0 
17280	0	1	91 3e 63 
17376	96	2	90 45 63 
17472	96	2	80 45 0 
17472	0	2	90 45 63 
17568	96	2	80 45 0 
17568	0	1	81 3e 0 
17568	0	2	90 45 63 
17568	0	1	91 3d 63 
17664	96	2	80 45 0 
17664	0	2	90 45 63 
17760	96	2	80 45 0 
17760	0	2	90 45 63 
17856	96	2	80 45 0 
17856	0	1	81 3d 0 
17856	0	2	90 45 63 
17856	0	1	91 3c 63 
17952	96	2	80 45 0 
17952	0	2	90 46 63 
18048	96	2	80 46 0 
18048	0	2	90 45 63 
18144	96	2	80 45 0 
18144	0	1	81 3c 0 
18144	0	2	90 43 63 
18144	0	1	91 3b 63 
18336	192	2	80 43 0 
18336	0	2	90 43 63 
18432	96	2	80 43 0 
18432	0	1	81 3b 0 
18432	0	2	90 43 63 
18432	0	1	91 3a 63 
18528	96	2	80 43 0 
18528	0	2	90 45 63 
18624	96	2	80 45 0 
18624	0	2	90 43 63 
18720	96	2	80 43 0 
18720	0	1	81 3a 0 
18720	0	2	90 41 63 
18720	0	1	91 39 63 
18816	96	2	80 41 0 
18816	0	2	90 43 63 
18912	96	2	80 43 0 
18912	0	2	90 41 63 
19008	96	2	80 41 0 
19008	0	1	81 39 0 
19008	0	2	90 40 63 
19008	0	1	91 38 63 
19104	96	2	80 40 0 
19104	0	2	90 3f 63 
19200	96	2	80 3f 0 
19200	0	2	90 40 63 
19296	96	2	80 40 0 
19296	0	1	81 38 0 
19296	0	3	92 3d 63 
19296	0	2	90 45 63 
19296	0	1	91 39 63 
19392	96	3	82 3d 0 
19392	0	1	81 39 0 
19392	0	3	92 3e 63 
19392	0	1	91 3b 63 
19488	96	3	82 3e 0 
19488	0	2	80 45 0 
19488	0	1	81 3b 0 
19488	0	3	92 40 63 
19488	0	2	90 45 63 
19488	0	1	91 3d 63 
19584	96	3	82 40 0 
19584	0	2	80 45 0 
19584	0	1	81 3d 0 
19584	0	1	91 3e 63 
19680	96	2	90 45 63 
19776	96	2	80 45 0 
19776	0	2	90 45 63 
19872	96	2	80 45 0 
19872	0	1	81 3e 0 
19872	0	2	90 45 63 
19872	0	1	91 3d 63 
19968	96	2	80 45 0 
19968	0	2	90 45 63 
20064	96	2	80 45 0 
20064	0	2	90 45 63 
20160	96	2	80 45 0 
20160	0	1	81 3d 0 
20160	0	2	90 45 63 
20160	0	1	91 3c 63 
20256	96	2	80 45 0 
20256	0	2	90 46 63 
20352	96	2	80 46 0 
20352	0	2	90 45 63 
20448	96	2	80 45 0 
20448	0	1	81 3c 0 
20448	0	2	90 43 63 
20448	0	1	91 3b 63 
20640	192	2	80 43 0 
20640	0	2	90 43 63 
20736	96	2	80 43 0 
20736	0	1	81 3b 0 
20736	0	2	90 43 63 
20736	0	1	91 3a 63 
20832	96	2	80 43 0 
20832	0	2	90 45 63 
20928	96	2	80 45 0 
20928	0	2	90 43 63 
21024	96	2	80 43 0 
21024	0	1	81 3a 0 
21024	0	2	90 41 63 
21024	0	1	91 39 63 
21120	96	2	80 41 0 
21120	0	2	90 43 63 
21216	96	2	80 43 0 
21216	0	2	90 41 63 
21312	96	2	80 41 0 
21312	0	1	81 39 0 
21312	0	3	92 3d 63 
21312	0	2	90 40 63 
21312	0	1	91 37 63 
21408	96	2	80 40 0 
21408	0	2	90 41 63 
21552	144	2	80 41 0 
21552	0	2	90 40 63 
21600	48	3	82 3d 0 
21600	0	2	80 40 0 
21600	0	1	81 37 0 
21600	0	3	92 35 63 
21600	0	2	90 3e 63 
21600	0	1	91 39 63 
21888	288	3	82 35 0 
21888	0	2	80 3e 0 
21888	0	1	81 39 0 
21888	0	1	91 3e 63 
21984	96	2	90 45 63 
22032	48	2	80 45 0 
22032	0	2	90 45 63 
22080	48	2	80 45 0 
22080	0	2	90 45 63 
22176	96	2	80 45 0 
22176	0	1	81 3e 0 
22176	0	2	90 45 63 
22176	0	1	91 3d 63 
22272	96	2	80 45 0 
22272	0	2	90 45 63 
22320	48	2	80 45 0 
22320	0	2	90 45 63 
22368	48	2	80 45 0 
22368	0	2	90 45 63 
22464	96	2	80 45 0 
22464	0	1	81 3d 0 
22464	0	2	90 45 63 
22464	0	1	91 3c 63 
22560	96	2	80 45 0 
22560	0	2	90 46 63 
22704	144	2	80 46 0 
22704	0	2	90 45 63 
22752	48	2	80 45 0 
22752	0	1	81 3c 0 
22752	0	2	90 43 63 
22752	0	1	91 3b 63 
22944	192	2	80 43 0 
22944	0	2	90 43 63 
23040	96	2	80 43 0 
23040	0	1	81 3b 0 
23040	0	2	90 43 63 
23040	0	1	91 3a 63 
23136	96	2	80 43 0 
23136	0	2	90 45 63 
23232	96	2	80 45 0 
23232	0	2	90 43 63 
23328	96	2	80 43 0 
23328	0	1	81 3a 0 
23328	0	2	90 41 63 
23328	0	1	91 39 63 
23424	96	2	80 41 0 
23424	0	2	90 43 63 
23568	144	2	80 43 0 
23568	0	2	90 41 63 
23616	48	2	80 41 0 
23616	0	1	81 39 0 
23616	0	2	90 40 63 
23616	0	1	91 38 63 
23712	96	2	80 40 0 
23712	0	2	90 3f 63 
23808	96	2	80 3f 0 
23808	0	2	90 40 63 
23904	96	2	80 40 0 
23904	0	1	81 38 0 
23904	0	3	92 3d 63 
23904	0	2	90 45 63 
23904	0	1	91 39 63 
24000	96	3	82 3d 0 
24000	0	1	81 39 0 
24000	0	3	92 3e 63 
24000	0	1	91 3b 63 
24096	96	3	82 3e 0 
24096	0	1	81 3b 0 
24096	0	3	92 40 63 
24096	0	1	91 3d 63 
24192	96	3	82 40 0 
24192	0	2	80 45 0 
24192	0	1	81 3d 0 
24192	0	1	91 3e 63 
24288	96	2	90 45 63 
24336	48	2	80 45 0 
24336	0	2	90 45 63 
24384	48	2	80 45 0 
24384	0	2	90 45 63 
24480	96	2	80 45 0 
24480	0	1	81 3e 0 
24480	0	2	90 45 63 
24480	0	1	91 3d 63 
24576	96	2	80 45 0 
24576	0	2	90 45 63 
24624	48	2	80 45 0 
24624	0	2	90 45 63 
24672	48	2	80 45 0 
24672	0	2	90 45 63 
24768	96	2	80 45 0 
24768	0	1	81 3d 0 
24768	0	2	90 45 63 
24768	0	1	91 3c 63 
24864	96	2	80 45 0 
24864	0	2	90 46 63 
25008	144	2	80 46 0 
25008	0	2	90 45 63 
25056	48	2	80 45 0 
25056	0	1	81 3c 0 
25056	0	2	90 43 63 
25056	0	1	91 3b 63 
25248	192	2	80 43 0 
25248	0	2	90 43 63 
25344	96	2	80 43 0 
25344	0	1	81 3b 0 
25344	0	2	90 43 63 
25344	0	1	91 3a 63 
25440	96	2	80 43 0 
25440	0	2	90 45 63 
25536	96	2	80 45 0 
25536	0	2	90 43 63 
25632	96	2	80 43 0 
25632	0	1	81 3a 0 
25632	0	2	90 41 63 
25632	0	1	91 39 63 
25824	192	2	80 41 0 
25824	0	2	90 43 63 
25872	48	2	80 43 0 
25872	0	2	90 41 63 
25920	48	2	80 41 0 
25920	0	1	81 39 0 
25920	0	3	92 3d 63 
25920	0	2	90 40 63 
25920	0	1	91 37 63 
26016	96	2	80 40 0 
26016	0	2	90 41 63 
26160	144	2	80 41 0 
26160	0	2	90 40 63 
26208	48	3	82 3d 0 
26208	0	2	80 40 0 
26208	0	1	81 37 0 
26208	0	3	92 35 63 
26208	0	2	90 3e 63 
26208	0	1	91 39 63 
26400	192	3	82 35 0 
26400	0	2	80 3e 0 
26400	0	1	81 39 0 
26400	0	2	90 4a 63 
26496	96	2	80 4a 0 
26496	0	2	90 4a 63 
26496	0	1	91 3a 63 
26592	96	2	80 4a 0 
26592	0	1	81 3a 0 
26592	0	2	90 48 63 
26592	0	1	91 39 63 
26688	96	2	80 48 0 
26688	0	1	81 39 0 
26688	0	2	90 46 63 
26688	0	1	91 37 63 
26784	96	2	80 46 0 
26784	0	1	81 37 0 
26784	0	2	90 4a 63 
26784	0	1	91 35 63 
26976	192	2	80 4a 0 
26976	0	2	90 45 63 
27072	96	2	80 45 0 
27072	0	1	81 35 0 
27072	0	3	92 43 63 
27072	0	2	90 49 63 
27072	0	1	91 39 63 
27168	96	2	80 49 0 
27168	0	2	90 4a 63 
27264	96	2	80 4a 0 
27264	0	2	90 4c 63 
27360	96	3	82 43 0 
27360	0	2	80 4c 0 
27360	0	1	81 39 0 
27360	0	3	92 41 63 
27360	0	2	90 4a 63 
27360	0	1	91 32 63 
27648	288	3	82 41 0 
27648	0	2	80 4a 0 
27648	0	1	81 32 0 
27648	0	3	92 20 51 
27648	0	3	ff 2f 0 
27648	0	2	ff 2f 0 
27648	0	1	ff 2f 0 
