TPQ: 480
TRACKS: 33
0	0	0	ff 51 3 7 a1 20 
0	0	0	ff 59 2 0 0 
0	0	0	ff 58 4 4 2 18 8 
0	0	1	b0 0 0 
0	0	1	b0 20 1 
0	0	1	c0 a 
0	0	1	b0 7 7f 
0	0	1	b0 a 40 
0	0	2	b1 0 0 
0	0	2	b1 20 0 
0	0	2	c1 0 
0	0	2	b1 7 64 
0	0	2	b1 a 40 
0	0	1	90 40 40 
240	240	1	90 4c 40 
480	240	1	90 4c 0 
480	0	1	90 4e 40 
720	240	1	90 4e 0 
720	0	1	90 40 0 
720	0	1	90 4c 40 
720	0	1	90 50 40 
960	240	1	90 50 0 
960	0	1	90 53 40 
1200	240	1	90 53 0 
1200	0	1	90 51 40 
1440	240	1	90 4c 0 
1440	0	1	90 51 0 
1440	0	1	90 49 40 
1440	0	1	90 51 40 
1680	240	1	90 51 0 
1680	0	1	90 55 40 
1920	240	1	90 55 0 
1920	0	1	90 53 40 
2160	240	1	90 49 0 
2160	0	1	90 53 0 
2160	0	1	90 44 40 
2160	0	1	90 53 40 
2400	240	1	90 53 0 
2400	0	1	90 58 40 
2640	240	1	90 58 0 
2640	0	1	90 57 40 
2880	240	1	90 44 0 
2880	0	1	90 57 0 
2880	0	1	90 49 40 
2880	0	1	90 58 40 
3120	240	1	90 58 0 
3120	0	1	90 53 40 
3360	240	1	90 53 0 
3360	0	1	90 50 40 
3600	240	1	90 49 0 
3600	0	1	90 50 0 
3600	0	1	90 3d 40 
3600	0	1	90 4c 40 
3840	240	1	90 4c 0 
3840	0	1	90 4e 40 
4080	240	1	90 4e 0 
4080	0	1	90 50 40 
4320	240	1	90 3d 0 
4320	0	1	90 50 0 
4320	0	1	90 42 40 
4320	0	1	90 51 40 
4560	240	1	90 51 0 
4560	0	1	90 53 40 
4800	240	1	90 53 0 
4800	0	1	90 55 40 
5040	240	1	90 42 0 
5040	0	1	90 55 0 
5040	0	1	90 44 40 
5040	0	1	90 53 40 
5280	240	1	90 53 0 
5280	0	1	90 51 40 
5520	240	1	90 51 0 
5520	0	1	90 50 40 
5760	240	1	b0 0 0 
5760	0	1	b0 20 1 
5760	0	1	90 44 0 
5760	0	1	90 50 0 
5760	0	1	90 45 40 
5760	0	1	90 4e 40 
6000	240	1	90 4e 0 
6000	0	1	90 50 40 
6240	240	1	90 50 0 
6240	0	1	90 4c 40 
6480	240	1	90 45 0 
6480	0	1	90 4c 0 
6480	0	1	90 47 40 
6480	0	1	90 4b 40 
6720	240	1	90 4b 0 
6720	0	1	90 4c 40 
6960	240	1	90 4c 0 
6960	0	1	90 4e 40 
7200	240	1	90 47 0 
7200	0	1	90 4e 0 
7200	0	1	90 47 40 
7440	240	1	90 4b 40 
7680	240	1	90 4b 0 
7680	0	1	90 4e 40 
7920	240	1	90 4e 0 
7920	0	1	90 47 0 
7920	0	1	90 47 40 
7920	0	1	90 51 40 
8160	240	1	90 51 0 
8160	0	1	90 50 40 
8400	240	1	90 50 0 
8400	0	1	90 4e 40 
8640	240	1	90 47 0 
8640	0	1	90 4e 0 
8640	0	1	90 40 40 
8640	0	1	90 50 40 
8880	240	1	90 50 0 
8880	0	1	90 4c 40 
9120	240	1	90 4c 0 
9120	0	1	90 4e 40 
9360	240	1	90 40 0 
9360	0	1	90 4e 0 
9360	0	1	90 3d 40 
9360	0	1	90 50 40 
9600	240	1	90 50 0 
9600	0	1	90 53 40 
9840	240	1	90 53 0 
9840	0	1	90 51 40 
10080	240	1	90 3d 0 
10080	0	1	90 51 0 
10080	0	1	90 45 40 
10080	0	1	90 51 40 
10320	240	1	90 51 0 
10320	0	1	90 55 40 
10560	240	1	90 55 0 
10560	0	1	90 53 40 
10800	240	1	90 45 0 
10800	0	1	90 53 0 
10800	0	1	90 44 40 
10800	0	1	90 53 40 
11040	240	1	90 53 0 
11040	0	1	90 58 40 
11280	240	1	90 58 0 
11280	0	1	90 57 40 
11520	240	1	90 44 0 
11520	0	1	90 57 0 
11520	0	1	90 49 40 
11520	0	1	90 58 40 
11760	240	1	90 58 0 
11760	0	1	90 53 40 
12000	240	1	90 53 0 
12000	0	1	90 50 40 
12240	240	1	90 49 0 
12240	0	1	90 50 0 
12240	0	1	90 47 40 
12240	0	1	90 4c 40 
12480	240	1	90 4c 0 
12480	0	1	90 4e 40 
12720	240	1	90 4e 0 
12720	0	1	90 50 40 
12960	240	1	90 47 0 
12960	0	1	90 50 0 
12960	0	1	90 45 40 
12960	0	1	90 49 40 
13200	240	1	90 49 0 
13200	0	1	90 53 40 
13440	240	1	90 53 0 
13440	0	1	90 51 40 
13680	240	1	90 45 0 
13680	0	1	90 51 0 
13680	0	1	90 46 40 
13680	0	1	90 50 40 
13920	240	1	90 50 0 
13920	0	1	90 4e 40 
14160	240	1	90 4e 0 
14160	0	1	90 4c 40 
14400	240	1	90 46 0 
14400	0	1	90 4c 0 
14400	0	1	90 47 40 
14640	240	1	90 4c 40 
14880	240	1	90 4c 0 
14880	0	1	90 4b 40 
15120	240	1	90 4b 0 
15120	0	1	90 47 0 
15120	0	1	90 40 40 
15120	0	1	90 4c 40 
15360	240	1	90 4c 0 
15360	0	1	90 50 40 
15600	240	1	90 50 0 
15600	0	1	90 53 40 
15840	240	1	90 40 0 
15840	0	1	90 53 0 
15840	0	1	90 44 40 
15840	0	1	90 58 40 
16080	240	1	90 58 0 
16080	0	1	90 53 40 
16320	240	1	90 53 0 
16320	0	1	90 50 40 
16560	240	1	90 44 0 
16560	0	1	90 50 0 
16560	0	1	90 47 40 
16560	0	1	90 4c 40 
16800	240	1	90 4c 0 
16800	0	1	90 50 40 
17040	240	1	90 47 0 
17040	0	1	90 50 0 
17040	0	1	90 44 40 
17040	0	1	90 53 40 
17280	240	1	90 44 0 
17280	0	1	90 53 0 
17280	0	1	90 40 40 
17280	0	1	90 4c 40 
17280	0	1	90 47 40 
17280	0	1	90 50 40 
18000	720	1	90 40 0 
18000	0	1	90 3f 40 
18720	720	1	90 3f 0 
18720	0	1	90 4c 0 
18720	0	1	90 47 0 
18720	0	1	90 50 0 
18720	0	1	90 3d 40 
18720	0	1	90 4c 40 
18720	0	1	90 49 40 
18720	0	1	90 51 40 
19440	720	1	90 3d 0 
19440	0	1	90 4c 0 
19440	0	1	90 49 0 
19440	0	1	90 51 0 
19440	0	1	90 3f 40 
19440	0	1	90 4e 40 
19440	0	1	90 47 40 
19440	0	1	90 53 40 
20160	720	1	90 3f 0 
20160	0	1	90 3d 40 
20880	720	1	90 3d 0 
20880	0	1	90 4e 0 
20880	0	1	90 47 0 
20880	0	1	90 53 0 
20880	0	1	90 3f 40 
20880	0	1	90 4e 40 
20880	0	1	90 47 40 
20880	0	1	90 53 40 
21600	720	1	90 3f 0 
21600	0	1	90 4e 0 
21600	0	1	90 47 0 
21600	0	1	90 53 0 
21600	0	1	90 3d 40 
21600	0	1	90 4c 40 
21600	0	1	90 49 40 
21600	0	1	90 51 40 
22320	720	1	90 3d 0 
22320	0	1	90 3f 40 
23040	720	1	90 3f 0 
23040	0	1	90 4c 0 
23040	0	1	90 49 0 
23040	0	1	90 51 0 
23040	0	1	90 40 40 
23040	0	1	90 4c 40 
23040	0	1	90 47 40 
23040	0	1	90 50 40 
23760	720	1	90 40 0 
23760	0	1	90 4c 0 
23760	0	1	90 47 0 
23760	0	1	90 50 0 
23760	0	1	90 3f 40 
23760	0	1	90 4e 40 
24000	240	1	90 4e 0 
24000	0	1	90 47 40 
24240	240	1	90 47 0 
24240	0	1	90 49 40 
24480	240	1	90 3f 0 
24480	0	1	90 49 0 
24480	0	1	90 42 40 
24480	0	1	90 4b 40 
24720	240	1	90 4b 0 
24720	0	1	90 4e 40 
24960	240	1	90 4e 0 
24960	0	1	90 4c 40 
25200	240	1	90 42 0 
25200	0	1	90 4c 0 
25200	0	1	90 47 40 
25200	0	1	90 4e 40 
25440	240	1	90 4e 0 
25440	0	1	90 51 40 
25680	240	1	90 51 0 
25680	0	1	90 50 40 
25920	240	1	90 47 0 
25920	0	1	90 50 0 
25920	0	1	90 47 40 
25920	0	1	90 51 40 
26160	240	1	90 51 0 
26160	0	1	90 4e 40 
26400	240	1	90 4e 0 
26400	0	1	90 4b 40 
26640	240	1	90 47 0 
26640	0	1	90 4b 0 
26640	0	1	90 47 40 
26880	240	1	90 4b 40 
27120	240	1	90 4b 0 
27120	0	1	90 4e 40 
27360	240	1	90 4e 0 
27360	0	1	90 47 0 
27360	0	1	90 47 40 
27360	0	1	90 51 40 
27600	240	1	90 51 0 
27600	0	1	90 50 40 
27840	240	1	90 50 0 
27840	0	1	90 4e 40 
28080	240	1	90 47 0 
28080	0	1	90 4e 0 
28080	0	1	90 4c 40 
28080	0	1	90 40 40 
28080	0	1	90 47 40 
28080	0	1	90 50 40 
28800	720	1	90 40 0 
28800	0	1	90 3f 40 
29520	720	1	90 4c 0 
29520	0	1	90 3f 0 
29520	0	1	90 47 0 
29520	0	1	90 50 0 
29520	0	1	90 3d 40 
29520	0	1	90 4c 40 
29520	0	1	90 49 40 
29520	0	1	90 51 40 
30240	720	1	90 3d 0 
30240	0	1	90 4c 0 
30240	0	1	90 49 0 
30240	0	1	90 51 0 
30240	0	1	90 44 40 
30240	0	1	90 4c 40 
30240	0	1	90 47 40 
30240	0	1	90 53 40 
30960	720	1	90 44 0 
30960	0	1	90 3d 40 
31680	720	1	90 3d 0 
31680	0	1	90 4c 0 
31680	0	1	90 47 0 
31680	0	1	90 53 0 
31680	0	1	90 4c 40 
31680	0	1	90 49 40 
31680	0	1	90 50 40 
32400	720	1	90 4c 0 
32400	0	1	90 49 0 
32400	0	1	90 50 0 
32400	0	1	90 45 40 
32400	0	1	90 4e 40 
32880	480	1	90 4e 0 
32880	0	1	90 50 40 
33000	120	1	90 50 0 
33000	0	1	90 51 40 
33120	120	1	90 45 0 
33120	0	1	90 51 0 
33120	0	1	90 47 40 
33120	0	1	90 50 40 
33840	720	1	90 47 0 
33840	0	1	90 50 0 
33840	0	1	90 45 40 
33840	0	1	90 4e 40 
34560	720	1	90 45 0 
34560	0	1	90 4e 0 
34560	0	1	90 40 40 
34560	0	1	90 4c 40 
34800	240	1	90 4c 0 
34800	0	1	90 50 40 
35040	240	1	90 50 0 
35040	0	1	90 4e 40 
35280	240	1	90 40 0 
35280	0	1	90 4e 0 
35280	0	1	90 4c 40 
35280	0	1	90 50 40 
35520	240	1	90 50 0 
35520	0	1	90 53 40 
35760	240	1	90 53 0 
35760	0	1	90 51 40 
36000	240	1	90 4c 0 
36000	0	1	90 51 0 
36000	0	1	90 49 40 
36000	0	1	90 51 40 
36240	240	1	90 51 0 
36240	0	1	90 55 40 
36480	240	1	90 55 0 
36480	0	1	90 53 40 
36720	240	1	90 49 0 
36720	0	1	90 53 0 
36720	0	1	90 44 40 
36720	0	1	90 53 40 
36960	240	1	90 53 0 
36960	0	1	90 58 40 
37200	240	1	90 58 0 
37200	0	1	90 57 40 
37440	240	1	90 44 0 
37440	0	1	90 57 0 
37440	0	1	90 49 40 
37440	0	1	90 58 40 
37680	240	1	90 58 0 
37680	0	1	90 53 40 
37920	240	1	90 53 0 
37920	0	1	90 50 40 
38160	240	1	90 49 0 
38160	0	1	90 50 0 
38160	0	1	90 3d 40 
38160	0	1	90 4c 40 
38400	240	1	90 4c 0 
38400	0	1	90 4e 40 
38640	240	1	90 4e 0 
38640	0	1	90 50 40 
38880	240	1	90 3d 0 
38880	0	1	90 50 0 
38880	0	1	90 42 40 
38880	0	1	90 51 40 
39120	240	1	90 51 0 
39120	0	1	90 53 40 
39360	240	1	90 53 0 
39360	0	1	90 55 40 
39600	240	1	90 42 0 
39600	0	1	90 55 0 
39600	0	1	90 44 40 
39600	0	1	90 53 40 
39840	240	1	90 53 0 
39840	0	1	90 51 40 
40080	240	1	90 51 0 
40080	0	1	90 50 40 
40320	240	1	90 44 0 
40320	0	1	90 50 0 
40320	0	1	90 45 40 
40320	0	1	90 4e 40 
40560	240	1	90 4e 0 
40560	0	1	90 50 40 
40800	240	1	90 50 0 
40800	0	1	90 4c 40 
41040	240	1	90 45 0 
41040	0	1	90 4c 0 
41040	0	1	90 47 40 
41040	0	1	90 4b 40 
41280	240	1	90 4b 0 
41280	0	1	90 4c 40 
41520	240	1	90 4c 0 
41520	0	1	90 4e 40 
41760	240	1	90 47 0 
41760	0	1	90 4e 0 
41760	0	1	90 47 40 
42000	240	1	90 4b 40 
42240	240	1	90 4b 0 
42240	0	1	90 4e 40 
42480	240	1	90 4e 0 
42480	0	1	90 47 0 
42480	0	1	90 47 40 
42480	0	1	90 51 40 
42720	240	1	90 51 0 
42720	0	1	90 50 40 
42960	240	1	90 50 0 
42960	0	1	90 4e 40 
43200	240	1	90 47 0 
43200	0	1	90 4e 0 
43200	0	1	90 40 40 
43200	0	1	90 50 40 
43440	240	1	90 50 0 
43440	0	1	90 4c 40 
43680	240	1	90 4c 0 
43680	0	1	90 4e 40 
43920	240	1	90 40 0 
43920	0	1	90 4e 0 
43920	0	1	90 3d 40 
43920	0	1	90 50 40 
44160	240	1	90 50 0 
44160	0	1	90 53 40 
44400	240	1	90 53 0 
44400	0	1	90 51 40 
44640	240	1	90 3d 0 
44640	0	1	90 51 0 
44640	0	1	90 45 40 
44640	0	1	90 51 40 
44880	240	1	90 51 0 
44880	0	1	90 55 40 
45120	240	1	90 55 0 
45120	0	1	90 53 40 
45360	240	1	90 45 0 
45360	0	1	90 53 0 
45360	0	1	90 44 40 
45360	0	1	90 53 40 
45600	240	1	90 53 0 
45600	0	1	90 58 40 
45840	240	1	90 58 0 
45840	0	1	90 57 40 
46080	240	1	90 44 0 
46080	0	1	90 57 0 
46080	0	1	90 49 40 
46080	0	1	90 58 40 
46320	240	1	90 58 0 
46320	0	1	90 53 40 
46560	240	1	90 53 0 
46560	0	1	90 50 40 
46800	240	1	90 49 0 
46800	0	1	90 50 0 
46800	0	1	90 47 40 
46800	0	1	90 4c 40 
47040	240	1	90 4c 0 
47040	0	1	90 4e 40 
47280	240	1	90 4e 0 
47280	0	1	90 50 40 
47520	240	1	90 47 0 
47520	0	1	90 50 0 
47520	0	1	90 45 40 
47520	0	1	90 49 40 
47760	240	1	90 49 0 
47760	0	1	90 53 40 
48000	240	1	90 53 0 
48000	0	1	90 51 40 
48240	240	1	90 45 0 
48240	0	1	90 51 0 
48240	0	1	90 46 40 
48240	0	1	90 50 40 
48480	240	1	90 50 0 
48480	0	1	90 4e 40 
48720	240	1	90 4e 0 
48720	0	1	90 4c 40 
48960	240	1	90 46 0 
48960	0	1	90 4c 0 
48960	0	1	90 47 40 
49200	240	1	90 4c 40 
49440	240	1	90 4c 0 
49440	0	1	90 4b 40 
49680	240	1	90 4b 0 
49680	0	1	90 47 0 
49680	0	1	90 40 40 
49680	0	1	90 4c 40 
49920	240	1	90 4c 0 
49920	0	1	90 50 40 
50160	240	1	90 50 0 
50160	0	1	90 53 40 
50400	240	1	90 40 0 
50400	0	1	90 53 0 
50400	0	1	90 44 40 
50400	0	1	90 58 40 
50640	240	1	90 58 0 
50640	0	1	90 53 40 
50880	240	1	90 53 0 
50880	0	1	90 50 40 
51120	240	1	90 44 0 
51120	0	1	90 50 0 
51120	0	1	90 47 40 
51120	0	1	90 4c 40 
51360	240	1	90 4c 0 
51360	0	1	90 50 40 
51600	240	1	90 47 0 
51600	0	1	90 50 0 
51600	0	1	90 44 40 
51600	0	1	90 53 40 
51840	240	1	90 44 0 
51840	0	1	90 53 0 
51840	0	1	90 40 40 
51840	0	1	90 4c 40 
51840	0	1	90 47 40 
51840	0	1	90 50 40 
52560	720	1	90 40 0 
53280	720	1	90 4c 0 
53280	0	1	90 47 0 
53280	0	1	90 50 0 
53760	480	2	91 4a 2 
54144	384	2	91 4a 0 
55680	1536	32	ff 2f 0 
55680	0	31	ff 2f 0 
55680	0	30	ff 2f 0 
55680	0	29	ff 2f 0 
55680	0	28	ff 2f 0 
55680	0	27	ff 2f 0 
55680	0	26	ff 2f 0 
55680	0	25	ff 2f 0 
55680	0	24	ff 2f 0 
55680	0	23	ff 2f 0 
55680	0	22	ff 2f 0 
55680	0	21	ff 2f 0 
55680	0	20	ff 2f 0 
55680	0	19	ff 2f 0 
55680	0	18	ff 2f 0 
55680	0	17	ff 2f 0 
55680	0	16	ff 2f 0 
55680	0	15	ff 2f 0 
55680	0	14	ff 2f 0 
55680	0	13	ff 2f 0 
55680	0	12	ff 2f 0 
55680	0	11	ff 2f 0 
55680	0	10	ff 2f 0 
55680	0	9	ff 2f 0 
55680	0	8	ff 2f 0 
55680	0	7	ff 2f 0 
55680	0	6	ff 2f 0 
55680	0	5	ff 2f 0 
55680	0	4	ff 2f 0 
55680	0	3	ff 2f 0 
55680	0	2	ff 2f 0 
55680	0	1	ff 2f 0 
55680	0	0	ff 2f 0 
