TPQ: 120
TRACKS: 1
0	0	0	ff 3 13 4c 65 74 27 73 20 57 6f 72 6b 20 54 6f 67 65 74 68 65 72 
0	0	0	ff 2 23 43 6f 70 79 72 69 67 68 74 20 a9 20 32 30 30 30 20 62 79 20 43 65 64 72 69 63 20 53 61 68 65 74 61 70 79 
0	0	0	ff 1 10 43 65 64 72 69 63 20 53 61 68 65 74 61 70 79 a 
0	0	0	ff 58 4 4 2 18 8 
0	0	0	ff 59 2 0 0 
0	0	0	ff 51 3 7 c2 3b 
0	0	0	c0 41 
0	0	0	b0 7 78 
0	0	0	c0 41 
0	0	0	c1 12 
0	0	0	b1 7 64 
0	0	0	c2 0 
0	0	0	b2 7 64 
0	0	0	c3 23 
0	0	0	b3 7 6e 
0	0	0	c4 19 
0	0	0	b4 7 64 
0	0	0	c5 1a 
0	0	0	b5 7 64 
0	0	0	c6 18 
0	0	0	b6 7 64 
0	0	0	c7 26 
0	0	0	b7 7 50 
0	0	0	c8 41 
0	0	0	c9 11 
0	0	0	b9 7 78 
480	480	0	96 3b 60 
480	0	0	96 37 63 
480	0	0	96 32 63 
540	60	0	96 32 0 
540	0	0	96 37 0 
540	0	0	96 3b 0 
540	0	0	96 37 50 
600	60	0	96 37 0 
600	0	0	96 3b 63 
600	0	0	96 34 63 
660	60	0	96 34 0 
660	0	0	96 3b 0 
660	0	0	96 37 50 
720	60	0	96 37 0 
720	0	0	96 3b 63 
720	0	0	96 32 63 
720	0	0	96 35 63 
780	60	0	96 35 0 
780	0	0	96 32 0 
780	0	0	96 3b 0 
780	0	0	96 37 50 
840	60	0	96 37 0 
840	0	0	96 34 63 
840	0	0	96 37 63 
840	0	0	96 3b 63 
900	60	0	96 3b 0 
900	0	0	96 37 0 
900	0	0	96 34 0 
900	0	0	96 37 50 
960	60	0	96 37 0 
960	0	0	96 3b 60 
960	0	0	96 37 63 
960	0	0	96 32 63 
1020	60	0	96 32 0 
1020	0	0	96 37 0 
1020	0	0	96 3b 0 
1020	0	0	96 37 50 
1080	60	0	96 37 0 
1080	0	0	96 3b 63 
1080	0	0	96 34 63 
1140	60	0	96 34 0 
1140	0	0	96 3b 0 
1140	0	0	96 37 50 
1200	60	0	96 37 0 
1200	0	0	96 3b 63 
1200	0	0	96 32 63 
1200	0	0	96 35 63 
1260	60	0	96 35 0 
1260	0	0	96 32 0 
1260	0	0	96 3b 0 
1260	0	0	96 37 50 
1320	60	0	96 37 0 
1320	0	0	96 34 63 
1320	0	0	96 37 63 
1320	0	0	96 3b 63 
1380	60	0	96 3b 0 
1380	0	0	96 37 0 
1380	0	0	96 34 0 
1380	0	0	96 37 50 
1440	60	0	96 37 0 
1440	0	0	94 37 64 
1440	0	0	94 32 64 
1440	0	0	94 3b 64 
1440	0	0	96 3b 60 
1440	0	0	96 37 63 
1440	0	0	96 32 63 
1500	60	0	96 32 0 
1500	0	0	94 32 0 
1500	0	0	94 3b 0 
1500	0	0	94 37 0 
1500	0	0	96 37 0 
1500	0	0	96 3b 0 
1500	0	0	94 2b 50 
1500	0	0	96 37 50 
1560	60	0	96 37 0 
1560	0	0	94 2b 0 
1560	0	0	94 37 64 
1560	0	0	94 34 64 
1560	0	0	94 3b 64 
1560	0	0	96 3b 63 
1560	0	0	96 34 63 
1620	60	0	96 34 0 
1620	0	0	94 3b 0 
1620	0	0	94 37 0 
1620	0	0	94 34 0 
1620	0	0	96 3b 0 
1620	0	0	94 2b 50 
1620	0	0	96 37 50 
1680	60	0	96 37 0 
1680	0	0	94 2b 0 
1680	0	0	94 3b 64 
1680	0	0	94 35 64 
1680	0	0	94 32 64 
1680	0	0	96 3b 63 
1680	0	0	96 32 63 
1680	0	0	96 35 63 
1740	60	0	96 35 0 
1740	0	0	94 35 0 
1740	0	0	94 32 0 
1740	0	0	94 3b 0 
1740	0	0	96 32 0 
1740	0	0	96 3b 0 
1740	0	0	94 2b 50 
1740	0	0	96 37 50 
1800	60	0	96 37 0 
1800	0	0	94 2b 0 
1800	0	0	94 34 64 
1800	0	0	94 3b 64 
1800	0	0	94 37 64 
1800	0	0	96 34 63 
1800	0	0	96 37 63 
1800	0	0	96 3b 63 
1860	60	0	96 3b 0 
1860	0	0	94 3b 0 
1860	0	0	94 37 0 
1860	0	0	94 34 0 
1860	0	0	96 37 0 
1860	0	0	96 34 0 
1860	0	0	94 2b 50 
1860	0	0	96 37 50 
1920	60	0	96 37 0 
1920	0	0	94 2b 0 
1920	0	0	94 37 64 
1920	0	0	94 32 64 
1920	0	0	94 3b 64 
1920	0	0	96 3b 60 
1920	0	0	96 37 63 
1920	0	0	96 32 63 
1980	60	0	96 32 0 
1980	0	0	94 32 0 
1980	0	0	94 3b 0 
1980	0	0	94 37 0 
1980	0	0	96 37 0 
1980	0	0	96 3b 0 
1980	0	0	94 2b 50 
1980	0	0	96 37 50 
2040	60	0	96 37 0 
2040	0	0	94 2b 0 
2040	0	0	94 37 64 
2040	0	0	94 34 64 
2040	0	0	94 3b 64 
2040	0	0	96 3b 63 
2040	0	0	96 34 63 
2100	60	0	96 34 0 
2100	0	0	94 3b 0 
2100	0	0	94 37 0 
2100	0	0	94 34 0 
2100	0	0	96 3b 0 
2100	0	0	94 2b 50 
2100	0	0	96 37 50 
2160	60	0	96 37 0 
2160	0	0	94 2b 0 
2160	0	0	94 3b 64 
2160	0	0	94 35 64 
2160	0	0	94 32 64 
2160	0	0	96 3b 63 
2160	0	0	96 32 63 
2160	0	0	96 35 63 
2220	60	0	96 35 0 
2220	0	0	94 35 0 
2220	0	0	94 32 0 
2220	0	0	94 3b 0 
2220	0	0	96 32 0 
2220	0	0	96 3b 0 
2220	0	0	94 2b 50 
2220	0	0	96 37 50 
2280	60	0	96 37 0 
2280	0	0	94 2b 0 
2280	0	0	94 34 64 
2280	0	0	94 3b 64 
2280	0	0	94 37 64 
2280	0	0	96 34 63 
2280	0	0	96 37 63 
2280	0	0	96 3b 63 
2340	60	0	96 3b 0 
2340	0	0	94 3b 0 
2340	0	0	94 37 0 
2340	0	0	94 34 0 
2340	0	0	96 37 0 
2340	0	0	96 34 0 
2340	0	0	90 3e 6f 
2340	0	0	90 32 6f 
2340	0	0	94 2b 50 
2340	0	0	96 37 50 
2400	60	0	96 37 0 
2400	0	0	90 3e 0 
2400	0	0	90 32 0 
2400	0	0	94 2b 0 
2400	0	0	90 3e 7b 
2400	0	0	90 32 7b 
2400	0	0	91 47 50 
2400	0	0	91 4a 50 
2400	0	0	91 43 50 
2400	0	0	91 3e 50 
2400	0	0	92 3b 64 
2400	0	0	92 37 64 
2400	0	0	92 3e 64 
2400	0	0	93 1f 6f 
2400	0	0	94 37 64 
2400	0	0	94 32 64 
2400	0	0	94 3b 64 
2400	0	0	96 3b 60 
2400	0	0	96 37 63 
2400	0	0	96 32 63 
2400	0	0	99 24 78 
2400	0	0	99 26 6e 
2400	0	0	99 31 64 
2455	55	0	93 1f 0 
2460	5	0	96 32 0 
2460	0	0	90 3e 0 
2460	0	0	92 3b 0 
2460	0	0	99 31 0 
2460	0	0	94 3b 0 
2460	0	0	99 26 0 
2460	0	0	90 32 0 
2460	0	0	94 37 0 
2460	0	0	92 37 0 
2460	0	0	99 24 0 
2460	0	0	92 3e 0 
2460	0	0	96 37 0 
2460	0	0	96 3b 0 
2460	0	0	94 32 0 
2460	0	0	90 3c 71 
2460	0	0	90 30 71 
2460	0	0	92 2b 5a 
2460	0	0	92 37 5a 
2460	0	0	93 1f 6f 
2460	0	0	94 2b 50 
2460	0	0	96 37 50 
2460	0	0	99 2a 64 
2515	55	0	93 1f 0 
2520	5	0	96 37 0 
2520	0	0	92 37 0 
2520	0	0	92 2b 0 
2520	0	0	94 2b 0 
2520	0	0	99 2a 0 
2520	0	0	90 3c 0 
2520	0	0	90 30 0 
2520	0	0	90 3a 7d 
2520	0	0	90 2e 7d 
2520	0	0	92 40 64 
2520	0	0	92 37 64 
2520	0	0	92 3b 64 
2520	0	0	93 1f 6f 
2520	0	0	94 37 64 
2520	0	0	94 34 64 
2520	0	0	94 3b 64 
2520	0	0	96 3b 63 
2520	0	0	96 34 63 
2520	0	0	99 2a 64 
2520	0	0	99 26 78 
2575	55	0	93 1f 0 
2580	5	0	92 40 0 
2580	0	0	99 26 0 
2580	0	0	94 3b 0 
2580	0	0	90 3a 0 
2580	0	0	90 2e 0 
2580	0	0	99 2a 0 
2580	0	0	92 37 0 
2580	0	0	94 37 0 
2580	0	0	92 3b 0 
2580	0	0	96 34 0 
2580	0	0	96 3b 0 
2580	0	0	94 34 0 
2580	0	0	90 37 7b 
2580	0	0	90 2b 7b 
2580	0	0	92 2b 5a 
2580	0	0	92 37 5a 
2580	0	0	93 1f 6f 
2580	0	0	94 2b 50 
2580	0	0	96 37 50 
2580	0	0	99 2a 64 
2635	55	0	93 1f 0 
2640	5	0	96 37 0 
2640	0	0	92 37 0 
2640	0	0	92 2b 0 
2640	0	0	94 2b 0 
2640	0	0	99 2a 0 
2640	0	0	90 37 0 
2640	0	0	90 2b 0 
2640	0	0	92 41 64 
2640	0	0	92 3b 64 
2640	0	0	92 37 64 
2640	0	0	92 3e 64 
2640	0	0	93 1f 6f 
2640	0	0	94 3b 64 
2640	0	0	94 35 64 
2640	0	0	94 32 64 
2640	0	0	96 3b 63 
2640	0	0	96 32 63 
2640	0	0	96 35 63 
2640	0	0	99 2a 64 
2640	0	0	99 24 78 
2695	55	0	93 1f 0 
2700	5	0	92 37 0 
2700	0	0	99 24 0 
2700	0	0	96 3b 0 
2700	0	0	92 41 0 
2700	0	0	92 3b 0 
2700	0	0	99 2a 0 
2700	0	0	92 3e 0 
2700	0	0	94 35 0 
2700	0	0	94 3b 0 
2700	0	0	96 35 0 
2700	0	0	96 32 0 
2700	0	0	94 32 0 
2700	0	0	92 2b 5a 
2700	0	0	92 37 5a 
2700	0	0	93 1f 6f 
2700	0	0	94 2b 50 
2700	0	0	96 37 50 
2700	0	0	99 2a 64 
2755	55	0	93 1f 0 
2760	5	0	99 2a 0 
2760	0	0	94 2b 0 
2760	0	0	96 37 0 
2760	0	0	92 2b 0 
2760	0	0	92 37 0 
2760	0	0	92 40 64 
2760	0	0	92 3b 64 
2760	0	0	92 37 64 
2760	0	0	93 1f 6f 
2760	0	0	94 34 64 
2760	0	0	94 3b 64 
2760	0	0	94 37 64 
2760	0	0	96 34 63 
2760	0	0	96 37 63 
2760	0	0	96 3b 63 
2760	0	0	99 2a 64 
2760	0	0	99 28 78 
2760	0	0	99 26 78 
2815	55	0	93 1f 0 
2820	5	0	92 37 0 
2820	0	0	99 26 0 
2820	0	0	96 37 0 
2820	0	0	92 40 0 
2820	0	0	92 3b 0 
2820	0	0	99 28 0 
2820	0	0	94 34 0 
2820	0	0	94 37 0 
2820	0	0	94 3b 0 
2820	0	0	99 2a 0 
2820	0	0	96 3b 0 
2820	0	0	96 34 0 
2820	0	0	90 3e 6f 
2820	0	0	90 32 6f 
2820	0	0	92 2b 5a 
2820	0	0	92 37 5a 
2820	0	0	93 1f 6f 
2820	0	0	94 2b 50 
2820	0	0	96 37 50 
2820	0	0	99 2a 64 
2875	55	0	93 1f 0 
2880	5	0	91 3e 0 
2880	0	0	92 37 0 
2880	0	0	91 43 0 
2880	0	0	91 47 0 
2880	0	0	91 4a 0 
2880	0	0	90 3e 0 
2880	0	0	90 32 0 
2880	0	0	94 2b 0 
2880	0	0	92 2b 0 
2880	0	0	99 2a 0 
2880	0	0	96 37 0 
2880	0	0	90 3e 7b 
2880	0	0	90 32 7b 
2880	0	0	91 47 50 
2880	0	0	91 4a 50 
2880	0	0	91 43 50 
2880	0	0	91 3e 50 
2880	0	0	92 3b 64 
2880	0	0	92 37 64 
2880	0	0	92 3e 64 
2880	0	0	93 1f 6f 
2880	0	0	94 37 64 
2880	0	0	94 32 64 
2880	0	0	94 3b 64 
2880	0	0	96 3b 60 
2880	0	0	96 37 63 
2880	0	0	96 32 63 
2880	0	0	99 2a 64 
2880	0	0	99 24 78 
2935	55	0	93 1f 0 
2940	5	0	90 3e 0 
2940	0	0	92 3b 0 
2940	0	0	99 24 0 
2940	0	0	94 3b 0 
2940	0	0	99 2a 0 
2940	0	0	90 32 0 
2940	0	0	94 37 0 
2940	0	0	92 37 0 
2940	0	0	96 32 0 
2940	0	0	92 3e 0 
2940	0	0	96 37 0 
2940	0	0	96 3b 0 
2940	0	0	94 32 0 
2940	0	0	90 3c 71 
2940	0	0	90 30 71 
2940	0	0	92 37 5a 
2940	0	0	92 2b 5a 
2940	0	0	93 1f 6f 
2940	0	0	94 2b 50 
2940	0	0	96 37 50 
2940	0	0	99 2a 64 
2995	55	0	93 1f 0 
3000	5	0	96 37 0 
3000	0	0	92 2b 0 
3000	0	0	92 37 0 
3000	0	0	94 2b 0 
3000	0	0	99 2a 0 
3000	0	0	90 3c 0 
3000	0	0	90 30 0 
3000	0	0	90 3a 7d 
3000	0	0	90 2e 7d 
3000	0	0	92 40 64 
3000	0	0	92 37 64 
3000	0	0	92 3b 64 
3000	0	0	93 1f 6f 
3000	0	0	94 37 64 
3000	0	0	94 34 64 
3000	0	0	94 3b 64 
3000	0	0	96 3b 63 
3000	0	0	96 34 63 
3000	0	0	99 2a 64 
3000	0	0	99 26 78 
3055	55	0	93 1f 0 
3060	5	0	92 40 0 
3060	0	0	99 26 0 
3060	0	0	94 3b 0 
3060	0	0	90 3a 0 
3060	0	0	90 2e 0 
3060	0	0	99 2a 0 
3060	0	0	92 37 0 
3060	0	0	94 37 0 
3060	0	0	92 3b 0 
3060	0	0	96 34 0 
3060	0	0	96 3b 0 
3060	0	0	94 34 0 
3060	0	0	90 37 7b 
3060	0	0	90 2b 7b 
3060	0	0	92 2b 5a 
3060	0	0	92 37 5a 
3060	0	0	93 1f 6f 
3060	0	0	94 2b 50 
3060	0	0	96 37 50 
3060	0	0	99 2a 64 
3115	55	0	93 1f 0 
3120	5	0	96 37 0 
3120	0	0	92 37 0 
3120	0	0	92 2b 0 
3120	0	0	94 2b 0 
3120	0	0	99 2a 0 
3120	0	0	90 37 0 
3120	0	0	90 2b 0 
3120	0	0	92 41 64 
3120	0	0	92 3b 64 
3120	0	0	92 37 64 
3120	0	0	92 3e 64 
3120	0	0	93 1f 6f 
3120	0	0	94 3b 64 
3120	0	0	94 35 64 
3120	0	0	94 32 64 
3120	0	0	96 3b 63 
3120	0	0	96 32 63 
3120	0	0	96 35 63 
3120	0	0	99 2a 64 
3120	0	0	99 24 78 
3175	55	0	93 1f 0 
3180	5	0	92 37 0 
3180	0	0	99 24 0 
3180	0	0	96 3b 0 
3180	0	0	92 41 0 
3180	0	0	92 3b 0 
3180	0	0	99 2a 0 
3180	0	0	92 3e 0 
3180	0	0	94 35 0 
3180	0	0	94 3b 0 
3180	0	0	96 35 0 
3180	0	0	96 32 0 
3180	0	0	94 32 0 
3180	0	0	92 2b 5a 
3180	0	0	92 37 5a 
3180	0	0	93 1f 6f 
3180	0	0	94 2b 50 
3180	0	0	96 37 50 
3180	0	0	99 2a 64 
3235	55	0	93 1f 0 
3240	5	0	99 2a 0 
3240	0	0	94 2b 0 
3240	0	0	96 37 0 
3240	0	0	92 2b 0 
3240	0	0	92 37 0 
3240	0	0	92 40 64 
3240	0	0	92 3b 64 
3240	0	0	92 37 64 
3240	0	0	93 1f 6f 
3240	0	0	94 34 64 
3240	0	0	94 3b 64 
3240	0	0	94 37 64 
3240	0	0	96 34 63 
3240	0	0	96 37 63 
3240	0	0	96 3b 63 
3240	0	0	99 2a 64 
3240	0	0	99 28 78 
3240	0	0	99 26 78 
3295	55	0	93 1f 0 
3300	5	0	92 37 0 
3300	0	0	99 26 0 
3300	0	0	96 37 0 
3300	0	0	92 40 0 
3300	0	0	92 3b 0 
3300	0	0	99 28 0 
3300	0	0	94 34 0 
3300	0	0	94 37 0 
3300	0	0	94 3b 0 
3300	0	0	99 2a 0 
3300	0	0	96 3b 0 
3300	0	0	96 34 0 
3300	0	0	92 2b 5a 
3300	0	0	92 37 5a 
3300	0	0	93 1f 6f 
3300	0	0	94 2b 50 
3300	0	0	96 37 50 
3300	0	0	99 2e 64 
3355	55	0	93 1f 0 
3360	5	0	91 43 0 
3360	0	0	91 47 0 
3360	0	0	91 4a 0 
3360	0	0	92 2b 0 
3360	0	0	91 3e 0 
3360	0	0	96 37 0 
3360	0	0	94 2b 0 
3360	0	0	92 37 0 
3360	0	0	99 2e 0 
3360	0	0	91 47 50 
3360	0	0	91 4a 50 
3360	0	0	91 43 50 
3360	0	0	91 3e 50 
3360	0	0	92 3b 64 
3360	0	0	92 37 64 
3360	0	0	92 3e 64 
3360	0	0	93 1f 6f 
3360	0	0	94 37 64 
3360	0	0	94 32 64 
3360	0	0	94 3b 64 
3360	0	0	96 3b 60 
3360	0	0	96 37 63 
3360	0	0	96 32 63 
3360	0	0	99 2a 64 
3360	0	0	99 24 78 
3415	55	0	93 1f 0 
3420	5	0	99 24 0 
3420	0	0	96 37 0 
3420	0	0	92 3b 0 
3420	0	0	92 37 0 
3420	0	0	94 3b 0 
3420	0	0	94 37 0 
3420	0	0	92 3e 0 
3420	0	0	94 32 0 
3420	0	0	99 2a 0 
3420	0	0	96 32 0 
3420	0	0	96 3b 0 
3420	0	0	90 3e 6f 
3420	0	0	90 32 6f 
3420	0	0	92 2b 5a 
3420	0	0	92 37 5a 
3420	0	0	93 1f 6f 
3420	0	0	94 2b 50 
3420	0	0	96 37 50 
3420	0	0	99 2a 64 
3475	55	0	93 1f 0 
3480	5	0	96 37 0 
3480	0	0	92 37 0 
3480	0	0	92 2b 0 
3480	0	0	94 2b 0 
3480	0	0	99 2a 0 
3480	0	0	90 3e 0 
3480	0	0	90 32 0 
3480	0	0	90 3c 67 
3480	0	0	90 30 67 
3480	0	0	92 40 64 
3480	0	0	92 37 64 
3480	0	0	92 3b 64 
3480	0	0	93 1f 6f 
3480	0	0	94 37 64 
3480	0	0	94 34 64 
3480	0	0	94 3b 64 
3480	0	0	96 3b 63 
3480	0	0	96 34 63 
3480	0	0	99 2a 64 
3480	0	0	99 26 78 
3535	55	0	93 1f 0 
3540	5	0	92 40 0 
3540	0	0	99 26 0 
3540	0	0	94 3b 0 
3540	0	0	90 3c 0 
3540	0	0	90 30 0 
3540	0	0	99 2a 0 
3540	0	0	92 37 0 
3540	0	0	94 37 0 
3540	0	0	92 3b 0 
3540	0	0	96 34 0 
3540	0	0	96 3b 0 
3540	0	0	94 34 0 
3540	0	0	90 3a 7d 
3540	0	0	90 2e 7d 
3540	0	0	92 2b 5a 
3540	0	0	92 37 5a 
3540	0	0	93 1f 6f 
3540	0	0	94 2b 50 
3540	0	0	96 37 50 
3540	0	0	99 2a 64 
3595	55	0	93 1f 0 
3600	5	0	96 37 0 
3600	0	0	92 37 0 
3600	0	0	92 2b 0 
3600	0	0	94 2b 0 
3600	0	0	99 2a 0 
3600	0	0	90 3a 0 
3600	0	0	90 2e 0 
3600	0	0	90 37 78 
3600	0	0	90 2b 78 
3600	0	0	92 41 64 
3600	0	0	92 3b 64 
3600	0	0	92 37 64 
3600	0	0	92 3e 64 
3600	0	0	93 1f 6f 
3600	0	0	94 3b 64 
3600	0	0	94 35 64 
3600	0	0	94 32 64 
3600	0	0	96 3b 63 
3600	0	0	96 32 63 
3600	0	0	96 35 63 
3600	0	0	99 2a 64 
3600	0	0	99 24 78 
3655	55	0	93 1f 0 
3660	5	0	96 32 0 
3660	0	0	99 24 0 
3660	0	0	99 2a 0 
3660	0	0	92 3e 0 
3660	0	0	94 35 0 
3660	0	0	90 37 0 
3660	0	0	90 2b 0 
3660	0	0	92 41 0 
3660	0	0	92 3b 0 
3660	0	0	96 35 0 
3660	0	0	92 37 0 
3660	0	0	96 3b 0 
3660	0	0	94 32 0 
3660	0	0	94 3b 0 
3660	0	0	90 37 7e 
3660	0	0	90 2b 7e 
3660	0	0	92 2b 5a 
3660	0	0	92 37 5a 
3660	0	0	93 1f 6f 
3660	0	0	94 2b 50 
3660	0	0	96 37 50 
3660	0	0	99 2a 64 
3715	55	0	93 1f 0 
3720	5	0	96 37 0 
3720	0	0	92 37 0 
3720	0	0	92 2b 0 
3720	0	0	94 2b 0 
3720	0	0	99 2a 0 
3720	0	0	90 37 0 
3720	0	0	90 2b 0 
3720	0	0	90 37 71 
3720	0	0	90 2b 71 
3720	0	0	92 40 64 
3720	0	0	92 3b 64 
3720	0	0	92 37 64 
3720	0	0	93 1f 6f 
3720	0	0	94 34 64 
3720	0	0	94 3b 64 
3720	0	0	94 37 64 
3720	0	0	96 34 63 
3720	0	0	96 37 63 
3720	0	0	96 3b 63 
3720	0	0	99 2a 64 
3720	0	0	99 28 78 
3720	0	0	99 26 78 
3775	55	0	93 1f 0 
3780	5	0	96 3b 0 
3780	0	0	99 26 0 
3780	0	0	99 28 0 
3780	0	0	94 34 0 
3780	0	0	94 37 0 
3780	0	0	90 37 0 
3780	0	0	90 2b 0 
3780	0	0	92 40 0 
3780	0	0	92 3b 0 
3780	0	0	99 2a 0 
3780	0	0	92 37 0 
3780	0	0	96 37 0 
3780	0	0	96 34 0 
3780	0	0	94 3b 0 
3780	0	0	90 3a 7f 
3780	0	0	90 2e 7f 
3780	0	0	92 2b 5a 
3780	0	0	92 37 5a 
3780	0	0	93 1f 6f 
3780	0	0	94 2b 50 
3780	0	0	96 37 50 
3780	0	0	99 2a 64 
3835	55	0	93 1f 0 
3840	5	0	91 47 0 
3840	0	0	92 37 0 
3840	0	0	91 3e 0 
3840	0	0	91 43 0 
3840	0	0	91 4a 0 
3840	0	0	90 3a 0 
3840	0	0	90 2e 0 
3840	0	0	94 2b 0 
3840	0	0	92 2b 0 
3840	0	0	99 2a 0 
3840	0	0	96 37 0 
3840	0	0	91 47 50 
3840	0	0	91 4a 50 
3840	0	0	91 43 50 
3840	0	0	91 3e 50 
3840	0	0	92 3b 64 
3840	0	0	92 37 64 
3840	0	0	92 3e 64 
3840	0	0	93 1f 6f 
3840	0	0	94 37 64 
3840	0	0	94 32 64 
3840	0	0	94 3b 64 
3840	0	0	96 3b 60 
3840	0	0	96 37 63 
3840	0	0	96 32 63 
3840	0	0	99 2a 64 
3840	0	0	99 24 78 
3895	55	0	93 1f 0 
3900	5	0	99 24 0 
3900	0	0	96 37 0 
3900	0	0	92 3b 0 
3900	0	0	92 37 0 
3900	0	0	94 3b 0 
3900	0	0	94 37 0 
3900	0	0	92 3e 0 
3900	0	0	94 32 0 
3900	0	0	99 2a 0 
3900	0	0	96 32 0 
3900	0	0	96 3b 0 
3900	0	0	90 3e 71 
3900	0	0	90 32 71 
3900	0	0	92 2b 5a 
3900	0	0	92 37 5a 
3900	0	0	93 1f 6f 
3900	0	0	94 2b 50 
3900	0	0	96 37 50 
3900	0	0	99 2a 64 
3955	55	0	93 1f 0 
3960	5	0	96 37 0 
3960	0	0	92 37 0 
3960	0	0	92 2b 0 
3960	0	0	94 2b 0 
3960	0	0	99 2a 0 
3960	0	0	90 3e 0 
3960	0	0	90 32 0 
3960	0	0	90 3c 6a 
3960	0	0	90 30 6a 
3960	0	0	92 40 64 
3960	0	0	92 37 64 
3960	0	0	92 3b 64 
3960	0	0	93 1f 6f 
3960	0	0	94 37 64 
3960	0	0	94 34 64 
3960	0	0	94 3b 64 
3960	0	0	96 3b 63 
3960	0	0	96 34 63 
3960	0	0	99 2a 64 
3960	0	0	99 26 78 
4015	55	0	93 1f 0 
4020	5	0	92 40 0 
4020	0	0	99 26 0 
4020	0	0	94 3b 0 
4020	0	0	90 3c 0 
4020	0	0	90 30 0 
4020	0	0	99 2a 0 
4020	0	0	92 37 0 
4020	0	0	94 37 0 
4020	0	0	92 3b 0 
4020	0	0	96 34 0 
4020	0	0	96 3b 0 
4020	0	0	94 34 0 
4020	0	0	90 3a 68 
4020	0	0	90 2e 68 
4020	0	0	92 2b 5a 
4020	0	0	92 37 5a 
4020	0	0	93 1f 6f 
4020	0	0	94 2b 50 
4020	0	0	96 37 50 
4020	0	0	99 2a 64 
4075	55	0	93 1f 0 
4080	5	0	96 37 0 
4080	0	0	92 37 0 
4080	0	0	92 2b 0 
4080	0	0	94 2b 0 
4080	0	0	99 2a 0 
4080	0	0	90 3a 0 
4080	0	0	90 2e 0 
4080	0	0	90 37 6a 
4080	0	0	90 2b 6a 
4080	0	0	92 41 64 
4080	0	0	92 3b 64 
4080	0	0	92 37 64 
4080	0	0	92 3e 64 
4080	0	0	93 1f 6f 
4080	0	0	94 3b 64 
4080	0	0	94 35 64 
4080	0	0	94 32 64 
4080	0	0	96 3b 63 
4080	0	0	96 32 63 
4080	0	0	96 35 63 
4080	0	0	99 2a 64 
4080	0	0	99 24 78 
4135	55	0	93 1f 0 
4140	5	0	96 32 0 
4140	0	0	99 24 0 
4140	0	0	99 2a 0 
4140	0	0	92 3e 0 
4140	0	0	94 35 0 
4140	0	0	90 37 0 
4140	0	0	90 2b 0 
4140	0	0	92 41 0 
4140	0	0	92 3b 0 
4140	0	0	96 35 0 
4140	0	0	92 37 0 
4140	0	0	96 3b 0 
4140	0	0	94 32 0 
4140	0	0	94 3b 0 
4140	0	0	90 3a 7d 
4140	0	0	90 2e 7d 
4140	0	0	92 2b 5a 
4140	0	0	92 37 5a 
4140	0	0	93 1f 6f 
4140	0	0	94 2b 50 
4140	0	0	96 37 50 
4140	0	0	99 2a 64 
4140	0	0	99 24 7e 
4170	30	0	99 24 0 
4195	25	0	93 1f 0 
4200	5	0	96 37 0 
4200	0	0	92 37 0 
4200	0	0	92 2b 0 
4200	0	0	94 2b 0 
4200	0	0	90 2e 0 
4200	0	0	90 3a 0 
4200	0	0	99 2a 0 
4200	0	0	90 3a 7f 
4200	0	0	90 2e 7f 
4200	0	0	92 40 64 
4200	0	0	92 3b 64 
4200	0	0	92 37 64 
4200	0	0	93 1f 6f 
4200	0	0	94 34 64 
4200	0	0	94 3b 64 
4200	0	0	94 37 64 
4200	0	0	96 34 63 
4200	0	0	96 37 63 
4200	0	0	96 3b 63 
4200	0	0	99 2a 64 
4200	0	0	99 26 7b 
4230	30	0	99 26 0 
4255	25	0	93 1f 0 
4260	5	0	99 2a 0 
4260	0	0	94 34 0 
4260	0	0	94 37 0 
4260	0	0	90 3a 0 
4260	0	0	90 2e 0 
4260	0	0	92 40 0 
4260	0	0	92 3b 0 
4260	0	0	96 3b 0 
4260	0	0	92 37 0 
4260	0	0	96 37 0 
4260	0	0	96 34 0 
4260	0	0	94 3b 0 
4260	0	0	90 37 6f 
4260	0	0	90 2b 6f 
4260	0	0	92 2b 5a 
4260	0	0	92 37 5a 
4260	0	0	93 1f 6f 
4260	0	0	94 2b 50 
4260	0	0	96 37 50 
4260	0	0	99 26 7f 
4260	0	0	99 2e 7f 
4290	30	0	99 2e 0 
4290	0	0	99 26 0 
4315	25	0	93 1f 0 
4320	5	0	92 37 0 
4320	0	0	91 3e 0 
4320	0	0	91 43 0 
4320	0	0	91 4a 0 
4320	0	0	90 37 0 
4320	0	0	90 2b 0 
4320	0	0	94 2b 0 
4320	0	0	92 2b 0 
4320	0	0	91 47 0 
4320	0	0	96 37 0 
4320	0	0	90 3a 7d 
4320	0	0	90 2e 7d 
4320	0	0	91 4c 50 
4320	0	0	91 4f 50 
4320	0	0	91 48 50 
4320	0	0	91 43 50 
4320	0	0	92 40 64 
4320	0	0	92 3c 64 
4320	0	0	92 43 64 
4320	0	0	93 24 6f 
4320	0	0	94 3c 64 
4320	0	0	94 37 64 
4320	0	0	94 40 64 
4320	0	0	96 40 60 
4320	0	0	96 3c 63 
4320	0	0	96 37 63 
4320	0	0	99 2a 64 
4320	0	0	99 24 78 
4375	55	0	93 24 0 
4380	5	0	90 3a 0 
4380	0	0	92 40 0 
4380	0	0	99 24 0 
4380	0	0	94 40 0 
4380	0	0	99 2a 0 
4380	0	0	90 2e 0 
4380	0	0	94 3c 0 
4380	0	0	92 3c 0 
4380	0	0	96 37 0 
4380	0	0	92 43 0 
4380	0	0	96 3c 0 
4380	0	0	96 40 0 
4380	0	0	94 37 0 
4380	0	0	90 3a 7f 
4380	0	0	90 2e 7f 
4380	0	0	92 30 5a 
4380	0	0	92 3c 5a 
4380	0	0	93 24 6f 
4380	0	0	94 30 50 
4380	0	0	96 3c 50 
4380	0	0	99 2a 64 
4435	55	0	93 24 0 
4440	5	0	96 3c 0 
4440	0	0	92 3c 0 
4440	0	0	92 30 0 
4440	0	0	94 30 0 
4440	0	0	99 2a 0 
4440	0	0	90 3a 0 
4440	0	0	90 2e 0 
4440	0	0	92 45 64 
4440	0	0	92 3c 64 
4440	0	0	92 40 64 
4440	0	0	93 24 6f 
4440	0	0	94 3c 64 
4440	0	0	94 39 64 
4440	0	0	94 40 64 
4440	0	0	96 40 63 
4440	0	0	96 39 63 
4440	0	0	99 2a 64 
4440	0	0	99 26 78 
4495	55	0	93 24 0 
4500	5	0	96 39 0 
4500	0	0	92 45 0 
4500	0	0	92 3c 0 
4500	0	0	94 40 0 
4500	0	0	94 3c 0 
4500	0	0	92 40 0 
4500	0	0	94 39 0 
4500	0	0	99 26 0 
4500	0	0	99 2a 0 
4500	0	0	96 40 0 
4500	0	0	92 30 5a 
4500	0	0	92 3c 5a 
4500	0	0	93 24 6f 
4500	0	0	94 30 50 
4500	0	0	96 3c 50 
4500	0	0	99 2a 64 
4555	55	0	93 24 0 
4560	5	0	99 2a 0 
4560	0	0	94 30 0 
4560	0	0	96 3c 0 
4560	0	0	92 30 0 
4560	0	0	92 3c 0 
4560	0	0	92 46 64 
4560	0	0	92 40 64 
4560	0	0	92 3c 64 
4560	0	0	92 43 64 
4560	0	0	93 24 6f 
4560	0	0	94 40 64 
4560	0	0	94 3a 64 
4560	0	0	94 37 64 
4560	0	0	96 40 63 
4560	0	0	96 37 63 
4560	0	0	96 3a 63 
4560	0	0	99 2a 64 
4560	0	0	99 24 78 
4615	55	0	93 24 0 
4620	5	0	92 3c 0 
4620	0	0	99 24 0 
4620	0	0	96 40 0 
4620	0	0	92 46 0 
4620	0	0	92 40 0 
4620	0	0	99 2a 0 
4620	0	0	92 43 0 
4620	0	0	94 3a 0 
4620	0	0	94 40 0 
4620	0	0	96 3a 0 
4620	0	0	96 37 0 
4620	0	0	94 37 0 
4620	0	0	92 30 5a 
4620	0	0	92 3c 5a 
4620	0	0	93 24 6f 
4620	0	0	94 30 50 
4620	0	0	96 3c 50 
4620	0	0	99 2a 64 
4675	55	0	93 24 0 
4680	5	0	99 2a 0 
4680	0	0	94 30 0 
4680	0	0	96 3c 0 
4680	0	0	92 30 0 
4680	0	0	92 3c 0 
4680	0	0	92 45 64 
4680	0	0	92 40 64 
4680	0	0	92 3c 64 
4680	0	0	93 24 6f 
4680	0	0	94 39 64 
4680	0	0	94 40 64 
4680	0	0	94 3c 64 
4680	0	0	96 39 63 
4680	0	0	96 3c 63 
4680	0	0	96 40 63 
4680	0	0	99 2a 64 
4680	0	0	99 28 78 
4680	0	0	99 26 78 
4735	55	0	93 24 0 
4740	5	0	92 3c 0 
4740	0	0	99 26 0 
4740	0	0	96 3c 0 
4740	0	0	92 45 0 
4740	0	0	92 40 0 
4740	0	0	99 28 0 
4740	0	0	94 39 0 
4740	0	0	94 3c 0 
4740	0	0	94 40 0 
4740	0	0	99 2a 0 
4740	0	0	96 40 0 
4740	0	0	96 39 0 
4740	0	0	90 37 6f 
4740	0	0	90 2b 6f 
4740	0	0	92 30 5a 
4740	0	0	92 3c 5a 
4740	0	0	93 24 6f 
4740	0	0	94 30 50 
4740	0	0	96 3c 50 
4740	0	0	99 2a 64 
4795	55	0	93 24 0 
4800	5	0	91 48 0 
4800	0	0	92 3c 0 
4800	0	0	91 4c 0 
4800	0	0	91 4f 0 
4800	0	0	91 43 0 
4800	0	0	90 37 0 
4800	0	0	90 2b 0 
4800	0	0	94 30 0 
4800	0	0	92 30 0 
4800	0	0	99 2a 0 
4800	0	0	96 3c 0 
4800	0	0	90 3a 7f 
4800	0	0	90 2e 7f 
4800	0	0	91 4c 50 
4800	0	0	91 4f 50 
4800	0	0	91 48 50 
4800	0	0	91 43 50 
4800	0	0	92 40 64 
4800	0	0	92 3c 64 
4800	0	0	92 43 64 
4800	0	0	93 24 6f 
4800	0	0	94 3c 64 
4800	0	0	94 37 64 
4800	0	0	94 40 64 
4800	0	0	96 40 60 
4800	0	0	96 3c 63 
4800	0	0	96 37 63 
4800	0	0	99 2a 64 
4800	0	0	99 24 78 
4855	55	0	93 24 0 
4860	5	0	90 3a 0 
4860	0	0	92 40 0 
4860	0	0	99 24 0 
4860	0	0	94 40 0 
4860	0	0	99 2a 0 
4860	0	0	90 2e 0 
4860	0	0	94 3c 0 
4860	0	0	92 3c 0 
4860	0	0	96 37 0 
4860	0	0	92 43 0 
4860	0	0	96 3c 0 
4860	0	0	96 40 0 
4860	0	0	94 37 0 
4860	0	0	92 30 5a 
4860	0	0	92 3c 5a 
4860	0	0	93 24 6f 
4860	0	0	94 30 50 
4860	0	0	96 3c 50 
4860	0	0	99 2a 64 
4915	55	0	93 24 0 
4920	5	0	99 2a 0 
4920	0	0	94 30 0 
4920	0	0	96 3c 0 
4920	0	0	92 30 0 
4920	0	0	92 3c 0 
4920	0	0	90 37 71 
4920	0	0	90 2b 71 
4920	0	0	92 45 64 
4920	0	0	92 3c 64 
4920	0	0	92 40 64 
4920	0	0	93 24 6f 
4920	0	0	94 3c 64 
4920	0	0	94 39 64 
4920	0	0	94 40 64 
4920	0	0	96 40 63 
4920	0	0	96 39 63 
4920	0	0	99 2a 64 
4920	0	0	99 26 78 
4975	55	0	93 24 0 
4980	5	0	92 45 0 
4980	0	0	99 26 0 
4980	0	0	94 40 0 
4980	0	0	90 37 0 
4980	0	0	90 2b 0 
4980	0	0	99 2a 0 
4980	0	0	92 3c 0 
4980	0	0	94 3c 0 
4980	0	0	92 40 0 
4980	0	0	96 39 0 
4980	0	0	96 40 0 
4980	0	0	94 39 0 
4980	0	0	90 3a 7f 
4980	0	0	90 2e 7f 
4980	0	0	92 30 5a 
4980	0	0	92 3c 5a 
4980	0	0	93 24 6f 
4980	0	0	94 30 50 
4980	0	0	96 3c 50 
4980	0	0	99 2a 64 
5035	55	0	93 24 0 
5040	5	0	96 3c 0 
5040	0	0	92 3c 0 
5040	0	0	92 30 0 
5040	0	0	94 30 0 
5040	0	0	99 2a 0 
5040	0	0	90 3a 0 
5040	0	0	90 2e 0 
5040	0	0	92 46 64 
5040	0	0	92 40 64 
5040	0	0	92 3c 64 
5040	0	0	92 43 64 
5040	0	0	93 24 6f 
5040	0	0	94 40 64 
5040	0	0	94 3a 64 
5040	0	0	94 37 64 
5040	0	0	96 40 63 
5040	0	0	96 37 63 
5040	0	0	96 3a 63 
5040	0	0	99 2a 64 
5040	0	0	99 24 78 
5095	55	0	93 24 0 
5100	5	0	92 3c 0 
5100	0	0	99 24 0 
5100	0	0	96 40 0 
5100	0	0	92 46 0 
5100	0	0	92 40 0 
5100	0	0	99 2a 0 
5100	0	0	92 43 0 
5100	0	0	94 3a 0 
5100	0	0	94 40 0 
5100	0	0	96 3a 0 
5100	0	0	96 37 0 
5100	0	0	94 37 0 
5100	0	0	90 37 6c 
5100	0	0	90 2b 6c 
5100	0	0	92 30 5a 
5100	0	0	92 3c 5a 
5100	0	0	93 24 6f 
5100	0	0	94 30 50 
5100	0	0	96 3c 50 
5100	0	0	99 2a 64 
5155	55	0	93 24 0 
5160	5	0	96 3c 0 
5160	0	0	92 3c 0 
5160	0	0	92 30 0 
5160	0	0	94 30 0 
5160	0	0	99 2a 0 
5160	0	0	90 37 0 
5160	0	0	90 2b 0 
5160	0	0	90 3a 7f 
5160	0	0	90 2e 7f 
5160	0	0	92 45 64 
5160	0	0	92 40 64 
5160	0	0	92 3c 64 
5160	0	0	93 24 6f 
5160	0	0	94 39 64 
5160	0	0	94 40 64 
5160	0	0	94 3c 64 
5160	0	0	96 39 63 
5160	0	0	96 3c 63 
5160	0	0	96 40 63 
5160	0	0	99 2a 64 
5160	0	0	99 28 78 
5160	0	0	99 26 78 
5215	55	0	93 24 0 
5220	5	0	96 40 0 
5220	0	0	99 26 0 
5220	0	0	99 28 0 
5220	0	0	94 39 0 
5220	0	0	94 3c 0 
5220	0	0	90 3a 0 
5220	0	0	90 2e 0 
5220	0	0	92 45 0 
5220	0	0	92 40 0 
5220	0	0	99 2a 0 
5220	0	0	92 3c 0 
5220	0	0	96 3c 0 
5220	0	0	96 39 0 
5220	0	0	94 40 0 
5220	0	0	90 37 6c 
5220	0	0	90 2b 6c 
5220	0	0	92 30 5a 
5220	0	0	92 3c 5a 
5220	0	0	93 24 6f 
5220	0	0	94 30 50 
5220	0	0	96 3c 50 
5220	0	0	99 2e 64 
5275	55	0	93 24 0 
5280	5	0	91 48 0 
5280	0	0	92 3c 0 
5280	0	0	91 43 0 
5280	0	0	91 4c 0 
5280	0	0	91 4f 0 
5280	0	0	90 37 0 
5280	0	0	90 2b 0 
5280	0	0	94 30 0 
5280	0	0	92 30 0 
5280	0	0	99 2e 0 
5280	0	0	96 3c 0 
5280	0	0	90 3b 7e 
5280	0	0	90 2f 7e 
5280	0	0	91 47 50 
5280	0	0	91 4a 50 
5280	0	0	91 43 50 
5280	0	0	91 3e 50 
5280	0	0	92 3b 64 
5280	0	0	92 37 64 
5280	0	0	92 3e 64 
5280	0	0	93 1f 6f 
5280	0	0	94 37 64 
5280	0	0	94 32 64 
5280	0	0	94 3b 64 
5280	0	0	96 3b 60 
5280	0	0	96 37 63 
5280	0	0	96 32 63 
5280	0	0	99 2a 64 
5280	0	0	99 24 78 
5335	55	0	93 1f 0 
5340	5	0	90 3b 0 
5340	0	0	92 3b 0 
5340	0	0	99 24 0 
5340	0	0	94 3b 0 
5340	0	0	99 2a 0 
5340	0	0	90 2f 0 
5340	0	0	94 37 0 
5340	0	0	92 37 0 
5340	0	0	96 32 0 
5340	0	0	92 3e 0 
5340	0	0	96 37 0 
5340	0	0	96 3b 0 
5340	0	0	94 32 0 
5340	0	0	90 3b 6f 
5340	0	0	90 2f 6f 
5340	0	0	92 2b 5a 
5340	0	0	92 37 5a 
5340	0	0	93 1f 6f 
5340	0	0	94 2b 50 
5340	0	0	96 37 50 
5340	0	0	99 2a 64 
5395	55	0	93 1f 0 
5400	5	0	96 37 0 
5400	0	0	92 37 0 
5400	0	0	92 2b 0 
5400	0	0	94 2b 0 
5400	0	0	99 2a 0 
5400	0	0	90 3b 0 
5400	0	0	90 2f 0 
5400	0	0	92 40 64 
5400	0	0	92 37 64 
5400	0	0	92 3b 64 
5400	0	0	93 1f 6f 
5400	0	0	94 37 64 
5400	0	0	94 34 64 
5400	0	0	94 3b 64 
5400	0	0	96 3b 63 
5400	0	0	96 34 63 
5400	0	0	99 2a 64 
5400	0	0	99 26 78 
5455	55	0	93 1f 0 
5460	5	0	96 34 0 
5460	0	0	92 40 0 
5460	0	0	92 37 0 
5460	0	0	94 3b 0 
5460	0	0	94 37 0 
5460	0	0	92 3b 0 
5460	0	0	94 34 0 
5460	0	0	99 26 0 
5460	0	0	99 2a 0 
5460	0	0	96 3b 0 
5460	0	0	92 2b 5a 
5460	0	0	92 37 5a 
5460	0	0	93 1f 6f 
5460	0	0	94 2b 50 
5460	0	0	96 37 50 
5460	0	0	99 2a 64 
5515	55	0	93 1f 0 
5520	5	0	99 2a 0 
5520	0	0	94 2b 0 
5520	0	0	96 37 0 
5520	0	0	92 2b 0 
5520	0	0	92 37 0 
5520	0	0	92 41 64 
5520	0	0	92 3b 64 
5520	0	0	92 37 64 
5520	0	0	92 3e 64 
5520	0	0	93 1f 6f 
5520	0	0	94 3b 64 
5520	0	0	94 35 64 
5520	0	0	94 32 64 
5520	0	0	96 3b 63 
5520	0	0	96 32 63 
5520	0	0	96 35 63 
5520	0	0	99 2a 64 
5520	0	0	99 24 78 
5575	55	0	93 1f 0 
5580	5	0	92 37 0 
5580	0	0	99 24 0 
5580	0	0	96 3b 0 
5580	0	0	92 41 0 
5580	0	0	92 3b 0 
5580	0	0	99 2a 0 
5580	0	0	92 3e 0 
5580	0	0	94 35 0 
5580	0	0	94 3b 0 
5580	0	0	96 35 0 
5580	0	0	96 32 0 
5580	0	0	94 32 0 
5580	0	0	92 2b 5a 
5580	0	0	92 37 5a 
5580	0	0	93 1f 6f 
5580	0	0	94 2b 50 
5580	0	0	96 37 50 
5580	0	0	99 2a 64 
5635	55	0	93 1f 0 
5640	5	0	99 2a 0 
5640	0	0	94 2b 0 
5640	0	0	96 37 0 
5640	0	0	92 2b 0 
5640	0	0	92 37 0 
5640	0	0	90 37 75 
5640	0	0	90 2b 75 
5640	0	0	92 40 64 
5640	0	0	92 3b 64 
5640	0	0	92 37 64 
5640	0	0	93 1f 6f 
5640	0	0	94 34 64 
5640	0	0	94 3b 64 
5640	0	0	94 37 64 
5640	0	0	96 34 63 
5640	0	0	96 37 63 
5640	0	0	96 3b 63 
5640	0	0	99 2a 64 
5640	0	0	99 28 78 
5640	0	0	99 26 78 
5695	55	0	93 1f 0 
5700	5	0	96 3b 0 
5700	0	0	99 26 0 
5700	0	0	99 28 0 
5700	0	0	94 34 0 
5700	0	0	94 37 0 
5700	0	0	90 37 0 
5700	0	0	90 2b 0 
5700	0	0	92 40 0 
5700	0	0	92 3b 0 
5700	0	0	99 2a 0 
5700	0	0	92 37 0 
5700	0	0	96 37 0 
5700	0	0	96 34 0 
5700	0	0	94 3b 0 
5700	0	0	90 37 6c 
5700	0	0	90 2b 6c 
5700	0	0	92 2b 5a 
5700	0	0	92 37 5a 
5700	0	0	93 1f 6f 
5700	0	0	94 2b 50 
5700	0	0	96 37 50 
5700	0	0	99 2a 64 
5755	55	0	93 1f 0 
5760	5	0	91 47 0 
5760	0	0	92 37 0 
5760	0	0	91 43 0 
5760	0	0	91 4a 0 
5760	0	0	91 3e 0 
5760	0	0	90 37 0 
5760	0	0	90 2b 0 
5760	0	0	94 2b 0 
5760	0	0	92 2b 0 
5760	0	0	99 2a 0 
5760	0	0	96 37 0 
5760	0	0	90 3a 7a 
5760	0	0	90 2e 7a 
5760	0	0	91 47 50 
5760	0	0	91 4a 50 
5760	0	0	91 43 50 
5760	0	0	91 3e 50 
5760	0	0	92 3b 64 
5760	0	0	92 37 64 
5760	0	0	92 3e 64 
5760	0	0	93 1f 6f 
5760	0	0	94 37 64 
5760	0	0	94 32 64 
5760	0	0	94 3b 64 
5760	0	0	96 3b 60 
5760	0	0	96 37 63 
5760	0	0	96 32 63 
5760	0	0	99 2a 64 
5760	0	0	99 24 78 
5815	55	0	93 1f 0 
5820	5	0	90 3a 0 
5820	0	0	92 3b 0 
5820	0	0	99 24 0 
5820	0	0	94 3b 0 
5820	0	0	99 2a 0 
5820	0	0	90 2e 0 
5820	0	0	94 37 0 
5820	0	0	92 37 0 
5820	0	0	96 32 0 
5820	0	0	92 3e 0 
5820	0	0	96 37 0 
5820	0	0	96 3b 0 
5820	0	0	94 32 0 
5820	0	0	90 37 75 
5820	0	0	90 2b 75 
5820	0	0	92 2b 5a 
5820	0	0	92 37 5a 
5820	0	0	93 1f 6f 
5820	0	0	94 2b 50 
5820	0	0	96 37 50 
5820	0	0	99 2a 64 
5875	55	0	93 1f 0 
5880	5	0	96 37 0 
5880	0	0	92 37 0 
5880	0	0	92 2b 0 
5880	0	0	94 2b 0 
5880	0	0	99 2a 0 
5880	0	0	90 37 0 
5880	0	0	90 2b 0 
5880	0	0	92 40 64 
5880	0	0	92 37 64 
5880	0	0	92 3b 64 
5880	0	0	93 1f 6f 
5880	0	0	94 37 64 
5880	0	0	94 34 64 
5880	0	0	94 3b 64 
5880	0	0	96 3b 63 
5880	0	0	96 34 63 
5880	0	0	99 2a 64 
5880	0	0	99 26 78 
5935	55	0	93 1f 0 
5940	5	0	96 34 0 
5940	0	0	92 40 0 
5940	0	0	92 37 0 
5940	0	0	94 3b 0 
5940	0	0	94 37 0 
5940	0	0	92 3b 0 
5940	0	0	94 34 0 
5940	0	0	99 26 0 
5940	0	0	99 2a 0 
5940	0	0	96 3b 0 
5940	0	0	92 2b 5a 
5940	0	0	92 37 5a 
5940	0	0	93 1f 6f 
5940	0	0	94 2b 50 
5940	0	0	96 37 50 
5940	0	0	99 2a 64 
5995	55	0	93 1f 0 
6000	5	0	99 2a 0 
6000	0	0	94 2b 0 
6000	0	0	96 37 0 
6000	0	0	92 2b 0 
6000	0	0	92 37 0 
6000	0	0	92 41 64 
6000	0	0	92 3b 64 
6000	0	0	92 37 64 
6000	0	0	92 3e 64 
6000	0	0	93 1f 6f 
6000	0	0	94 3b 64 
6000	0	0	94 35 64 
6000	0	0	94 32 64 
6000	0	0	96 3b 63 
6000	0	0	96 32 63 
6000	0	0	96 35 63 
6000	0	0	99 2a 64 
6000	0	0	99 24 78 
6055	55	0	93 1f 0 
6060	5	0	92 37 0 
6060	0	0	99 24 0 
6060	0	0	96 3b 0 
6060	0	0	92 41 0 
6060	0	0	92 3b 0 
6060	0	0	99 2a 0 
6060	0	0	92 3e 0 
6060	0	0	94 35 0 
6060	0	0	94 3b 0 
6060	0	0	96 35 0 
6060	0	0	96 32 0 
6060	0	0	94 32 0 
6060	0	0	90 3a 73 
6060	0	0	90 2e 73 
6060	0	0	92 2b 5a 
6060	0	0	92 37 5a 
6060	0	0	93 1f 6f 
6060	0	0	94 2b 50 
6060	0	0	96 37 50 
6060	0	0	99 2a 64 
6060	0	0	99 28 78 
6060	0	0	99 26 62 
6090	30	0	99 26 0 
6090	0	0	99 28 0 
6115	25	0	93 1f 0 
6120	5	0	96 37 0 
6120	0	0	92 37 0 
6120	0	0	92 2b 0 
6120	0	0	94 2b 0 
6120	0	0	90 2e 0 
6120	0	0	90 3a 0 
6120	0	0	99 2a 0 
6120	0	0	90 3a 7f 
6120	0	0	90 2e 7f 
6120	0	0	92 40 64 
6120	0	0	92 3b 64 
6120	0	0	92 37 64 
6120	0	0	93 1f 6f 
6120	0	0	94 34 64 
6120	0	0	94 3b 64 
6120	0	0	94 37 64 
6120	0	0	96 34 63 
6120	0	0	96 37 63 
6120	0	0	96 3b 63 
6120	0	0	99 2a 64 
6120	0	0	99 28 78 
6120	0	0	99 26 78 
6175	55	0	93 1f 0 
6180	5	0	96 3b 0 
6180	0	0	99 26 0 
6180	0	0	99 28 0 
6180	0	0	94 34 0 
6180	0	0	94 37 0 
6180	0	0	90 3a 0 
6180	0	0	90 2e 0 
6180	0	0	92 40 0 
6180	0	0	92 3b 0 
6180	0	0	99 2a 0 
6180	0	0	92 37 0 
6180	0	0	96 37 0 
6180	0	0	96 34 0 
6180	0	0	94 3b 0 
6180	0	0	90 37 75 
6180	0	0	90 2b 75 
6180	0	0	92 2b 5a 
6180	0	0	92 37 5a 
6180	0	0	93 1f 6f 
6180	0	0	94 2b 50 
6180	0	0	96 37 50 
6180	0	0	99 2e 64 
6180	0	0	99 26 62 
6180	0	0	99 28 6c 
6210	30	0	99 28 0 
6210	0	0	99 26 0 
6235	25	0	93 1f 0 
6240	5	0	91 43 0 
6240	0	0	92 37 0 
6240	0	0	91 3e 0 
6240	0	0	91 47 0 
6240	0	0	91 4a 0 
6240	0	0	90 37 0 
6240	0	0	99 2e 0 
6240	0	0	94 2b 0 
6240	0	0	92 2b 0 
6240	0	0	90 2b 0 
6240	0	0	96 37 0 
6240	0	0	90 39 7e 
6240	0	0	90 2d 7e 
6240	0	0	91 4e 50 
6240	0	0	91 51 50 
6240	0	0	91 4a 50 
6240	0	0	91 45 50 
6240	0	0	92 42 64 
6240	0	0	92 3e 64 
6240	0	0	92 45 64 
6240	0	0	93 26 6f 
6240	0	0	94 3e 64 
6240	0	0	94 39 64 
6240	0	0	94 42 64 
6240	0	0	96 42 60 
6240	0	0	96 3e 63 
6240	0	0	96 39 63 
6240	0	0	99 24 78 
6240	0	0	99 31 7a 
6295	55	0	93 26 0 
6300	5	0	90 39 0 
6300	0	0	92 42 0 
6300	0	0	99 31 0 
6300	0	0	94 42 0 
6300	0	0	99 24 0 
6300	0	0	90 2d 0 
6300	0	0	94 3e 0 
6300	0	0	92 3e 0 
6300	0	0	96 39 0 
6300	0	0	92 45 0 
6300	0	0	96 3e 0 
6300	0	0	96 42 0 
6300	0	0	94 39 0 
6300	0	0	90 39 75 
6300	0	0	90 2d 75 
6300	0	0	92 32 5a 
6300	0	0	92 3e 5a 
6300	0	0	93 26 6f 
6300	0	0	94 32 50 
6300	0	0	96 3e 50 
6300	0	0	99 2a 64 
6355	55	0	93 26 0 
6360	5	0	96 3e 0 
6360	0	0	92 3e 0 
6360	0	0	92 32 0 
6360	0	0	94 32 0 
6360	0	0	99 2a 0 
6360	0	0	90 39 0 
6360	0	0	90 2d 0 
6360	0	0	90 39 71 
6360	0	0	90 2d 71 
6360	0	0	92 47 64 
6360	0	0	92 3e 64 
6360	0	0	92 42 64 
6360	0	0	93 26 6f 
6360	0	0	94 3e 64 
6360	0	0	94 3b 64 
6360	0	0	94 42 64 
6360	0	0	96 42 63 
6360	0	0	96 3b 63 
6360	0	0	99 2a 64 
6360	0	0	99 26 78 
6415	55	0	93 26 0 
6420	5	0	92 47 0 
6420	0	0	99 26 0 
6420	0	0	94 42 0 
6420	0	0	90 39 0 
6420	0	0	90 2d 0 
6420	0	0	99 2a 0 
6420	0	0	92 3e 0 
6420	0	0	94 3e 0 
6420	0	0	92 42 0 
6420	0	0	96 3b 0 
6420	0	0	96 42 0 
6420	0	0	94 3b 0 
6420	0	0	90 37 6c 
6420	0	0	90 2b 6c 
6420	0	0	92 32 5a 
6420	0	0	92 3e 5a 
6420	0	0	93 26 6f 
6420	0	0	94 32 50 
6420	0	0	96 3e 50 
6420	0	0	99 2a 64 
6475	55	0	93 26 0 
6480	5	0	96 3e 0 
6480	0	0	92 3e 0 
6480	0	0	92 32 0 
6480	0	0	94 32 0 
6480	0	0	99 2a 0 
6480	0	0	90 37 0 
6480	0	0	90 2b 0 
6480	0	0	90 39 6c 
6480	0	0	90 2d 6c 
6480	0	0	92 48 64 
6480	0	0	92 42 64 
6480	0	0	92 3e 64 
6480	0	0	92 45 64 
6480	0	0	93 26 6f 
6480	0	0	94 42 64 
6480	0	0	94 3c 64 
6480	0	0	94 39 64 
6480	0	0	96 42 63 
6480	0	0	96 39 63 
6480	0	0	96 3c 63 
6480	0	0	99 2a 64 
6480	0	0	99 24 78 
6535	55	0	93 26 0 
6540	5	0	96 39 0 
6540	0	0	99 24 0 
6540	0	0	99 2a 0 
6540	0	0	92 45 0 
6540	0	0	94 3c 0 
6540	0	0	90 39 0 
6540	0	0	90 2d 0 
6540	0	0	92 48 0 
6540	0	0	92 42 0 
6540	0	0	96 3c 0 
6540	0	0	92 3e 0 
6540	0	0	96 42 0 
6540	0	0	94 39 0 
6540	0	0	94 42 0 
6540	0	0	92 32 5a 
6540	0	0	92 3e 5a 
6540	0	0	93 26 6f 
6540	0	0	94 32 50 
6540	0	0	96 3e 50 
6540	0	0	99 2a 64 
6595	55	0	93 26 0 
6600	5	0	99 2a 0 
6600	0	0	94 32 0 
6600	0	0	96 3e 0 
6600	0	0	92 32 0 
6600	0	0	92 3e 0 
6600	0	0	90 39 75 
6600	0	0	90 2d 75 
6600	0	0	92 47 64 
6600	0	0	92 42 64 
6600	0	0	92 3e 64 
6600	0	0	93 26 6f 
6600	0	0	94 3b 64 
6600	0	0	94 42 64 
6600	0	0	94 3e 64 
6600	0	0	96 3b 63 
6600	0	0	96 3e 63 
6600	0	0	96 42 63 
6600	0	0	99 2a 64 
6600	0	0	99 28 78 
6600	0	0	99 26 78 
6655	55	0	93 26 0 
6660	5	0	96 42 0 
6660	0	0	99 26 0 
6660	0	0	99 28 0 
6660	0	0	94 3b 0 
6660	0	0	94 3e 0 
6660	0	0	90 39 0 
6660	0	0	90 2d 0 
6660	0	0	92 47 0 
6660	0	0	92 42 0 
6660	0	0	99 2a 0 
6660	0	0	92 3e 0 
6660	0	0	96 3e 0 
6660	0	0	96 3b 0 
6660	0	0	94 42 0 
6660	0	0	90 37 62 
6660	0	0	90 2b 62 
6660	0	0	92 32 5a 
6660	0	0	92 3e 5a 
6660	0	0	93 26 6f 
6660	0	0	94 32 50 
6660	0	0	96 3e 50 
6660	0	0	99 2a 64 
6715	55	0	93 26 0 
6720	5	0	91 4a 0 
6720	0	0	92 3e 0 
6720	0	0	91 51 0 
6720	0	0	91 4e 0 
6720	0	0	91 45 0 
6720	0	0	90 37 0 
6720	0	0	90 2b 0 
6720	0	0	94 32 0 
6720	0	0	92 32 0 
6720	0	0	99 2a 0 
6720	0	0	96 3e 0 
6720	0	0	90 39 7e 
6720	0	0	90 2d 7e 
6720	0	0	91 4c 50 
6720	0	0	91 4f 50 
6720	0	0	91 48 50 
6720	0	0	91 43 50 
6720	0	0	92 40 64 
6720	0	0	92 3c 64 
6720	0	0	92 43 64 
6720	0	0	93 24 6f 
6720	0	0	94 3c 64 
6720	0	0	94 37 64 
6720	0	0	94 40 64 
6720	0	0	96 40 60 
6720	0	0	96 3c 63 
6720	0	0	96 37 63 
6720	0	0	99 24 78 
6720	0	0	99 31 60 
6775	55	0	93 24 0 
6780	5	0	99 31 0 
6780	0	0	99 24 0 
6780	0	0	94 3c 0 
6780	0	0	94 40 0 
6780	0	0	92 40 0 
6780	0	0	96 37 0 
6780	0	0	92 43 0 
6780	0	0	92 3c 0 
6780	0	0	96 3c 0 
6780	0	0	94 37 0 
6780	0	0	96 40 0 
6780	0	0	92 30 5a 
6780	0	0	92 3c 5a 
6780	0	0	93 24 6f 
6780	0	0	94 30 50 
6780	0	0	96 3c 50 
6780	0	0	99 2a 64 
6810	30	0	90 39 0 
6810	0	0	90 2d 0 
6835	25	0	93 24 0 
6840	5	0	94 30 0 
6840	0	0	92 3c 0 
6840	0	0	96 3c 0 
6840	0	0	99 2a 0 
6840	0	0	92 30 0 
6840	0	0	90 39 7e 
6840	0	0	90 2d 7e 
6840	0	0	92 45 64 
6840	0	0	92 3c 64 
6840	0	0	92 40 64 
6840	0	0	93 24 6f 
6840	0	0	94 3c 64 
6840	0	0	94 39 64 
6840	0	0	94 40 64 
6840	0	0	96 40 63 
6840	0	0	96 39 63 
6840	0	0	99 2a 64 
6840	0	0	99 26 78 
6895	55	0	93 24 0 
6900	5	0	92 45 0 
6900	0	0	99 26 0 
6900	0	0	94 40 0 
6900	0	0	99 2a 0 
6900	0	0	94 3c 0 
6900	0	0	92 40 0 
6900	0	0	92 3c 0 
6900	0	0	96 39 0 
6900	0	0	94 39 0 
6900	0	0	96 40 0 
6900	0	0	92 30 5a 
6900	0	0	92 3c 5a 
6900	0	0	93 24 6f 
6900	0	0	94 30 50 
6900	0	0	96 3c 50 
6900	0	0	99 2a 64 
6930	30	0	90 39 0 
6930	0	0	90 2d 0 
6955	25	0	93 24 0 
6960	5	0	94 30 0 
6960	0	0	92 3c 0 
6960	0	0	96 3c 0 
6960	0	0	99 2a 0 
6960	0	0	92 30 0 
6960	0	0	90 39 7f 
6960	0	0	90 2d 7f 
6960	0	0	92 46 64 
6960	0	0	92 40 64 
6960	0	0	92 3c 64 
6960	0	0	92 43 64 
6960	0	0	93 24 6f 
6960	0	0	94 40 64 
6960	0	0	94 3a 64 
6960	0	0	94 37 64 
6960	0	0	96 40 63 
6960	0	0	96 37 63 
6960	0	0	96 3a 63 
6960	0	0	99 2a 64 
6960	0	0	99 24 78 
7015	55	0	93 24 0 
7020	5	0	96 37 0 
7020	0	0	99 24 0 
7020	0	0	99 2a 0 
7020	0	0	92 43 0 
7020	0	0	94 3a 0 
7020	0	0	90 39 0 
7020	0	0	90 2d 0 
7020	0	0	92 46 0 
7020	0	0	92 40 0 
7020	0	0	96 3a 0 
7020	0	0	92 3c 0 
7020	0	0	96 40 0 
7020	0	0	94 37 0 
7020	0	0	94 40 0 
7020	0	0	90 37 67 
7020	0	0	90 2b 67 
7020	0	0	92 30 5a 
7020	0	0	92 3c 5a 
7020	0	0	93 24 6f 
7020	0	0	94 30 50 
7020	0	0	96 3c 50 
7020	0	0	99 2a 64 
7075	55	0	93 24 0 
7080	5	0	96 3c 0 
7080	0	0	92 3c 0 
7080	0	0	92 30 0 
7080	0	0	94 30 0 
7080	0	0	99 2a 0 
7080	0	0	90 37 0 
7080	0	0	90 2b 0 
7080	0	0	90 39 7e 
7080	0	0	90 2d 7e 
7080	0	0	92 45 64 
7080	0	0	92 40 64 
7080	0	0	92 3c 64 
7080	0	0	93 24 6f 
7080	0	0	94 39 64 
7080	0	0	94 40 64 
7080	0	0	94 3c 64 
7080	0	0	96 39 63 
7080	0	0	96 3c 63 
7080	0	0	96 40 63 
7080	0	0	99 2a 64 
7080	0	0	99 28 78 
7080	0	0	99 26 78 
7135	55	0	93 24 0 
7140	5	0	96 40 0 
7140	0	0	99 26 0 
7140	0	0	99 28 0 
7140	0	0	94 39 0 
7140	0	0	94 3c 0 
7140	0	0	90 39 0 
7140	0	0	90 2d 0 
7140	0	0	92 45 0 
7140	0	0	92 40 0 
7140	0	0	99 2a 0 
7140	0	0	92 3c 0 
7140	0	0	96 3c 0 
7140	0	0	96 39 0 
7140	0	0	94 40 0 
7140	0	0	90 37 6f 
7140	0	0	90 2b 6f 
7140	0	0	92 30 5a 
7140	0	0	92 3c 5a 
7140	0	0	93 24 6f 
7140	0	0	94 30 50 
7140	0	0	96 3c 50 
7140	0	0	99 2e 7d 
7195	55	0	93 24 0 
7200	5	0	91 48 0 
7200	0	0	92 3c 0 
7200	0	0	91 4c 0 
7200	0	0	91 43 0 
7200	0	0	91 4f 0 
7200	0	0	90 37 0 
7200	0	0	90 2b 0 
7200	0	0	94 30 0 
7200	0	0	92 30 0 
7200	0	0	99 2e 0 
7200	0	0	96 3c 0 
7200	0	0	90 3e 7e 
7200	0	0	90 32 7e 
7200	0	0	91 47 50 
7200	0	0	91 4a 50 
7200	0	0	91 43 50 
7200	0	0	91 3e 50 
7200	0	0	92 3b 64 
7200	0	0	92 37 64 
7200	0	0	92 3e 64 
7200	0	0	93 1f 6f 
7200	0	0	94 37 64 
7200	0	0	94 32 64 
7200	0	0	94 3b 64 
7200	0	0	96 3b 60 
7200	0	0	96 37 63 
7200	0	0	96 32 63 
7200	0	0	99 2a 64 
7200	0	0	99 24 78 
7255	55	0	93 1f 0 
7260	5	0	90 3e 0 
7260	0	0	92 3b 0 
7260	0	0	99 24 0 
7260	0	0	94 3b 0 
7260	0	0	99 2a 0 
7260	0	0	90 32 0 
7260	0	0	94 37 0 
7260	0	0	92 37 0 
7260	0	0	96 32 0 
7260	0	0	92 3e 0 
7260	0	0	96 37 0 
7260	0	0	96 3b 0 
7260	0	0	94 32 0 
7260	0	0	90 3a 7f 
7260	0	0	90 2e 7f 
7260	0	0	92 2b 5a 
7260	0	0	92 37 5a 
7260	0	0	93 1f 6f 
7260	0	0	94 2b 50 
7260	0	0	96 37 50 
7260	0	0	99 2a 64 
7315	55	0	93 1f 0 
7320	5	0	96 37 0 
7320	0	0	92 37 0 
7320	0	0	92 2b 0 
7320	0	0	94 2b 0 
7320	0	0	99 2a 0 
7320	0	0	90 3a 0 
7320	0	0	90 2e 0 
7320	0	0	90 37 7f 
7320	0	0	90 2b 7f 
7320	0	0	92 40 64 
7320	0	0	92 37 64 
7320	0	0	92 3b 64 
7320	0	0	93 1f 6f 
7320	0	0	94 37 64 
7320	0	0	94 34 64 
7320	0	0	94 3b 64 
7320	0	0	96 3b 63 
7320	0	0	96 34 63 
7320	0	0	99 2a 64 
7320	0	0	99 26 78 
7375	55	0	93 1f 0 
7380	5	0	92 40 0 
7380	0	0	99 26 0 
7380	0	0	94 3b 0 
7380	0	0	99 2a 0 
7380	0	0	94 37 0 
7380	0	0	92 3b 0 
7380	0	0	92 37 0 
7380	0	0	96 34 0 
7380	0	0	94 34 0 
7380	0	0	96 3b 0 
7380	0	0	92 2b 5a 
7380	0	0	92 37 5a 
7380	0	0	93 1f 6f 
7380	0	0	94 2b 50 
7380	0	0	96 37 50 
7380	0	0	99 2a 64 
7435	55	0	93 1f 0 
7440	5	0	96 37 0 
7440	0	0	92 37 0 
7440	0	0	92 2b 0 
7440	0	0	90 2b 0 
7440	0	0	94 2b 0 
7440	0	0	99 2a 0 
7440	0	0	90 37 0 
7440	0	0	92 41 64 
7440	0	0	92 3b 64 
7440	0	0	92 37 64 
7440	0	0	92 3e 64 
7440	0	0	93 1f 6f 
7440	0	0	94 3b 64 
7440	0	0	94 35 64 
7440	0	0	94 32 64 
7440	0	0	96 3b 63 
7440	0	0	96 32 63 
7440	0	0	96 35 63 
7440	0	0	99 2a 64 
7440	0	0	99 24 78 
7495	55	0	93 1f 0 
7500	5	0	92 37 0 
7500	0	0	99 24 0 
7500	0	0	96 3b 0 
7500	0	0	92 41 0 
7500	0	0	92 3b 0 
7500	0	0	99 2a 0 
7500	0	0	92 3e 0 
7500	0	0	94 35 0 
7500	0	0	94 3b 0 
7500	0	0	96 35 0 
7500	0	0	96 32 0 
7500	0	0	94 32 0 
7500	0	0	92 2b 5a 
7500	0	0	92 37 5a 
7500	0	0	93 1f 6f 
7500	0	0	94 2b 50 
7500	0	0	96 37 50 
7500	0	0	99 2a 64 
7555	55	0	93 1f 0 
7560	5	0	99 2a 0 
7560	0	0	94 2b 0 
7560	0	0	96 37 0 
7560	0	0	92 2b 0 
7560	0	0	92 37 0 
7560	0	0	92 40 64 
7560	0	0	92 3b 64 
7560	0	0	92 37 64 
7560	0	0	93 1f 6f 
7560	0	0	94 34 64 
7560	0	0	94 3b 64 
7560	0	0	94 37 64 
7560	0	0	96 34 63 
7560	0	0	96 37 63 
7560	0	0	96 3b 63 
7560	0	0	99 2a 64 
7560	0	0	99 28 78 
7560	0	0	99 26 78 
7615	55	0	93 1f 0 
7620	5	0	92 37 0 
7620	0	0	99 26 0 
7620	0	0	96 37 0 
7620	0	0	92 40 0 
7620	0	0	92 3b 0 
7620	0	0	99 28 0 
7620	0	0	94 34 0 
7620	0	0	94 37 0 
7620	0	0	94 3b 0 
7620	0	0	99 2a 0 
7620	0	0	96 3b 0 
7620	0	0	96 34 0 
7620	0	0	92 2b 5a 
7620	0	0	92 37 5a 
7620	0	0	93 1f 6f 
7620	0	0	94 2b 50 
7620	0	0	96 37 50 
7620	0	0	99 2a 64 
7675	55	0	93 1f 0 
7680	5	0	91 47 0 
7680	0	0	91 4a 0 
7680	0	0	91 3e 0 
7680	0	0	92 2b 0 
7680	0	0	91 43 0 
7680	0	0	96 37 0 
7680	0	0	94 2b 0 
7680	0	0	92 37 0 
7680	0	0	99 2a 0 
7680	0	0	91 47 50 
7680	0	0	91 4a 50 
7680	0	0	91 43 50 
7680	0	0	91 3e 50 
7680	0	0	92 3b 64 
7680	0	0	92 37 64 
7680	0	0	92 3e 64 
7680	0	0	93 1f 6f 
7680	0	0	94 37 64 
7680	0	0	94 32 64 
7680	0	0	94 3b 64 
7680	0	0	96 3b 60 
7680	0	0	96 37 63 
7680	0	0	96 32 63 
7680	0	0	99 2a 64 
7680	0	0	99 24 78 
7735	55	0	93 1f 0 
7740	5	0	99 24 0 
7740	0	0	96 37 0 
7740	0	0	92 3b 0 
7740	0	0	92 37 0 
7740	0	0	94 3b 0 
7740	0	0	94 37 0 
7740	0	0	92 3e 0 
7740	0	0	94 32 0 
7740	0	0	99 2a 0 
7740	0	0	96 32 0 
7740	0	0	96 3b 0 
7740	0	0	92 2b 5a 
7740	0	0	92 37 5a 
7740	0	0	93 1f 6f 
7740	0	0	94 2b 50 
7740	0	0	96 37 50 
7740	0	0	99 2a 64 
7795	55	0	93 1f 0 
7800	5	0	99 2a 0 
7800	0	0	94 2b 0 
7800	0	0	96 37 0 
7800	0	0	92 2b 0 
7800	0	0	92 37 0 
7800	0	0	92 40 64 
7800	0	0	92 37 64 
7800	0	0	92 3b 64 
7800	0	0	93 1f 6f 
7800	0	0	94 37 64 
7800	0	0	94 34 64 
7800	0	0	94 3b 64 
7800	0	0	96 3b 63 
7800	0	0	96 34 63 
7800	0	0	99 2a 64 
7800	0	0	99 26 78 
7855	55	0	93 1f 0 
7860	5	0	96 34 0 
7860	0	0	92 40 0 
7860	0	0	92 37 0 
7860	0	0	94 3b 0 
7860	0	0	94 37 0 
7860	0	0	92 3b 0 
7860	0	0	94 34 0 
7860	0	0	99 26 0 
7860	0	0	99 2a 0 
7860	0	0	96 3b 0 
7860	0	0	92 2b 5a 
7860	0	0	92 37 5a 
7860	0	0	93 1f 6f 
7860	0	0	94 2b 50 
7860	0	0	96 37 50 
7860	0	0	99 2a 64 
7915	55	0	93 1f 0 
7920	5	0	99 2a 0 
7920	0	0	94 2b 0 
7920	0	0	96 37 0 
7920	0	0	92 2b 0 
7920	0	0	92 37 0 
7920	0	0	92 41 64 
7920	0	0	92 3b 64 
7920	0	0	92 37 64 
7920	0	0	92 3e 64 
7920	0	0	93 1f 6f 
7920	0	0	94 3b 64 
7920	0	0	94 35 64 
7920	0	0	94 32 64 
7920	0	0	96 3b 63 
7920	0	0	96 32 63 
7920	0	0	96 35 63 
7920	0	0	99 26 3a 
7920	0	0	99 24 46 
7920	0	0	99 2d 45 
7975	55	0	93 1f 0 
7980	5	0	99 2d 0 
7980	0	0	99 24 0 
7980	0	0	94 35 0 
7980	0	0	96 3b 0 
7980	0	0	92 41 0 
7980	0	0	92 3b 0 
7980	0	0	92 37 0 
7980	0	0	92 3e 0 
7980	0	0	99 26 0 
7980	0	0	94 3b 0 
7980	0	0	96 35 0 
7980	0	0	96 32 0 
7980	0	0	94 32 0 
7980	0	0	92 2b 5a 
7980	0	0	92 37 5a 
7980	0	0	93 1f 6f 
7980	0	0	94 2b 50 
7980	0	0	96 37 50 
7980	0	0	99 2d 6a 
7980	0	0	99 26 6c 
7980	0	0	99 24 67 
8035	55	0	93 1f 0 
8040	5	0	99 26 0 
8040	0	0	96 37 0 
8040	0	0	94 2b 0 
8040	0	0	99 2d 0 
8040	0	0	99 24 0 
8040	0	0	92 2b 0 
8040	0	0	92 37 0 
8040	0	0	92 40 64 
8040	0	0	92 3b 64 
8040	0	0	92 37 64 
8040	0	0	93 1f 6f 
8040	0	0	94 34 64 
8040	0	0	94 3b 64 
8040	0	0	94 37 64 
8040	0	0	96 34 63 
8040	0	0	96 37 63 
8040	0	0	96 3b 63 
8040	0	0	99 2d 7f 
8040	0	0	99 26 7e 
8040	0	0	99 24 7e 
8095	55	0	93 1f 0 
8100	5	0	92 37 0 
8100	0	0	99 24 0 
8100	0	0	96 37 0 
8100	0	0	92 40 0 
8100	0	0	92 3b 0 
8100	0	0	99 26 0 
8100	0	0	94 34 0 
8100	0	0	94 37 0 
8100	0	0	94 3b 0 
8100	0	0	99 2d 0 
8100	0	0	96 3b 0 
8100	0	0	96 34 0 
8100	0	0	90 3e 6f 
8100	0	0	90 32 6f 
8100	0	0	92 2b 5a 
8100	0	0	92 37 5a 
8100	0	0	93 1f 6f 
8100	0	0	94 2b 50 
8100	0	0	96 37 50 
8100	0	0	99 2d 7f 
8100	0	0	99 26 7f 
8100	0	0	99 24 7f 
8155	55	0	93 1f 0 
8160	5	0	90 3e 0 
8160	0	0	90 32 0 
8160	0	0	91 4a 0 
8160	0	0	92 37 0 
8160	0	0	91 43 0 
8160	0	0	91 47 0 
8160	0	0	91 3e 0 
8160	0	0	99 26 0 
8160	0	0	99 2d 0 
8160	0	0	94 2b 0 
8160	0	0	92 2b 0 
8160	0	0	99 24 0 
8160	0	0	96 37 0 
8160	0	0	90 3e 7b 
8160	0	0	90 32 7b 
8160	0	0	91 47 50 
8160	0	0	91 4a 50 
8160	0	0	91 43 50 
8160	0	0	91 3e 50 
8160	0	0	92 3b 64 
8160	0	0	92 37 64 
8160	0	0	92 3e 64 
8160	0	0	93 1f 6f 
8160	0	0	94 37 64 
8160	0	0	94 32 64 
8160	0	0	94 3b 64 
8160	0	0	96 3b 60 
8160	0	0	96 37 63 
8160	0	0	96 32 63 
8160	0	0	97 1f 58 
8160	0	0	99 24 78 
8160	0	0	99 26 6e 
8160	0	0	99 31 64 
8190	30	0	97 1f 0 
8190	0	0	97 1f 4d 
8215	25	0	93 1f 0 
8220	5	0	92 3e 0 
8220	0	0	96 32 0 
8220	0	0	90 3e 0 
8220	0	0	97 1f 0 
8220	0	0	94 37 0 
8220	0	0	94 3b 0 
8220	0	0	92 3b 0 
8220	0	0	90 32 0 
8220	0	0	99 24 0 
8220	0	0	92 37 0 
8220	0	0	99 26 0 
8220	0	0	99 31 0 
8220	0	0	96 37 0 
8220	0	0	96 3b 0 
8220	0	0	94 32 0 
8220	0	0	90 3c 71 
8220	0	0	90 30 71 
8220	0	0	92 2b 5a 
8220	0	0	92 37 5a 
8220	0	0	93 1f 6f 
8220	0	0	94 2b 50 
8220	0	0	96 37 50 
8220	0	0	97 1f 58 
8220	0	0	99 2a 64 
8250	30	0	97 1f 0 
8250	0	0	97 1f 4d 
8275	25	0	93 1f 0 
8280	5	0	99 2a 0 
8280	0	0	96 37 0 
8280	0	0	92 37 0 
8280	0	0	92 2b 0 
8280	0	0	94 2b 0 
8280	0	0	97 1f 0 
8280	0	0	90 3c 0 
8280	0	0	90 30 0 
8280	0	0	90 3a 7d 
8280	0	0	90 2e 7d 
8280	0	0	92 40 64 
8280	0	0	92 37 64 
8280	0	0	92 3b 64 
8280	0	0	93 1f 6f 
8280	0	0	94 37 64 
8280	0	0	94 34 64 
8280	0	0	94 3b 64 
8280	0	0	96 3b 63 
8280	0	0	96 34 63 
8280	0	0	97 1f 58 
8280	0	0	99 2a 64 
8280	0	0	99 26 78 
8310	30	0	97 1f 0 
8310	0	0	97 1f 4d 
8335	25	0	93 1f 0 
8340	5	0	99 2a 0 
8340	0	0	97 1f 0 
8340	0	0	99 26 0 
8340	0	0	94 3b 0 
8340	0	0	90 3a 0 
8340	0	0	90 2e 0 
8340	0	0	92 40 0 
8340	0	0	92 37 0 
8340	0	0	94 37 0 
8340	0	0	92 3b 0 
8340	0	0	96 34 0 
8340	0	0	96 3b 0 
8340	0	0	94 34 0 
8340	0	0	90 37 7b 
8340	0	0	90 2b 7b 
8340	0	0	92 2b 5a 
8340	0	0	92 37 5a 
8340	0	0	93 1f 6f 
8340	0	0	94 2b 50 
8340	0	0	96 37 50 
8340	0	0	97 1f 58 
8340	0	0	99 2a 64 
8370	30	0	97 1f 0 
8370	0	0	97 1f 4d 
8395	25	0	93 1f 0 
8400	5	0	99 2a 0 
8400	0	0	96 37 0 
8400	0	0	92 37 0 
8400	0	0	92 2b 0 
8400	0	0	94 2b 0 
8400	0	0	97 1f 0 
8400	0	0	90 37 0 
8400	0	0	90 2b 0 
8400	0	0	92 41 64 
8400	0	0	92 3b 64 
8400	0	0	92 37 64 
8400	0	0	92 3e 64 
8400	0	0	93 1f 6f 
8400	0	0	94 3b 64 
8400	0	0	94 35 64 
8400	0	0	94 32 64 
8400	0	0	96 3b 63 
8400	0	0	96 32 63 
8400	0	0	96 35 63 
8400	0	0	97 1f 58 
8400	0	0	99 2a 64 
8400	0	0	99 24 78 
8430	30	0	97 1f 0 
8430	0	0	97 1f 4d 
8455	25	0	93 1f 0 
8460	5	0	99 2a 0 
8460	0	0	97 1f 0 
8460	0	0	99 24 0 
8460	0	0	96 3b 0 
8460	0	0	92 41 0 
8460	0	0	92 3b 0 
8460	0	0	92 37 0 
8460	0	0	92 3e 0 
8460	0	0	94 35 0 
8460	0	0	94 3b 0 
8460	0	0	96 35 0 
8460	0	0	96 32 0 
8460	0	0	94 32 0 
8460	0	0	92 2b 5a 
8460	0	0	92 37 5a 
8460	0	0	93 1f 6f 
8460	0	0	94 2b 50 
8460	0	0	96 37 50 
8460	0	0	97 1f 58 
8460	0	0	99 2a 64 
8490	30	0	97 1f 0 
8490	0	0	97 1f 4d 
8515	25	0	93 1f 0 
8520	5	0	99 2a 0 
8520	0	0	97 1f 0 
8520	0	0	94 2b 0 
8520	0	0	96 37 0 
8520	0	0	92 2b 0 
8520	0	0	92 37 0 
8520	0	0	92 40 64 
8520	0	0	92 3b 64 
8520	0	0	92 37 64 
8520	0	0	93 1f 6f 
8520	0	0	94 34 64 
8520	0	0	94 3b 64 
8520	0	0	94 37 64 
8520	0	0	96 34 63 
8520	0	0	96 37 63 
8520	0	0	96 3b 63 
8520	0	0	97 1f 58 
8520	0	0	99 2a 64 
8520	0	0	99 28 78 
8520	0	0	99 26 78 
8550	30	0	97 1f 0 
8550	0	0	97 1f 4d 
8575	25	0	93 1f 0 
8580	5	0	99 2a 0 
8580	0	0	92 37 0 
8580	0	0	97 1f 0 
8580	0	0	96 37 0 
8580	0	0	92 40 0 
8580	0	0	99 26 0 
8580	0	0	94 37 0 
8580	0	0	94 34 0 
8580	0	0	99 28 0 
8580	0	0	94 3b 0 
8580	0	0	96 34 0 
8580	0	0	96 3b 0 
8580	0	0	92 3b 0 
8580	0	0	90 3e 6f 
8580	0	0	90 32 6f 
8580	0	0	92 2b 5a 
8580	0	0	92 37 5a 
8580	0	0	93 1f 6f 
8580	0	0	94 2b 50 
8580	0	0	96 37 50 
8580	0	0	97 1f 58 
8580	0	0	99 2a 64 
8610	30	0	97 1f 0 
8610	0	0	97 1f 4d 
8635	25	0	93 1f 0 
8640	5	0	99 2a 0 
8640	0	0	91 4a 0 
8640	0	0	92 37 0 
8640	0	0	91 47 0 
8640	0	0	91 3e 0 
8640	0	0	91 43 0 
8640	0	0	90 3e 0 
8640	0	0	90 32 0 
8640	0	0	94 2b 0 
8640	0	0	92 2b 0 
8640	0	0	97 1f 0 
8640	0	0	96 37 0 
8640	0	0	90 3e 7b 
8640	0	0	90 32 7b 
8640	0	0	91 47 50 
8640	0	0	91 4a 50 
8640	0	0	91 43 50 
8640	0	0	91 3e 50 
8640	0	0	92 3b 64 
8640	0	0	92 37 64 
8640	0	0	92 3e 64 
8640	0	0	93 1f 6f 
8640	0	0	94 37 64 
8640	0	0	94 32 64 
8640	0	0	94 3b 64 
8640	0	0	96 3b 60 
8640	0	0	96 37 63 
8640	0	0	96 32 63 
8640	0	0	97 1f 58 
8640	0	0	99 2a 64 
8640	0	0	99 24 78 
8670	30	0	97 1f 0 
8670	0	0	97 1f 4d 
8695	25	0	93 1f 0 
8700	5	0	99 2a 0 
8700	0	0	90 3e 0 
8700	0	0	92 3b 0 
8700	0	0	97 1f 0 
8700	0	0	94 3b 0 
8700	0	0	96 32 0 
8700	0	0	90 32 0 
8700	0	0	94 37 0 
8700	0	0	92 37 0 
8700	0	0	99 24 0 
8700	0	0	92 3e 0 
8700	0	0	96 37 0 
8700	0	0	96 3b 0 
8700	0	0	94 32 0 
8700	0	0	90 3c 71 
8700	0	0	90 30 71 
8700	0	0	92 37 5a 
8700	0	0	92 2b 5a 
8700	0	0	93 1f 6f 
8700	0	0	94 2b 50 
8700	0	0	96 37 50 
8700	0	0	97 1f 58 
8700	0	0	99 2a 64 
8730	30	0	97 1f 0 
8730	0	0	97 1f 4d 
8755	25	0	93 1f 0 
8760	5	0	99 2a 0 
8760	0	0	96 37 0 
8760	0	0	92 2b 0 
8760	0	0	92 37 0 
8760	0	0	94 2b 0 
8760	0	0	97 1f 0 
8760	0	0	90 3c 0 
8760	0	0	90 30 0 
8760	0	0	90 3a 7d 
8760	0	0	90 2e 7d 
8760	0	0	92 40 64 
8760	0	0	92 37 64 
8760	0	0	92 3b 64 
8760	0	0	93 1f 6f 
8760	0	0	94 37 64 
8760	0	0	94 34 64 
8760	0	0	94 3b 64 
8760	0	0	96 3b 63 
8760	0	0	96 34 63 
8760	0	0	97 1f 58 
8760	0	0	99 2a 64 
8760	0	0	99 26 78 
8790	30	0	97 1f 0 
8790	0	0	97 1f 4d 
8815	25	0	93 1f 0 
8820	5	0	99 2a 0 
8820	0	0	97 1f 0 
8820	0	0	99 26 0 
8820	0	0	94 3b 0 
8820	0	0	90 3a 0 
8820	0	0	90 2e 0 
8820	0	0	92 40 0 
8820	0	0	92 37 0 
8820	0	0	94 37 0 
8820	0	0	92 3b 0 
8820	0	0	96 34 0 
8820	0	0	96 3b 0 
8820	0	0	94 34 0 
8820	0	0	90 37 7b 
8820	0	0	90 2b 7b 
8820	0	0	92 2b 5a 
8820	0	0	92 37 5a 
8820	0	0	93 1f 6f 
8820	0	0	94 2b 50 
8820	0	0	96 37 50 
8820	0	0	97 1f 58 
8820	0	0	99 2a 64 
8850	30	0	97 1f 0 
8850	0	0	97 1f 4d 
8875	25	0	93 1f 0 
8880	5	0	99 2a 0 
8880	0	0	96 37 0 
8880	0	0	92 37 0 
8880	0	0	92 2b 0 
8880	0	0	94 2b 0 
8880	0	0	97 1f 0 
8880	0	0	90 37 0 
8880	0	0	90 2b 0 
8880	0	0	92 41 64 
8880	0	0	92 3b 64 
8880	0	0	92 37 64 
8880	0	0	92 3e 64 
8880	0	0	93 1f 6f 
8880	0	0	94 3b 64 
8880	0	0	94 35 64 
8880	0	0	94 32 64 
8880	0	0	96 3b 63 
8880	0	0	96 32 63 
8880	0	0	96 35 63 
8880	0	0	97 1f 58 
8880	0	0	99 2a 64 
8880	0	0	99 24 78 
8910	30	0	97 1f 0 
8910	0	0	97 1f 4d 
8935	25	0	93 1f 0 
8940	5	0	99 2a 0 
8940	0	0	97 1f 0 
8940	0	0	99 24 0 
8940	0	0	96 3b 0 
8940	0	0	92 41 0 
8940	0	0	92 3b 0 
8940	0	0	92 37 0 
8940	0	0	92 3e 0 
8940	0	0	94 35 0 
8940	0	0	94 3b 0 
8940	0	0	96 35 0 
8940	0	0	96 32 0 
8940	0	0	94 32 0 
8940	0	0	92 2b 5a 
8940	0	0	92 37 5a 
8940	0	0	93 1f 6f 
8940	0	0	94 2b 50 
8940	0	0	96 37 50 
8940	0	0	97 1f 58 
8940	0	0	99 2a 64 
8970	30	0	97 1f 0 
8970	0	0	97 1f 4d 
8995	25	0	93 1f 0 
9000	5	0	99 2a 0 
9000	0	0	97 1f 0 
9000	0	0	94 2b 0 
9000	0	0	96 37 0 
9000	0	0	92 2b 0 
9000	0	0	92 37 0 
9000	0	0	92 40 64 
9000	0	0	92 3b 64 
9000	0	0	92 37 64 
9000	0	0	93 1f 6f 
9000	0	0	94 34 64 
9000	0	0	94 3b 64 
9000	0	0	94 37 64 
9000	0	0	96 34 63 
9000	0	0	96 37 63 
9000	0	0	96 3b 63 
9000	0	0	97 1f 58 
9000	0	0	99 2a 64 
9000	0	0	99 28 78 
9000	0	0	99 26 78 
9030	30	0	97 1f 0 
9030	0	0	97 1f 4d 
9055	25	0	93 1f 0 
9060	5	0	99 2a 0 
9060	0	0	92 37 0 
9060	0	0	97 1f 0 
9060	0	0	96 37 0 
9060	0	0	92 40 0 
9060	0	0	99 26 0 
9060	0	0	94 37 0 
9060	0	0	94 34 0 
9060	0	0	99 28 0 
9060	0	0	94 3b 0 
9060	0	0	96 34 0 
9060	0	0	96 3b 0 
9060	0	0	92 3b 0 
9060	0	0	92 2b 5a 
9060	0	0	92 37 5a 
9060	0	0	93 1f 6f 
9060	0	0	94 2b 50 
9060	0	0	96 37 50 
9060	0	0	97 1f 58 
9060	0	0	99 2e 64 
9090	30	0	97 1f 0 
9090	0	0	97 1f 4d 
9115	25	0	93 1f 0 
9120	5	0	99 2e 0 
9120	0	0	91 43 0 
9120	0	0	91 47 0 
9120	0	0	91 4a 0 
9120	0	0	92 2b 0 
9120	0	0	91 3e 0 
9120	0	0	96 37 0 
9120	0	0	94 2b 0 
9120	0	0	92 37 0 
9120	0	0	97 1f 0 
9120	0	0	91 47 50 
9120	0	0	91 4a 50 
9120	0	0	91 43 50 
9120	0	0	91 3e 50 
9120	0	0	92 3b 64 
9120	0	0	92 37 64 
9120	0	0	92 3e 64 
9120	0	0	93 1f 6f 
9120	0	0	94 37 64 
9120	0	0	94 32 64 
9120	0	0	94 3b 64 
9120	0	0	96 3b 60 
9120	0	0	96 37 63 
9120	0	0	96 32 63 
9120	0	0	97 1f 58 
9120	0	0	99 2a 64 
9120	0	0	99 24 78 
9150	30	0	97 1f 0 
9150	0	0	97 1f 4d 
9175	25	0	93 1f 0 
9180	5	0	94 3b 0 
9180	0	0	97 1f 0 
9180	0	0	96 37 0 
9180	0	0	92 3b 0 
9180	0	0	92 37 0 
9180	0	0	99 24 0 
9180	0	0	94 37 0 
9180	0	0	99 2a 0 
9180	0	0	94 32 0 
9180	0	0	92 3e 0 
9180	0	0	96 32 0 
9180	0	0	96 3b 0 
9180	0	0	90 3e 6f 
9180	0	0	90 32 6f 
9180	0	0	92 2b 5a 
9180	0	0	92 37 5a 
9180	0	0	93 1f 6f 
9180	0	0	94 2b 50 
9180	0	0	96 37 50 
9180	0	0	97 1f 58 
9180	0	0	99 2a 64 
9210	30	0	97 1f 0 
9210	0	0	97 1f 4d 
9235	25	0	93 1f 0 
9240	5	0	99 2a 0 
9240	0	0	96 37 0 
9240	0	0	92 37 0 
9240	0	0	92 2b 0 
9240	0	0	94 2b 0 
9240	0	0	97 1f 0 
9240	0	0	90 3e 0 
9240	0	0	90 32 0 
9240	0	0	90 3c 67 
9240	0	0	90 30 67 
9240	0	0	92 40 64 
9240	0	0	92 37 64 
9240	0	0	92 3b 64 
9240	0	0	93 1f 6f 
9240	0	0	94 37 64 
9240	0	0	94 34 64 
9240	0	0	94 3b 64 
9240	0	0	96 3b 63 
9240	0	0	96 34 63 
9240	0	0	97 1f 58 
9240	0	0	99 2a 64 
9240	0	0	99 26 78 
9270	30	0	97 1f 0 
9270	0	0	97 1f 4d 
9295	25	0	93 1f 0 
9300	5	0	99 2a 0 
9300	0	0	97 1f 0 
9300	0	0	99 26 0 
9300	0	0	94 3b 0 
9300	0	0	90 3c 0 
9300	0	0	90 30 0 
9300	0	0	92 40 0 
9300	0	0	92 37 0 
9300	0	0	94 37 0 
9300	0	0	92 3b 0 
9300	0	0	96 34 0 
9300	0	0	96 3b 0 
9300	0	0	94 34 0 
9300	0	0	90 3a 7d 
9300	0	0	90 2e 7d 
9300	0	0	92 2b 5a 
9300	0	0	92 37 5a 
9300	0	0	93 1f 6f 
9300	0	0	94 2b 50 
9300	0	0	96 37 50 
9300	0	0	97 1f 58 
9300	0	0	99 2a 64 
9330	30	0	97 1f 0 
9330	0	0	97 1f 4d 
9355	25	0	93 1f 0 
9360	5	0	99 2a 0 
9360	0	0	96 37 0 
9360	0	0	92 37 0 
9360	0	0	92 2b 0 
9360	0	0	94 2b 0 
9360	0	0	97 1f 0 
9360	0	0	90 3a 0 
9360	0	0	90 2e 0 
9360	0	0	90 37 78 
9360	0	0	90 2b 78 
9360	0	0	92 41 64 
9360	0	0	92 3b 64 
9360	0	0	92 37 64 
9360	0	0	92 3e 64 
9360	0	0	93 1f 6f 
9360	0	0	94 3b 64 
9360	0	0	94 35 64 
9360	0	0	94 32 64 
9360	0	0	96 3b 63 
9360	0	0	96 32 63 
9360	0	0	96 35 63 
9360	0	0	97 1f 58 
9360	0	0	99 2a 64 
9360	0	0	99 24 78 
9390	30	0	97 1f 0 
9390	0	0	97 1f 4d 
9415	25	0	93 1f 0 
9420	5	0	92 37 0 
9420	0	0	96 32 0 
9420	0	0	97 1f 0 
9420	0	0	92 3e 0 
9420	0	0	92 41 0 
9420	0	0	94 35 0 
9420	0	0	90 37 0 
9420	0	0	90 2b 0 
9420	0	0	96 35 0 
9420	0	0	92 3b 0 
9420	0	0	99 2a 0 
9420	0	0	99 24 0 
9420	0	0	96 3b 0 
9420	0	0	94 32 0 
9420	0	0	94 3b 0 
9420	0	0	90 37 7e 
9420	0	0	90 2b 7e 
9420	0	0	92 2b 5a 
9420	0	0	92 37 5a 
9420	0	0	93 1f 6f 
9420	0	0	94 2b 50 
9420	0	0	96 37 50 
9420	0	0	97 1f 58 
9420	0	0	99 2a 64 
9450	30	0	97 1f 0 
9450	0	0	97 1f 4d 
9475	25	0	93 1f 0 
9480	5	0	99 2a 0 
9480	0	0	96 37 0 
9480	0	0	92 37 0 
9480	0	0	92 2b 0 
9480	0	0	94 2b 0 
9480	0	0	97 1f 0 
9480	0	0	90 37 0 
9480	0	0	90 2b 0 
9480	0	0	90 37 71 
9480	0	0	90 2b 71 
9480	0	0	92 40 64 
9480	0	0	92 3b 64 
9480	0	0	92 37 64 
9480	0	0	93 1f 6f 
9480	0	0	94 34 64 
9480	0	0	94 3b 64 
9480	0	0	94 37 64 
9480	0	0	96 34 63 
9480	0	0	96 37 63 
9480	0	0	96 3b 63 
9480	0	0	97 1f 58 
9480	0	0	99 2a 64 
9480	0	0	99 28 78 
9480	0	0	99 26 78 
9510	30	0	97 1f 0 
9510	0	0	97 1f 4d 
9535	25	0	93 1f 0 
9540	5	0	92 37 0 
9540	0	0	96 3b 0 
9540	0	0	97 1f 0 
9540	0	0	94 34 0 
9540	0	0	92 40 0 
9540	0	0	94 37 0 
9540	0	0	90 37 0 
9540	0	0	90 2b 0 
9540	0	0	99 2a 0 
9540	0	0	92 3b 0 
9540	0	0	99 28 0 
9540	0	0	99 26 0 
9540	0	0	96 37 0 
9540	0	0	96 34 0 
9540	0	0	94 3b 0 
9540	0	0	90 3a 7f 
9540	0	0	90 2e 7f 
9540	0	0	92 2b 5a 
9540	0	0	92 37 5a 
9540	0	0	93 1f 6f 
9540	0	0	94 2b 50 
9540	0	0	96 37 50 
9540	0	0	97 1f 58 
9540	0	0	99 2a 64 
9570	30	0	97 1f 0 
9570	0	0	97 1f 4d 
9595	25	0	93 1f 0 
9600	5	0	99 2a 0 
9600	0	0	91 43 0 
9600	0	0	92 37 0 
9600	0	0	91 4a 0 
9600	0	0	91 3e 0 
9600	0	0	91 47 0 
9600	0	0	90 3a 0 
9600	0	0	90 2e 0 
9600	0	0	94 2b 0 
9600	0	0	92 2b 0 
9600	0	0	97 1f 0 
9600	0	0	96 37 0 
9600	0	0	91 47 50 
9600	0	0	91 4a 50 
9600	0	0	91 43 50 
9600	0	0	91 3e 50 
9600	0	0	92 3b 64 
9600	0	0	92 37 64 
9600	0	0	92 3e 64 
9600	0	0	93 1f 6f 
9600	0	0	94 37 64 
9600	0	0	94 32 64 
9600	0	0	94 3b 64 
9600	0	0	96 3b 60 
9600	0	0	96 37 63 
9600	0	0	96 32 63 
9600	0	0	97 1f 58 
9600	0	0	99 2a 64 
9600	0	0	99 24 78 
9630	30	0	97 1f 0 
9630	0	0	97 1f 4d 
9655	25	0	93 1f 0 
9660	5	0	94 3b 0 
9660	0	0	97 1f 0 
9660	0	0	96 37 0 
9660	0	0	92 3b 0 
9660	0	0	92 37 0 
9660	0	0	99 24 0 
9660	0	0	94 37 0 
9660	0	0	99 2a 0 
9660	0	0	94 32 0 
9660	0	0	92 3e 0 
9660	0	0	96 32 0 
9660	0	0	96 3b 0 
9660	0	0	90 3e 71 
9660	0	0	90 32 71 
9660	0	0	92 2b 5a 
9660	0	0	92 37 5a 
9660	0	0	93 1f 6f 
9660	0	0	94 2b 50 
9660	0	0	96 37 50 
9660	0	0	97 1f 58 
9660	0	0	99 2a 64 
9690	30	0	97 1f 0 
9690	0	0	97 1f 4d 
9715	25	0	93 1f 0 
9720	5	0	99 2a 0 
9720	0	0	96 37 0 
9720	0	0	92 37 0 
9720	0	0	92 2b 0 
9720	0	0	94 2b 0 
9720	0	0	97 1f 0 
9720	0	0	90 3e 0 
9720	0	0	90 32 0 
9720	0	0	90 3c 6a 
9720	0	0	90 30 6a 
9720	0	0	92 40 64 
9720	0	0	92 37 64 
9720	0	0	92 3b 64 
9720	0	0	93 1f 6f 
9720	0	0	94 37 64 
9720	0	0	94 34 64 
9720	0	0	94 3b 64 
9720	0	0	96 3b 63 
9720	0	0	96 34 63 
9720	0	0	97 1f 58 
9720	0	0	99 2a 64 
9720	0	0	99 26 78 
9750	30	0	97 1f 0 
9750	0	0	97 1f 4d 
9775	25	0	93 1f 0 
9780	5	0	99 2a 0 
9780	0	0	97 1f 0 
9780	0	0	99 26 0 
9780	0	0	94 3b 0 
9780	0	0	90 3c 0 
9780	0	0	90 30 0 
9780	0	0	92 40 0 
9780	0	0	92 37 0 
9780	0	0	94 37 0 
9780	0	0	92 3b 0 
9780	0	0	96 34 0 
9780	0	0	96 3b 0 
9780	0	0	94 34 0 
9780	0	0	90 3a 68 
9780	0	0	90 2e 68 
9780	0	0	92 2b 5a 
9780	0	0	92 37 5a 
9780	0	0	93 1f 6f 
9780	0	0	94 2b 50 
9780	0	0	96 37 50 
9780	0	0	97 1f 58 
9780	0	0	99 2a 64 
9810	30	0	97 1f 0 
9810	0	0	97 1f 4d 
9835	25	0	93 1f 0 
9840	5	0	99 2a 0 
9840	0	0	96 37 0 
9840	0	0	92 37 0 
9840	0	0	92 2b 0 
9840	0	0	94 2b 0 
9840	0	0	97 1f 0 
9840	0	0	90 3a 0 
9840	0	0	90 2e 0 
9840	0	0	90 37 6a 
9840	0	0	90 2b 6a 
9840	0	0	92 41 64 
9840	0	0	92 3b 64 
9840	0	0	92 37 64 
9840	0	0	92 3e 64 
9840	0	0	93 1f 6f 
9840	0	0	94 3b 64 
9840	0	0	94 35 64 
9840	0	0	94 32 64 
9840	0	0	96 3b 63 
9840	0	0	96 32 63 
9840	0	0	96 35 63 
9840	0	0	97 1f 58 
9840	0	0	99 2a 64 
9840	0	0	99 24 78 
9870	30	0	97 1f 0 
9870	0	0	97 1f 4d 
9895	25	0	93 1f 0 
9900	5	0	92 37 0 
9900	0	0	96 32 0 
9900	0	0	97 1f 0 
9900	0	0	92 3e 0 
9900	0	0	92 41 0 
9900	0	0	94 35 0 
9900	0	0	90 37 0 
9900	0	0	90 2b 0 
9900	0	0	96 35 0 
9900	0	0	92 3b 0 
9900	0	0	99 2a 0 
9900	0	0	99 24 0 
9900	0	0	96 3b 0 
9900	0	0	94 32 0 
9900	0	0	94 3b 0 
9900	0	0	90 3a 7d 
9900	0	0	90 2e 7d 
9900	0	0	92 2b 5a 
9900	0	0	92 37 5a 
9900	0	0	93 1f 6f 
9900	0	0	94 2b 50 
9900	0	0	96 37 50 
9900	0	0	97 1f 58 
9900	0	0	99 2a 64 
9900	0	0	99 24 7e 
9930	30	0	99 24 0 
9930	0	0	97 1f 0 
9930	0	0	97 1f 4d 
9955	25	0	93 1f 0 
9960	5	0	99 2a 0 
9960	0	0	96 37 0 
9960	0	0	92 37 0 
9960	0	0	92 2b 0 
9960	0	0	94 2b 0 
9960	0	0	97 1f 0 
9960	0	0	90 3a 0 
9960	0	0	90 2e 0 
9960	0	0	90 3a 7f 
9960	0	0	90 2e 7f 
9960	0	0	92 40 64 
9960	0	0	92 3b 64 
9960	0	0	92 37 64 
9960	0	0	93 1f 6f 
9960	0	0	94 34 64 
9960	0	0	94 3b 64 
9960	0	0	94 37 64 
9960	0	0	96 34 63 
9960	0	0	96 37 63 
9960	0	0	96 3b 63 
9960	0	0	97 1f 58 
9960	0	0	99 2a 64 
9960	0	0	99 26 7b 
9990	30	0	99 26 0 
9990	0	0	97 1f 0 
9990	0	0	97 1f 4d 
10015	25	0	93 1f 0 
10020	5	0	99 2a 0 
10020	0	0	97 1f 0 
10020	0	0	96 3b 0 
10020	0	0	94 37 0 
10020	0	0	90 3a 0 
10020	0	0	90 2e 0 
10020	0	0	92 40 0 
10020	0	0	92 3b 0 
10020	0	0	94 34 0 
10020	0	0	92 37 0 
10020	0	0	96 37 0 
10020	0	0	96 34 0 
10020	0	0	94 3b 0 
10020	0	0	90 37 6f 
10020	0	0	90 2b 6f 
10020	0	0	92 2b 5a 
10020	0	0	92 37 5a 
10020	0	0	93 1f 6f 
10020	0	0	94 2b 50 
10020	0	0	96 37 50 
10020	0	0	97 1f 58 
10020	0	0	99 26 7f 
10020	0	0	99 2e 7f 
10050	30	0	99 2e 0 
10050	0	0	99 26 0 
10050	0	0	97 1f 0 
10050	0	0	97 1f 4d 
10075	25	0	93 1f 0 
10080	5	0	90 2b 0 
10080	0	0	92 37 0 
10080	0	0	91 47 0 
10080	0	0	91 4a 0 
10080	0	0	91 3e 0 
10080	0	0	90 37 0 
10080	0	0	91 43 0 
10080	0	0	94 2b 0 
10080	0	0	92 2b 0 
10080	0	0	97 1f 0 
10080	0	0	96 37 0 
10080	0	0	90 3a 7d 
10080	0	0	90 2e 7d 
10080	0	0	91 4c 50 
10080	0	0	91 4f 50 
10080	0	0	91 48 50 
10080	0	0	91 43 50 
10080	0	0	92 40 64 
10080	0	0	92 3c 64 
10080	0	0	92 43 64 
10080	0	0	93 24 6f 
10080	0	0	94 3c 64 
10080	0	0	94 37 64 
10080	0	0	94 40 64 
10080	0	0	96 40 60 
10080	0	0	96 3c 63 
10080	0	0	96 37 63 
10080	0	0	97 24 58 
10080	0	0	99 2a 64 
10080	0	0	99 24 78 
10110	30	0	97 24 0 
10110	0	0	97 24 4d 
10135	25	0	93 24 0 
10140	5	0	99 2a 0 
10140	0	0	90 3a 0 
10140	0	0	92 40 0 
10140	0	0	97 24 0 
10140	0	0	94 40 0 
10140	0	0	96 37 0 
10140	0	0	90 2e 0 
10140	0	0	94 3c 0 
10140	0	0	92 3c 0 
10140	0	0	99 24 0 
10140	0	0	92 43 0 
10140	0	0	96 3c 0 
10140	0	0	96 40 0 
10140	0	0	94 37 0 
10140	0	0	90 3a 7f 
10140	0	0	90 2e 7f 
10140	0	0	92 30 5a 
10140	0	0	92 3c 5a 
10140	0	0	93 24 6f 
10140	0	0	94 30 50 
10140	0	0	96 3c 50 
10140	0	0	97 24 58 
10140	0	0	99 2a 64 
10170	30	0	97 24 0 
10170	0	0	97 24 4d 
10195	25	0	93 24 0 
10200	5	0	99 2a 0 
10200	0	0	96 3c 0 
10200	0	0	92 3c 0 
10200	0	0	92 30 0 
10200	0	0	94 30 0 
10200	0	0	97 24 0 
10200	0	0	90 3a 0 
10200	0	0	90 2e 0 
10200	0	0	92 45 64 
10200	0	0	92 3c 64 
10200	0	0	92 40 64 
10200	0	0	93 24 6f 
10200	0	0	94 3c 64 
10200	0	0	94 39 64 
10200	0	0	94 40 64 
10200	0	0	96 40 63 
10200	0	0	96 39 63 
10200	0	0	97 24 58 
10200	0	0	99 2a 64 
10200	0	0	99 26 78 
10230	30	0	97 24 0 
10230	0	0	97 24 4d 
10255	25	0	93 24 0 
10260	5	0	92 40 0 
10260	0	0	96 39 0 
10260	0	0	92 45 0 
10260	0	0	97 24 0 
10260	0	0	99 26 0 
10260	0	0	94 3c 0 
10260	0	0	94 40 0 
10260	0	0	94 39 0 
10260	0	0	96 40 0 
10260	0	0	99 2a 0 
10260	0	0	92 3c 0 
10260	0	0	92 30 5a 
10260	0	0	92 3c 5a 
10260	0	0	93 24 6f 
10260	0	0	94 30 50 
10260	0	0	96 3c 50 
10260	0	0	97 24 58 
10260	0	0	99 2a 64 
10290	30	0	97 24 0 
10290	0	0	97 24 4d 
10315	25	0	93 24 0 
10320	5	0	99 2a 0 
10320	0	0	97 24 0 
10320	0	0	94 30 0 
10320	0	0	96 3c 0 
10320	0	0	92 30 0 
10320	0	0	92 3c 0 
10320	0	0	92 46 64 
10320	0	0	92 40 64 
10320	0	0	92 3c 64 
10320	0	0	92 43 64 
10320	0	0	93 24 6f 
10320	0	0	94 40 64 
10320	0	0	94 3a 64 
10320	0	0	94 37 64 
10320	0	0	96 40 63 
10320	0	0	96 37 63 
10320	0	0	96 3a 63 
10320	0	0	97 24 58 
10320	0	0	99 2a 64 
10320	0	0	99 24 78 
10350	30	0	97 24 0 
10350	0	0	97 24 4d 
10375	25	0	93 24 0 
10380	5	0	99 2a 0 
10380	0	0	97 24 0 
10380	0	0	99 24 0 
10380	0	0	96 40 0 
10380	0	0	92 46 0 
10380	0	0	92 40 0 
10380	0	0	92 3c 0 
10380	0	0	92 43 0 
10380	0	0	94 3a 0 
10380	0	0	94 40 0 
10380	0	0	96 3a 0 
10380	0	0	96 37 0 
10380	0	0	94 37 0 
10380	0	0	92 30 5a 
10380	0	0	92 3c 5a 
10380	0	0	93 24 6f 
10380	0	0	94 30 50 
10380	0	0	96 3c 50 
10380	0	0	97 24 58 
10380	0	0	99 2a 64 
10410	30	0	97 24 0 
10410	0	0	97 24 4d 
10435	25	0	93 24 0 
10440	5	0	99 2a 0 
10440	0	0	97 24 0 
10440	0	0	94 30 0 
10440	0	0	96 3c 0 
10440	0	0	92 30 0 
10440	0	0	92 3c 0 
10440	0	0	92 45 64 
10440	0	0	92 40 64 
10440	0	0	92 3c 64 
10440	0	0	93 24 6f 
10440	0	0	94 39 64 
10440	0	0	94 40 64 
10440	0	0	94 3c 64 
10440	0	0	96 39 63 
10440	0	0	96 3c 63 
10440	0	0	96 40 63 
10440	0	0	97 24 58 
10440	0	0	99 2a 64 
10440	0	0	99 28 78 
10440	0	0	99 26 78 
10470	30	0	97 24 0 
10470	0	0	97 24 4d 
10495	25	0	93 24 0 
10500	5	0	99 2a 0 
10500	0	0	92 3c 0 
10500	0	0	97 24 0 
10500	0	0	96 3c 0 
10500	0	0	92 45 0 
10500	0	0	99 26 0 
10500	0	0	94 3c 0 
10500	0	0	94 39 0 
10500	0	0	99 28 0 
10500	0	0	94 40 0 
10500	0	0	96 39 0 
10500	0	0	96 40 0 
10500	0	0	92 40 0 
10500	0	0	90 37 6f 
10500	0	0	90 2b 6f 
10500	0	0	92 30 5a 
10500	0	0	92 3c 5a 
10500	0	0	93 24 6f 
10500	0	0	94 30 50 
10500	0	0	96 3c 50 
10500	0	0	97 24 58 
10500	0	0	99 2a 64 
10530	30	0	97 24 0 
10530	0	0	97 24 4d 
10555	25	0	93 24 0 
10560	5	0	99 2a 0 
10560	0	0	91 43 0 
10560	0	0	92 3c 0 
10560	0	0	91 4c 0 
10560	0	0	91 4f 0 
10560	0	0	91 48 0 
10560	0	0	90 37 0 
10560	0	0	90 2b 0 
10560	0	0	94 30 0 
10560	0	0	92 30 0 
10560	0	0	97 24 0 
10560	0	0	96 3c 0 
10560	0	0	90 3a 7f 
10560	0	0	90 2e 7f 
10560	0	0	91 4c 50 
10560	0	0	91 4f 50 
10560	0	0	91 48 50 
10560	0	0	91 43 50 
10560	0	0	92 40 64 
10560	0	0	92 3c 64 
10560	0	0	92 43 64 
10560	0	0	93 24 6f 
10560	0	0	94 3c 64 
10560	0	0	94 37 64 
10560	0	0	94 40 64 
10560	0	0	96 40 60 
10560	0	0	96 3c 63 
10560	0	0	96 37 63 
10560	0	0	97 24 58 
10560	0	0	99 2a 64 
10560	0	0	99 24 78 
10590	30	0	97 24 0 
10590	0	0	97 24 4d 
10615	25	0	93 24 0 
10620	5	0	99 2a 0 
10620	0	0	90 3a 0 
10620	0	0	92 40 0 
10620	0	0	97 24 0 
10620	0	0	94 40 0 
10620	0	0	96 37 0 
10620	0	0	90 2e 0 
10620	0	0	94 3c 0 
10620	0	0	92 3c 0 
10620	0	0	99 24 0 
10620	0	0	92 43 0 
10620	0	0	96 3c 0 
10620	0	0	96 40 0 
10620	0	0	94 37 0 
10620	0	0	92 30 5a 
10620	0	0	92 3c 5a 
10620	0	0	93 24 6f 
10620	0	0	94 30 50 
10620	0	0	96 3c 50 
10620	0	0	97 24 58 
10620	0	0	99 2a 64 
10650	30	0	97 24 0 
10650	0	0	97 24 4d 
10675	25	0	93 24 0 
10680	5	0	99 2a 0 
10680	0	0	97 24 0 
10680	0	0	94 30 0 
10680	0	0	96 3c 0 
10680	0	0	92 30 0 
10680	0	0	92 3c 0 
10680	0	0	90 37 71 
10680	0	0	90 2b 71 
10680	0	0	92 45 64 
10680	0	0	92 3c 64 
10680	0	0	92 40 64 
10680	0	0	93 24 6f 
10680	0	0	94 3c 64 
10680	0	0	94 39 64 
10680	0	0	94 40 64 
10680	0	0	96 40 63 
10680	0	0	96 39 63 
10680	0	0	97 24 58 
10680	0	0	99 2a 64 
10680	0	0	99 26 78 
10710	30	0	97 24 0 
10710	0	0	97 24 4d 
10735	25	0	93 24 0 
10740	5	0	99 2a 0 
10740	0	0	97 24 0 
10740	0	0	99 26 0 
10740	0	0	94 40 0 
10740	0	0	90 37 0 
10740	0	0	90 2b 0 
10740	0	0	92 45 0 
10740	0	0	92 3c 0 
10740	0	0	94 3c 0 
10740	0	0	92 40 0 
10740	0	0	96 39 0 
10740	0	0	96 40 0 
10740	0	0	94 39 0 
10740	0	0	90 3a 7f 
10740	0	0	90 2e 7f 
10740	0	0	92 30 5a 
10740	0	0	92 3c 5a 
10740	0	0	93 24 6f 
10740	0	0	94 30 50 
10740	0	0	96 3c 50 
10740	0	0	97 24 58 
10740	0	0	99 2a 64 
10770	30	0	97 24 0 
10770	0	0	97 24 4d 
10795	25	0	93 24 0 
10800	5	0	99 2a 0 
10800	0	0	96 3c 0 
10800	0	0	92 3c 0 
10800	0	0	92 30 0 
10800	0	0	94 30 0 
10800	0	0	97 24 0 
10800	0	0	90 3a 0 
10800	0	0	90 2e 0 
10800	0	0	92 46 64 
10800	0	0	92 40 64 
10800	0	0	92 3c 64 
10800	0	0	92 43 64 
10800	0	0	93 24 6f 
10800	0	0	94 40 64 
10800	0	0	94 3a 64 
10800	0	0	94 37 64 
10800	0	0	96 40 63 
10800	0	0	96 37 63 
10800	0	0	96 3a 63 
10800	0	0	97 24 58 
10800	0	0	99 2a 64 
10800	0	0	99 24 78 
10830	30	0	97 24 0 
10830	0	0	97 24 4d 
10855	25	0	93 24 0 
10860	5	0	99 2a 0 
10860	0	0	97 24 0 
10860	0	0	99 24 0 
10860	0	0	96 40 0 
10860	0	0	92 46 0 
10860	0	0	92 40 0 
10860	0	0	92 3c 0 
10860	0	0	92 43 0 
10860	0	0	94 3a 0 
10860	0	0	94 40 0 
10860	0	0	96 3a 0 
10860	0	0	96 37 0 
10860	0	0	94 37 0 
10860	0	0	90 37 6c 
10860	0	0	90 2b 6c 
10860	0	0	92 30 5a 
10860	0	0	92 3c 5a 
10860	0	0	93 24 6f 
10860	0	0	94 30 50 
10860	0	0	96 3c 50 
10860	0	0	97 24 58 
10860	0	0	99 2a 64 
10890	30	0	97 24 0 
10890	0	0	97 24 4d 
10915	25	0	93 24 0 
10920	5	0	99 2a 0 
10920	0	0	96 3c 0 
10920	0	0	92 3c 0 
10920	0	0	92 30 0 
10920	0	0	94 30 0 
10920	0	0	97 24 0 
10920	0	0	90 37 0 
10920	0	0	90 2b 0 
10920	0	0	90 3a 7f 
10920	0	0	90 2e 7f 
10920	0	0	92 45 64 
10920	0	0	92 40 64 
10920	0	0	92 3c 64 
10920	0	0	93 24 6f 
10920	0	0	94 39 64 
10920	0	0	94 40 64 
10920	0	0	94 3c 64 
10920	0	0	96 39 63 
10920	0	0	96 3c 63 
10920	0	0	96 40 63 
10920	0	0	97 24 58 
10920	0	0	99 2a 64 
10920	0	0	99 28 78 
10920	0	0	99 26 78 
10950	30	0	97 24 0 
10950	0	0	97 24 4d 
10975	25	0	93 24 0 
10980	5	0	92 3c 0 
10980	0	0	96 40 0 
10980	0	0	97 24 0 
10980	0	0	94 39 0 
10980	0	0	92 45 0 
10980	0	0	94 3c 0 
10980	0	0	90 3a 0 
10980	0	0	90 2e 0 
10980	0	0	99 2a 0 
10980	0	0	92 40 0 
10980	0	0	99 28 0 
10980	0	0	99 26 0 
10980	0	0	96 3c 0 
10980	0	0	96 39 0 
10980	0	0	94 40 0 
10980	0	0	90 37 6c 
10980	0	0	90 2b 6c 
10980	0	0	92 30 5a 
10980	0	0	92 3c 5a 
10980	0	0	93 24 6f 
10980	0	0	94 30 50 
10980	0	0	96 3c 50 
10980	0	0	97 24 58 
10980	0	0	99 2e 64 
11010	30	0	97 24 0 
11010	0	0	97 24 4d 
11035	25	0	93 24 0 
11040	5	0	99 2e 0 
11040	0	0	91 48 0 
11040	0	0	92 3c 0 
11040	0	0	91 4c 0 
11040	0	0	91 4f 0 
11040	0	0	91 43 0 
11040	0	0	90 37 0 
11040	0	0	90 2b 0 
11040	0	0	94 30 0 
11040	0	0	92 30 0 
11040	0	0	97 24 0 
11040	0	0	96 3c 0 
11040	0	0	90 3b 7e 
11040	0	0	90 2f 7e 
11040	0	0	91 47 50 
11040	0	0	91 4a 50 
11040	0	0	91 43 50 
11040	0	0	91 3e 50 
11040	0	0	92 3b 64 
11040	0	0	92 37 64 
11040	0	0	92 3e 64 
11040	0	0	93 1f 6f 
11040	0	0	94 37 64 
11040	0	0	94 32 64 
11040	0	0	94 3b 64 
11040	0	0	96 3b 60 
11040	0	0	96 37 63 
11040	0	0	96 32 63 
11040	0	0	97 1f 58 
11040	0	0	99 2a 64 
11040	0	0	99 24 78 
11070	30	0	97 1f 0 
11070	0	0	97 1f 4d 
11095	25	0	93 1f 0 
11100	5	0	99 2a 0 
11100	0	0	90 3b 0 
11100	0	0	92 3b 0 
11100	0	0	97 1f 0 
11100	0	0	94 3b 0 
11100	0	0	96 32 0 
11100	0	0	90 2f 0 
11100	0	0	94 37 0 
11100	0	0	92 37 0 
11100	0	0	99 24 0 
11100	0	0	92 3e 0 
11100	0	0	96 37 0 
11100	0	0	96 3b 0 
11100	0	0	94 32 0 
11100	0	0	90 3b 6f 
11100	0	0	90 2f 6f 
11100	0	0	92 2b 5a 
11100	0	0	92 37 5a 
11100	0	0	93 1f 6f 
11100	0	0	94 2b 50 
11100	0	0	96 37 50 
11100	0	0	97 1f 58 
11100	0	0	99 2a 64 
11130	30	0	97 1f 0 
11130	0	0	97 1f 4d 
11155	25	0	93 1f 0 
11160	5	0	99 2a 0 
11160	0	0	96 37 0 
11160	0	0	92 37 0 
11160	0	0	92 2b 0 
11160	0	0	94 2b 0 
11160	0	0	97 1f 0 
11160	0	0	90 3b 0 
11160	0	0	90 2f 0 
11160	0	0	92 40 64 
11160	0	0	92 37 64 
11160	0	0	92 3b 64 
11160	0	0	93 1f 6f 
11160	0	0	94 37 64 
11160	0	0	94 34 64 
11160	0	0	94 3b 64 
11160	0	0	96 3b 63 
11160	0	0	96 34 63 
11160	0	0	97 1f 58 
11160	0	0	99 2a 64 
11160	0	0	99 26 78 
11190	30	0	97 1f 0 
11190	0	0	97 1f 4d 
11215	25	0	93 1f 0 
11220	5	0	92 3b 0 
11220	0	0	96 34 0 
11220	0	0	92 40 0 
11220	0	0	97 1f 0 
11220	0	0	99 26 0 
11220	0	0	94 37 0 
11220	0	0	94 3b 0 
11220	0	0	94 34 0 
11220	0	0	96 3b 0 
11220	0	0	99 2a 0 
11220	0	0	92 37 0 
11220	0	0	92 2b 5a 
11220	0	0	92 37 5a 
11220	0	0	93 1f 6f 
11220	0	0	94 2b 50 
11220	0	0	96 37 50 
11220	0	0	97 1f 58 
11220	0	0	99 2a 64 
11250	30	0	97 1f 0 
11250	0	0	97 1f 4d 
11275	25	0	93 1f 0 
11280	5	0	99 2a 0 
11280	0	0	97 1f 0 
11280	0	0	94 2b 0 
11280	0	0	96 37 0 
11280	0	0	92 2b 0 
11280	0	0	92 37 0 
11280	0	0	92 41 64 
11280	0	0	92 3b 64 
11280	0	0	92 37 64 
11280	0	0	92 3e 64 
11280	0	0	93 1f 6f 
11280	0	0	94 3b 64 
11280	0	0	94 35 64 
11280	0	0	94 32 64 
11280	0	0	96 3b 63 
11280	0	0	96 32 63 
11280	0	0	96 35 63 
11280	0	0	97 1f 58 
11280	0	0	99 2a 64 
11280	0	0	99 24 78 
11310	30	0	97 1f 0 
11310	0	0	97 1f 4d 
11335	25	0	93 1f 0 
11340	5	0	99 2a 0 
11340	0	0	97 1f 0 
11340	0	0	99 24 0 
11340	0	0	96 3b 0 
11340	0	0	92 41 0 
11340	0	0	92 3b 0 
11340	0	0	92 37 0 
11340	0	0	92 3e 0 
11340	0	0	94 35 0 
11340	0	0	94 3b 0 
11340	0	0	96 35 0 
11340	0	0	96 32 0 
11340	0	0	94 32 0 
11340	0	0	92 2b 5a 
11340	0	0	92 37 5a 
11340	0	0	93 1f 6f 
11340	0	0	94 2b 50 
11340	0	0	96 37 50 
11340	0	0	97 1f 58 
11340	0	0	99 2a 64 
11370	30	0	97 1f 0 
11370	0	0	97 1f 4d 
11395	25	0	93 1f 0 
11400	5	0	99 2a 0 
11400	0	0	97 1f 0 
11400	0	0	94 2b 0 
11400	0	0	96 37 0 
11400	0	0	92 2b 0 
11400	0	0	92 37 0 
11400	0	0	90 37 75 
11400	0	0	90 2b 75 
11400	0	0	92 40 64 
11400	0	0	92 3b 64 
11400	0	0	92 37 64 
11400	0	0	93 1f 6f 
11400	0	0	94 34 64 
11400	0	0	94 3b 64 
11400	0	0	94 37 64 
11400	0	0	96 34 63 
11400	0	0	96 37 63 
11400	0	0	96 3b 63 
11400	0	0	97 1f 58 
11400	0	0	99 2a 64 
11400	0	0	99 28 78 
11400	0	0	99 26 78 
11430	30	0	97 1f 0 
11430	0	0	97 1f 4d 
11455	25	0	93 1f 0 
11460	5	0	92 37 0 
11460	0	0	96 3b 0 
11460	0	0	97 1f 0 
11460	0	0	94 34 0 
11460	0	0	92 40 0 
11460	0	0	94 37 0 
11460	0	0	90 37 0 
11460	0	0	90 2b 0 
11460	0	0	99 2a 0 
11460	0	0	92 3b 0 
11460	0	0	99 28 0 
11460	0	0	99 26 0 
11460	0	0	96 37 0 
11460	0	0	96 34 0 
11460	0	0	94 3b 0 
11460	0	0	90 37 6c 
11460	0	0	90 2b 6c 
11460	0	0	92 2b 5a 
11460	0	0	92 37 5a 
11460	0	0	93 1f 6f 
11460	0	0	94 2b 50 
11460	0	0	96 37 50 
11460	0	0	97 1f 58 
11460	0	0	99 2a 64 
11490	30	0	97 1f 0 
11490	0	0	97 1f 4d 
11515	25	0	93 1f 0 
11520	5	0	99 2a 0 
11520	0	0	91 47 0 
11520	0	0	92 37 0 
11520	0	0	91 4a 0 
11520	0	0	91 43 0 
11520	0	0	91 3e 0 
11520	0	0	90 37 0 
11520	0	0	90 2b 0 
11520	0	0	94 2b 0 
11520	0	0	92 2b 0 
11520	0	0	97 1f 0 
11520	0	0	96 37 0 
11520	0	0	90 3a 7a 
11520	0	0	90 2e 7a 
11520	0	0	91 47 50 
11520	0	0	91 4a 50 
11520	0	0	91 43 50 
11520	0	0	91 3e 50 
11520	0	0	92 3b 64 
11520	0	0	92 37 64 
11520	0	0	92 3e 64 
11520	0	0	93 1f 6f 
11520	0	0	94 37 64 
11520	0	0	94 32 64 
11520	0	0	94 3b 64 
11520	0	0	96 3b 60 
11520	0	0	96 37 63 
11520	0	0	96 32 63 
11520	0	0	97 1f 58 
11520	0	0	99 2a 64 
11520	0	0	99 24 78 
11550	30	0	97 1f 0 
11550	0	0	97 1f 4d 
11575	25	0	93 1f 0 
11580	5	0	99 2a 0 
11580	0	0	90 3a 0 
11580	0	0	92 3b 0 
11580	0	0	97 1f 0 
11580	0	0	94 3b 0 
11580	0	0	96 32 0 
11580	0	0	90 2e 0 
11580	0	0	94 37 0 
11580	0	0	92 37 0 
11580	0	0	99 24 0 
11580	0	0	92 3e 0 
11580	0	0	96 37 0 
11580	0	0	96 3b 0 
11580	0	0	94 32 0 
11580	0	0	90 37 75 
11580	0	0	90 2b 75 
11580	0	0	92 2b 5a 
11580	0	0	92 37 5a 
11580	0	0	93 1f 6f 
11580	0	0	94 2b 50 
11580	0	0	96 37 50 
11580	0	0	97 1f 58 
11580	0	0	99 2a 64 
11610	30	0	97 1f 0 
11610	0	0	97 1f 4d 
11635	25	0	93 1f 0 
11640	5	0	99 2a 0 
11640	0	0	96 37 0 
11640	0	0	92 37 0 
11640	0	0	92 2b 0 
11640	0	0	94 2b 0 
11640	0	0	97 1f 0 
11640	0	0	90 37 0 
11640	0	0	90 2b 0 
11640	0	0	92 40 64 
11640	0	0	92 37 64 
11640	0	0	92 3b 64 
11640	0	0	93 1f 6f 
11640	0	0	94 37 64 
11640	0	0	94 34 64 
11640	0	0	94 3b 64 
11640	0	0	96 3b 63 
11640	0	0	96 34 63 
11640	0	0	97 1f 58 
11640	0	0	99 2a 64 
11640	0	0	99 26 78 
11670	30	0	97 1f 0 
11670	0	0	97 1f 4d 
11695	25	0	93 1f 0 
11700	5	0	92 3b 0 
11700	0	0	96 34 0 
11700	0	0	92 40 0 
11700	0	0	97 1f 0 
11700	0	0	99 26 0 
11700	0	0	94 37 0 
11700	0	0	94 3b 0 
11700	0	0	94 34 0 
11700	0	0	96 3b 0 
11700	0	0	99 2a 0 
11700	0	0	92 37 0 
11700	0	0	92 2b 5a 
11700	0	0	92 37 5a 
11700	0	0	93 1f 6f 
11700	0	0	94 2b 50 
11700	0	0	96 37 50 
11700	0	0	97 1f 58 
11700	0	0	99 2a 64 
11730	30	0	97 1f 0 
11730	0	0	97 1f 4d 
11755	25	0	93 1f 0 
11760	5	0	99 2a 0 
11760	0	0	97 1f 0 
11760	0	0	94 2b 0 
11760	0	0	96 37 0 
11760	0	0	92 2b 0 
11760	0	0	92 37 0 
11760	0	0	92 41 64 
11760	0	0	92 3b 64 
11760	0	0	92 37 64 
11760	0	0	92 3e 64 
11760	0	0	93 1f 6f 
11760	0	0	94 3b 64 
11760	0	0	94 35 64 
11760	0	0	94 32 64 
11760	0	0	96 3b 63 
11760	0	0	96 32 63 
11760	0	0	96 35 63 
11760	0	0	97 1f 58 
11760	0	0	99 2a 64 
11760	0	0	99 24 78 
11790	30	0	97 1f 0 
11790	0	0	97 1f 4d 
11815	25	0	93 1f 0 
11820	5	0	99 2a 0 
11820	0	0	97 1f 0 
11820	0	0	99 24 0 
11820	0	0	96 3b 0 
11820	0	0	92 41 0 
11820	0	0	92 3b 0 
11820	0	0	92 37 0 
11820	0	0	92 3e 0 
11820	0	0	94 35 0 
11820	0	0	94 3b 0 
11820	0	0	96 35 0 
11820	0	0	96 32 0 
11820	0	0	94 32 0 
11820	0	0	90 3a 73 
11820	0	0	90 2e 73 
11820	0	0	92 2b 5a 
11820	0	0	92 37 5a 
11820	0	0	93 1f 6f 
11820	0	0	94 2b 50 
11820	0	0	96 37 50 
11820	0	0	97 1f 58 
11820	0	0	99 2a 64 
11820	0	0	99 28 78 
11820	0	0	99 26 62 
11850	30	0	99 26 0 
11850	0	0	99 28 0 
11850	0	0	97 1f 0 
11850	0	0	97 1f 4d 
11875	25	0	93 1f 0 
11880	5	0	99 2a 0 
11880	0	0	96 37 0 
11880	0	0	92 37 0 
11880	0	0	92 2b 0 
11880	0	0	94 2b 0 
11880	0	0	97 1f 0 
11880	0	0	90 3a 0 
11880	0	0	90 2e 0 
11880	0	0	90 3a 7f 
11880	0	0	90 2e 7f 
11880	0	0	92 40 64 
11880	0	0	92 3b 64 
11880	0	0	92 37 64 
11880	0	0	93 1f 6f 
11880	0	0	94 34 64 
11880	0	0	94 3b 64 
11880	0	0	94 37 64 
11880	0	0	96 34 63 
11880	0	0	96 37 63 
11880	0	0	96 3b 63 
11880	0	0	97 1f 58 
11880	0	0	99 2a 64 
11880	0	0	99 28 78 
11880	0	0	99 26 78 
11910	30	0	97 1f 0 
11910	0	0	97 1f 4d 
11935	25	0	93 1f 0 
11940	5	0	92 37 0 
11940	0	0	96 3b 0 
11940	0	0	97 1f 0 
11940	0	0	94 34 0 
11940	0	0	92 40 0 
11940	0	0	94 37 0 
11940	0	0	90 3a 0 
11940	0	0	90 2e 0 
11940	0	0	99 2a 0 
11940	0	0	92 3b 0 
11940	0	0	99 28 0 
11940	0	0	99 26 0 
11940	0	0	96 37 0 
11940	0	0	96 34 0 
11940	0	0	94 3b 0 
11940	0	0	90 37 75 
11940	0	0	90 2b 75 
11940	0	0	92 2b 5a 
11940	0	0	92 37 5a 
11940	0	0	93 1f 6f 
11940	0	0	94 2b 50 
11940	0	0	96 37 50 
11940	0	0	97 1f 58 
11940	0	0	99 2e 64 
11940	0	0	99 26 62 
11940	0	0	99 28 6c 
11970	30	0	99 28 0 
11970	0	0	99 26 0 
11970	0	0	97 1f 0 
11970	0	0	97 1f 4d 
11995	25	0	93 1f 0 
12000	5	0	99 2e 0 
12000	0	0	91 3e 0 
12000	0	0	92 37 0 
12000	0	0	91 47 0 
12000	0	0	91 4a 0 
12000	0	0	91 43 0 
12000	0	0	90 37 0 
12000	0	0	90 2b 0 
12000	0	0	94 2b 0 
12000	0	0	92 2b 0 
12000	0	0	97 1f 0 
12000	0	0	96 37 0 
12000	0	0	90 39 7e 
12000	0	0	90 2d 7e 
12000	0	0	91 4e 50 
12000	0	0	91 51 50 
12000	0	0	91 4a 50 
12000	0	0	91 45 50 
12000	0	0	92 42 64 
12000	0	0	92 3e 64 
12000	0	0	92 45 64 
12000	0	0	93 26 6f 
12000	0	0	94 3e 64 
12000	0	0	94 39 64 
12000	0	0	94 42 64 
12000	0	0	96 42 60 
12000	0	0	96 3e 63 
12000	0	0	96 39 63 
12000	0	0	97 26 58 
12000	0	0	99 24 78 
12000	0	0	99 31 7a 
12030	30	0	97 26 0 
12030	0	0	97 26 4d 
12055	25	0	93 26 0 
12060	5	0	99 24 0 
12060	0	0	90 39 0 
12060	0	0	92 42 0 
12060	0	0	97 26 0 
12060	0	0	94 42 0 
12060	0	0	96 39 0 
12060	0	0	90 2d 0 
12060	0	0	94 3e 0 
12060	0	0	92 3e 0 
12060	0	0	99 31 0 
12060	0	0	92 45 0 
12060	0	0	96 3e 0 
12060	0	0	96 42 0 
12060	0	0	94 39 0 
12060	0	0	90 39 75 
12060	0	0	90 2d 75 
12060	0	0	92 32 5a 
12060	0	0	92 3e 5a 
12060	0	0	93 26 6f 
12060	0	0	94 32 50 
12060	0	0	96 3e 50 
12060	0	0	97 26 58 
12060	0	0	99 2a 64 
12090	30	0	97 26 0 
12090	0	0	97 26 4d 
12115	25	0	93 26 0 
12120	5	0	99 2a 0 
12120	0	0	96 3e 0 
12120	0	0	92 3e 0 
12120	0	0	92 32 0 
12120	0	0	94 32 0 
12120	0	0	97 26 0 
12120	0	0	90 39 0 
12120	0	0	90 2d 0 
12120	0	0	90 39 71 
12120	0	0	90 2d 71 
12120	0	0	92 47 64 
12120	0	0	92 3e 64 
12120	0	0	92 42 64 
12120	0	0	93 26 6f 
12120	0	0	94 3e 64 
12120	0	0	94 3b 64 
12120	0	0	94 42 64 
12120	0	0	96 42 63 
12120	0	0	96 3b 63 
12120	0	0	97 26 58 
12120	0	0	99 2a 64 
12120	0	0	99 26 78 
12150	30	0	97 26 0 
12150	0	0	97 26 4d 
12175	25	0	93 26 0 
12180	5	0	99 2a 0 
12180	0	0	97 26 0 
12180	0	0	99 26 0 
12180	0	0	94 42 0 
12180	0	0	90 39 0 
12180	0	0	90 2d 0 
12180	0	0	92 47 0 
12180	0	0	92 3e 0 
12180	0	0	94 3e 0 
12180	0	0	92 42 0 
12180	0	0	96 3b 0 
12180	0	0	96 42 0 
12180	0	0	94 3b 0 
12180	0	0	90 37 6c 
12180	0	0	90 2b 6c 
12180	0	0	92 32 5a 
12180	0	0	92 3e 5a 
12180	0	0	93 26 6f 
12180	0	0	94 32 50 
12180	0	0	96 3e 50 
12180	0	0	97 26 58 
12180	0	0	99 2a 64 
12210	30	0	97 26 0 
12210	0	0	97 26 4d 
12235	25	0	93 26 0 
12240	5	0	99 2a 0 
12240	0	0	96 3e 0 
12240	0	0	92 3e 0 
12240	0	0	92 32 0 
12240	0	0	94 32 0 
12240	0	0	97 26 0 
12240	0	0	90 37 0 
12240	0	0	90 2b 0 
12240	0	0	90 39 6c 
12240	0	0	90 2d 6c 
12240	0	0	92 48 64 
12240	0	0	92 42 64 
12240	0	0	92 3e 64 
12240	0	0	92 45 64 
12240	0	0	93 26 6f 
12240	0	0	94 42 64 
12240	0	0	94 3c 64 
12240	0	0	94 39 64 
12240	0	0	96 42 63 
12240	0	0	96 39 63 
12240	0	0	96 3c 63 
12240	0	0	97 26 58 
12240	0	0	99 2a 64 
12240	0	0	99 24 78 
12270	30	0	97 26 0 
12270	0	0	97 26 4d 
12295	25	0	93 26 0 
12300	5	0	92 3e 0 
12300	0	0	96 39 0 
12300	0	0	97 26 0 
12300	0	0	92 45 0 
12300	0	0	92 48 0 
12300	0	0	94 3c 0 
12300	0	0	90 39 0 
12300	0	0	90 2d 0 
12300	0	0	96 3c 0 
12300	0	0	92 42 0 
12300	0	0	99 2a 0 
12300	0	0	99 24 0 
12300	0	0	96 42 0 
12300	0	0	94 39 0 
12300	0	0	94 42 0 
12300	0	0	92 32 5a 
12300	0	0	92 3e 5a 
12300	0	0	93 26 6f 
12300	0	0	94 32 50 
12300	0	0	96 3e 50 
12300	0	0	97 26 58 
12300	0	0	99 2a 64 
12330	30	0	97 26 0 
12330	0	0	97 26 4d 
12355	25	0	93 26 0 
12360	5	0	99 2a 0 
12360	0	0	97 26 0 
12360	0	0	94 32 0 
12360	0	0	96 3e 0 
12360	0	0	92 32 0 
12360	0	0	92 3e 0 
12360	0	0	90 39 75 
12360	0	0	90 2d 75 
12360	0	0	92 47 64 
12360	0	0	92 42 64 
12360	0	0	92 3e 64 
12360	0	0	93 26 6f 
12360	0	0	94 3b 64 
12360	0	0	94 42 64 
12360	0	0	94 3e 64 
12360	0	0	96 3b 63 
12360	0	0	96 3e 63 
12360	0	0	96 42 63 
12360	0	0	97 26 58 
12360	0	0	99 2a 64 
12360	0	0	99 28 78 
12360	0	0	99 26 78 
12390	30	0	97 26 0 
12390	0	0	97 26 4d 
12415	25	0	93 26 0 
12420	5	0	92 3e 0 
12420	0	0	96 42 0 
12420	0	0	97 26 0 
12420	0	0	94 3b 0 
12420	0	0	92 47 0 
12420	0	0	94 3e 0 
12420	0	0	90 39 0 
12420	0	0	90 2d 0 
12420	0	0	99 2a 0 
12420	0	0	92 42 0 
12420	0	0	99 28 0 
12420	0	0	99 26 0 
12420	0	0	96 3e 0 
12420	0	0	96 3b 0 
12420	0	0	94 42 0 
12420	0	0	90 37 62 
12420	0	0	90 2b 62 
12420	0	0	92 32 5a 
12420	0	0	92 3e 5a 
12420	0	0	93 26 6f 
12420	0	0	94 32 50 
12420	0	0	96 3e 50 
12420	0	0	97 26 58 
12420	0	0	99 2a 64 
12450	30	0	97 26 0 
12450	0	0	97 26 4d 
12475	25	0	93 26 0 
12480	5	0	99 2a 0 
12480	0	0	91 4e 0 
12480	0	0	92 3e 0 
12480	0	0	91 45 0 
12480	0	0	91 51 0 
12480	0	0	91 4a 0 
12480	0	0	90 37 0 
12480	0	0	90 2b 0 
12480	0	0	94 32 0 
12480	0	0	92 32 0 
12480	0	0	97 26 0 
12480	0	0	96 3e 0 
12480	0	0	90 39 7e 
12480	0	0	90 2d 7e 
12480	0	0	91 4c 50 
12480	0	0	91 4f 50 
12480	0	0	91 48 50 
12480	0	0	91 43 50 
12480	0	0	92 40 64 
12480	0	0	92 3c 64 
12480	0	0	92 43 64 
12480	0	0	93 24 6f 
12480	0	0	94 3c 64 
12480	0	0	94 37 64 
12480	0	0	94 40 64 
12480	0	0	96 40 60 
12480	0	0	96 3c 63 
12480	0	0	96 37 63 
12480	0	0	97 24 58 
12480	0	0	99 24 78 
12480	0	0	99 31 60 
12510	30	0	97 24 0 
12510	0	0	97 24 4d 
12535	25	0	93 24 0 
12540	5	0	99 24 0 
12540	0	0	97 24 0 
12540	0	0	96 37 0 
12540	0	0	94 3c 0 
12540	0	0	94 40 0 
12540	0	0	92 40 0 
12540	0	0	99 31 0 
12540	0	0	92 43 0 
12540	0	0	92 3c 0 
12540	0	0	96 3c 0 
12540	0	0	94 37 0 
12540	0	0	96 40 0 
12540	0	0	92 30 5a 
12540	0	0	92 3c 5a 
12540	0	0	93 24 6f 
12540	0	0	94 30 50 
12540	0	0	96 3c 50 
12540	0	0	97 24 58 
12540	0	0	99 2a 64 
12570	30	0	97 24 0 
12570	0	0	90 2d 0 
12570	0	0	90 39 0 
12570	0	0	97 24 4d 
12595	25	0	93 24 0 
12600	5	0	96 3c 0 
12600	0	0	97 24 0 
12600	0	0	92 30 0 
12600	0	0	92 3c 0 
12600	0	0	94 30 0 
12600	0	0	99 2a 0 
12600	0	0	90 39 7e 
12600	0	0	90 2d 7e 
12600	0	0	92 45 64 
12600	0	0	92 3c 64 
12600	0	0	92 40 64 
12600	0	0	93 24 6f 
12600	0	0	94 3c 64 
12600	0	0	94 39 64 
12600	0	0	94 40 64 
12600	0	0	96 40 63 
12600	0	0	96 39 63 
12600	0	0	97 24 58 
12600	0	0	99 2a 64 
12600	0	0	99 26 78 
12630	30	0	97 24 0 
12630	0	0	97 24 4d 
12655	25	0	93 24 0 
12660	5	0	99 2a 0 
12660	0	0	97 24 0 
12660	0	0	99 26 0 
12660	0	0	94 40 0 
12660	0	0	92 45 0 
12660	0	0	94 3c 0 
12660	0	0	92 40 0 
12660	0	0	92 3c 0 
12660	0	0	96 39 0 
12660	0	0	94 39 0 
12660	0	0	96 40 0 
12660	0	0	92 30 5a 
12660	0	0	92 3c 5a 
12660	0	0	93 24 6f 
12660	0	0	94 30 50 
12660	0	0	96 3c 50 
12660	0	0	97 24 58 
12660	0	0	99 2a 64 
12690	30	0	97 24 0 
12690	0	0	90 2d 0 
12690	0	0	90 39 0 
12690	0	0	97 24 4d 
12715	25	0	93 24 0 
12720	5	0	96 3c 0 
12720	0	0	97 24 0 
12720	0	0	92 30 0 
12720	0	0	92 3c 0 
12720	0	0	94 30 0 
12720	0	0	99 2a 0 
12720	0	0	90 39 7f 
12720	0	0	90 2d 7f 
12720	0	0	92 46 64 
12720	0	0	92 40 64 
12720	0	0	92 3c 64 
12720	0	0	92 43 64 
12720	0	0	93 24 6f 
12720	0	0	94 40 64 
12720	0	0	94 3a 64 
12720	0	0	94 37 64 
12720	0	0	96 40 63 
12720	0	0	96 37 63 
12720	0	0	96 3a 63 
12720	0	0	97 24 58 
12720	0	0	99 2a 64 
12720	0	0	99 24 78 
12750	30	0	97 24 0 
12750	0	0	97 24 4d 
12775	25	0	93 24 0 
12780	5	0	92 3c 0 
12780	0	0	96 37 0 
12780	0	0	97 24 0 
12780	0	0	92 43 0 
12780	0	0	92 46 0 
12780	0	0	94 3a 0 
12780	0	0	90 39 0 
12780	0	0	90 2d 0 
12780	0	0	96 3a 0 
12780	0	0	92 40 0 
12780	0	0	99 2a 0 
12780	0	0	99 24 0 
12780	0	0	96 40 0 
12780	0	0	94 37 0 
12780	0	0	94 40 0 
12780	0	0	90 37 67 
12780	0	0	90 2b 67 
12780	0	0	92 30 5a 
12780	0	0	92 3c 5a 
12780	0	0	93 24 6f 
12780	0	0	94 30 50 
12780	0	0	96 3c 50 
12780	0	0	97 24 58 
12780	0	0	99 2a 64 
12810	30	0	97 24 0 
12810	0	0	97 24 4d 
12835	25	0	93 24 0 
12840	5	0	99 2a 0 
12840	0	0	96 3c 0 
12840	0	0	92 3c 0 
12840	0	0	92 30 0 
12840	0	0	94 30 0 
12840	0	0	97 24 0 
12840	0	0	90 37 0 
12840	0	0	90 2b 0 
12840	0	0	90 39 7e 
12840	0	0	90 2d 7e 
12840	0	0	92 45 64 
12840	0	0	92 40 64 
12840	0	0	92 3c 64 
12840	0	0	93 24 6f 
12840	0	0	94 39 64 
12840	0	0	94 40 64 
12840	0	0	94 3c 64 
12840	0	0	96 39 63 
12840	0	0	96 3c 63 
12840	0	0	96 40 63 
12840	0	0	97 24 58 
12840	0	0	99 2a 64 
12840	0	0	99 28 78 
12840	0	0	99 26 78 
12870	30	0	97 24 0 
12870	0	0	97 24 4d 
12895	25	0	93 24 0 
12900	5	0	92 3c 0 
12900	0	0	96 40 0 
12900	0	0	97 24 0 
12900	0	0	94 39 0 
12900	0	0	92 45 0 
12900	0	0	94 3c 0 
12900	0	0	90 39 0 
12900	0	0	90 2d 0 
12900	0	0	99 2a 0 
12900	0	0	92 40 0 
12900	0	0	99 28 0 
12900	0	0	99 26 0 
12900	0	0	96 3c 0 
12900	0	0	96 39 0 
12900	0	0	94 40 0 
12900	0	0	90 37 6f 
12900	0	0	90 2b 6f 
12900	0	0	92 30 5a 
12900	0	0	92 3c 5a 
12900	0	0	93 24 6f 
12900	0	0	94 30 50 
12900	0	0	96 3c 50 
12900	0	0	97 24 58 
12900	0	0	99 2e 7d 
12930	30	0	97 24 0 
12930	0	0	97 24 4d 
12955	25	0	93 24 0 
12960	5	0	99 2e 0 
12960	0	0	91 4c 0 
12960	0	0	92 3c 0 
12960	0	0	91 43 0 
12960	0	0	91 4f 0 
12960	0	0	91 48 0 
12960	0	0	90 37 0 
12960	0	0	90 2b 0 
12960	0	0	94 30 0 
12960	0	0	92 30 0 
12960	0	0	97 24 0 
12960	0	0	96 3c 0 
12960	0	0	90 3e 7e 
12960	0	0	90 32 7e 
12960	0	0	91 47 50 
12960	0	0	91 4a 50 
12960	0	0	91 43 50 
12960	0	0	91 3e 50 
12960	0	0	92 3b 64 
12960	0	0	92 37 64 
12960	0	0	92 3e 64 
12960	0	0	93 1f 6f 
12960	0	0	94 37 64 
12960	0	0	94 32 64 
12960	0	0	94 3b 64 
12960	0	0	96 3b 60 
12960	0	0	96 37 63 
12960	0	0	96 32 63 
12960	0	0	97 1f 58 
12960	0	0	99 2a 64 
12960	0	0	99 24 78 
12990	30	0	97 1f 0 
12990	0	0	97 1f 4d 
13015	25	0	93 1f 0 
13020	5	0	99 2a 0 
13020	0	0	90 3e 0 
13020	0	0	92 3b 0 
13020	0	0	97 1f 0 
13020	0	0	94 3b 0 
13020	0	0	96 32 0 
13020	0	0	90 32 0 
13020	0	0	94 37 0 
13020	0	0	92 37 0 
13020	0	0	99 24 0 
13020	0	0	92 3e 0 
13020	0	0	96 37 0 
13020	0	0	96 3b 0 
13020	0	0	94 32 0 
13020	0	0	90 3a 7f 
13020	0	0	90 2e 7f 
13020	0	0	92 2b 5a 
13020	0	0	92 37 5a 
13020	0	0	93 1f 6f 
13020	0	0	94 2b 50 
13020	0	0	96 37 50 
13020	0	0	97 1f 58 
13020	0	0	99 2a 64 
13050	30	0	97 1f 0 
13050	0	0	97 1f 4d 
13075	25	0	93 1f 0 
13080	5	0	99 2a 0 
13080	0	0	96 37 0 
13080	0	0	92 37 0 
13080	0	0	92 2b 0 
13080	0	0	94 2b 0 
13080	0	0	97 1f 0 
13080	0	0	90 3a 0 
13080	0	0	90 2e 0 
13080	0	0	90 37 7f 
13080	0	0	90 2b 7f 
13080	0	0	92 40 64 
13080	0	0	92 37 64 
13080	0	0	92 3b 64 
13080	0	0	93 1f 6f 
13080	0	0	94 37 64 
13080	0	0	94 34 64 
13080	0	0	94 3b 64 
13080	0	0	96 3b 63 
13080	0	0	96 34 63 
13080	0	0	97 1f 58 
13080	0	0	99 2a 64 
13080	0	0	99 26 78 
13110	30	0	97 1f 0 
13110	0	0	97 1f 4d 
13135	25	0	93 1f 0 
13140	5	0	99 2a 0 
13140	0	0	97 1f 0 
13140	0	0	99 26 0 
13140	0	0	94 3b 0 
13140	0	0	92 40 0 
13140	0	0	94 37 0 
13140	0	0	92 3b 0 
13140	0	0	92 37 0 
13140	0	0	96 34 0 
13140	0	0	94 34 0 
13140	0	0	96 3b 0 
13140	0	0	92 2b 5a 
13140	0	0	92 37 5a 
13140	0	0	93 1f 6f 
13140	0	0	94 2b 50 
13140	0	0	96 37 50 
13140	0	0	97 1f 58 
13140	0	0	99 2a 64 
13170	30	0	97 1f 0 
13170	0	0	97 1f 4d 
13195	25	0	93 1f 0 
13200	5	0	99 2a 0 
13200	0	0	96 37 0 
13200	0	0	92 37 0 
13200	0	0	92 2b 0 
13200	0	0	90 2b 0 
13200	0	0	94 2b 0 
13200	0	0	97 1f 0 
13200	0	0	90 37 0 
13200	0	0	92 41 64 
13200	0	0	92 3b 64 
13200	0	0	92 37 64 
13200	0	0	92 3e 64 
13200	0	0	93 1f 6f 
13200	0	0	94 3b 64 
13200	0	0	94 35 64 
13200	0	0	94 32 64 
13200	0	0	96 3b 63 
13200	0	0	96 32 63 
13200	0	0	96 35 63 
13200	0	0	97 1f 58 
13200	0	0	99 2a 64 
13200	0	0	99 24 78 
13230	30	0	97 1f 0 
13230	0	0	97 1f 4d 
13255	25	0	93 1f 0 
13260	5	0	99 2a 0 
13260	0	0	97 1f 0 
13260	0	0	99 24 0 
13260	0	0	96 3b 0 
13260	0	0	92 41 0 
13260	0	0	92 3b 0 
13260	0	0	92 37 0 
13260	0	0	92 3e 0 
13260	0	0	94 35 0 
13260	0	0	94 3b 0 
13260	0	0	96 35 0 
13260	0	0	96 32 0 
13260	0	0	94 32 0 
13260	0	0	92 2b 5a 
13260	0	0	92 37 5a 
13260	0	0	93 1f 6f 
13260	0	0	94 2b 50 
13260	0	0	96 37 50 
13260	0	0	97 1f 58 
13260	0	0	99 2a 64 
13290	30	0	97 1f 0 
13290	0	0	97 1f 4d 
13315	25	0	93 1f 0 
13320	5	0	99 2a 0 
13320	0	0	97 1f 0 
13320	0	0	94 2b 0 
13320	0	0	96 37 0 
13320	0	0	92 2b 0 
13320	0	0	92 37 0 
13320	0	0	92 40 64 
13320	0	0	92 3b 64 
13320	0	0	92 37 64 
13320	0	0	93 1f 6f 
13320	0	0	94 34 64 
13320	0	0	94 3b 64 
13320	0	0	94 37 64 
13320	0	0	96 34 63 
13320	0	0	96 37 63 
13320	0	0	96 3b 63 
13320	0	0	97 1f 58 
13320	0	0	99 2a 64 
13320	0	0	99 28 78 
13320	0	0	99 26 78 
13350	30	0	97 1f 0 
13350	0	0	97 1f 4d 
13375	25	0	93 1f 0 
13380	5	0	99 2a 0 
13380	0	0	92 37 0 
13380	0	0	97 1f 0 
13380	0	0	96 37 0 
13380	0	0	92 40 0 
13380	0	0	99 26 0 
13380	0	0	94 37 0 
13380	0	0	94 34 0 
13380	0	0	99 28 0 
13380	0	0	94 3b 0 
13380	0	0	96 34 0 
13380	0	0	96 3b 0 
13380	0	0	92 3b 0 
13380	0	0	92 2b 5a 
13380	0	0	92 37 5a 
13380	0	0	93 1f 6f 
13380	0	0	94 2b 50 
13380	0	0	96 37 50 
13380	0	0	97 1f 58 
13380	0	0	99 2a 64 
13410	30	0	97 1f 0 
13410	0	0	97 1f 4d 
13435	25	0	93 1f 0 
13440	5	0	99 2a 0 
13440	0	0	91 47 0 
13440	0	0	91 3e 0 
13440	0	0	91 43 0 
13440	0	0	92 2b 0 
13440	0	0	91 4a 0 
13440	0	0	96 37 0 
13440	0	0	94 2b 0 
13440	0	0	92 37 0 
13440	0	0	97 1f 0 
13440	0	0	91 47 50 
13440	0	0	91 4a 50 
13440	0	0	91 43 50 
13440	0	0	91 3e 50 
13440	0	0	92 3b 64 
13440	0	0	92 37 64 
13440	0	0	92 3e 64 
13440	0	0	93 1f 6f 
13440	0	0	94 37 64 
13440	0	0	94 32 64 
13440	0	0	94 3b 64 
13440	0	0	96 3b 60 
13440	0	0	96 37 63 
13440	0	0	96 32 63 
13440	0	0	97 1f 58 
13440	0	0	99 2a 64 
13440	0	0	99 24 78 
13470	30	0	97 1f 0 
13470	0	0	97 1f 4d 
13495	25	0	93 1f 0 
13500	5	0	94 3b 0 
13500	0	0	97 1f 0 
13500	0	0	96 37 0 
13500	0	0	92 3b 0 
13500	0	0	92 37 0 
13500	0	0	99 24 0 
13500	0	0	94 37 0 
13500	0	0	99 2a 0 
13500	0	0	94 32 0 
13500	0	0	92 3e 0 
13500	0	0	96 32 0 
13500	0	0	96 3b 0 
13500	0	0	92 2b 5a 
13500	0	0	92 37 5a 
13500	0	0	93 1f 6f 
13500	0	0	94 2b 50 
13500	0	0	96 37 50 
13500	0	0	97 1f 58 
13500	0	0	99 2a 64 
13530	30	0	97 1f 0 
13530	0	0	97 1f 4d 
13555	25	0	93 1f 0 
13560	5	0	99 2a 0 
13560	0	0	97 1f 0 
13560	0	0	94 2b 0 
13560	0	0	96 37 0 
13560	0	0	92 2b 0 
13560	0	0	92 37 0 
13560	0	0	92 40 64 
13560	0	0	92 37 64 
13560	0	0	92 3b 64 
13560	0	0	93 1f 6f 
13560	0	0	94 37 64 
13560	0	0	94 34 64 
13560	0	0	94 3b 64 
13560	0	0	96 3b 63 
13560	0	0	96 34 63 
13560	0	0	97 1f 58 
13560	0	0	99 2a 64 
13560	0	0	99 26 78 
13590	30	0	97 1f 0 
13590	0	0	97 1f 4d 
13615	25	0	93 1f 0 
13620	5	0	92 3b 0 
13620	0	0	96 34 0 
13620	0	0	92 40 0 
13620	0	0	97 1f 0 
13620	0	0	99 26 0 
13620	0	0	94 37 0 
13620	0	0	94 3b 0 
13620	0	0	94 34 0 
13620	0	0	96 3b 0 
13620	0	0	99 2a 0 
13620	0	0	92 37 0 
13620	0	0	92 2b 5a 
13620	0	0	92 37 5a 
13620	0	0	93 1f 6f 
13620	0	0	94 2b 50 
13620	0	0	96 37 50 
13620	0	0	97 1f 58 
13620	0	0	99 2a 64 
13650	30	0	97 1f 0 
13650	0	0	97 1f 4d 
13675	25	0	93 1f 0 
13680	5	0	99 2a 0 
13680	0	0	97 1f 0 
13680	0	0	94 2b 0 
13680	0	0	96 37 0 
13680	0	0	92 2b 0 
13680	0	0	92 37 0 
13680	0	0	92 41 64 
13680	0	0	92 3b 64 
13680	0	0	92 37 64 
13680	0	0	92 3e 64 
13680	0	0	93 1f 6f 
13680	0	0	94 3b 64 
13680	0	0	94 35 64 
13680	0	0	94 32 64 
13680	0	0	96 3b 63 
13680	0	0	96 32 63 
13680	0	0	96 35 63 
13680	0	0	97 1f 58 
13680	0	0	99 26 3a 
13680	0	0	99 24 46 
13680	0	0	99 2d 45 
13710	30	0	97 1f 0 
13710	0	0	97 1f 4d 
13735	25	0	93 1f 0 
13740	5	0	99 24 0 
13740	0	0	97 1f 0 
13740	0	0	99 26 0 
13740	0	0	94 35 0 
13740	0	0	96 3b 0 
13740	0	0	92 41 0 
13740	0	0	92 3b 0 
13740	0	0	92 37 0 
13740	0	0	92 3e 0 
13740	0	0	99 2d 0 
13740	0	0	94 3b 0 
13740	0	0	96 35 0 
13740	0	0	96 32 0 
13740	0	0	94 32 0 
13740	0	0	92 2b 5a 
13740	0	0	92 37 5a 
13740	0	0	93 1f 6f 
13740	0	0	94 2b 50 
13740	0	0	96 37 50 
13740	0	0	97 1f 58 
13740	0	0	99 2d 6a 
13740	0	0	99 26 6c 
13740	0	0	99 24 67 
13770	30	0	97 1f 0 
13770	0	0	97 1f 4d 
13795	25	0	93 1f 0 
13800	5	0	99 26 0 
13800	0	0	92 37 0 
13800	0	0	96 37 0 
13800	0	0	94 2b 0 
13800	0	0	99 2d 0 
13800	0	0	97 1f 0 
13800	0	0	92 2b 0 
13800	0	0	99 24 0 
13800	0	0	92 40 64 
13800	0	0	92 3b 64 
13800	0	0	92 37 64 
13800	0	0	93 1f 6f 
13800	0	0	94 34 64 
13800	0	0	94 3b 64 
13800	0	0	94 37 64 
13800	0	0	96 34 63 
13800	0	0	96 37 63 
13800	0	0	96 3b 63 
13800	0	0	97 1f 58 
13800	0	0	99 2d 7f 
13800	0	0	99 26 7e 
13800	0	0	99 24 7e 
13830	30	0	97 1f 0 
13830	0	0	97 1f 4d 
13855	25	0	93 1f 0 
13860	5	0	99 2d 0 
13860	0	0	92 37 0 
13860	0	0	97 1f 0 
13860	0	0	96 37 0 
13860	0	0	92 40 0 
13860	0	0	99 24 0 
13860	0	0	94 37 0 
13860	0	0	94 34 0 
13860	0	0	99 26 0 
13860	0	0	94 3b 0 
13860	0	0	96 34 0 
13860	0	0	96 3b 0 
13860	0	0	92 3b 0 
13860	0	0	92 2b 5a 
13860	0	0	92 37 5a 
13860	0	0	93 1f 6f 
13860	0	0	94 2b 50 
13860	0	0	96 37 50 
13860	0	0	97 1f 58 
13860	0	0	99 2d 7f 
13860	0	0	99 26 7f 
13860	0	0	99 24 7f 
13890	30	0	97 1f 0 
13890	0	0	97 1f 4d 
13915	25	0	93 1f 0 
13920	5	0	99 26 0 
13920	0	0	91 4a 0 
13920	0	0	96 37 0 
13920	0	0	91 43 0 
13920	0	0	91 47 0 
13920	0	0	91 3e 0 
13920	0	0	92 2b 0 
13920	0	0	99 24 0 
13920	0	0	99 2d 0 
13920	0	0	94 2b 0 
13920	0	0	97 1f 0 
13920	0	0	92 37 0 
13920	0	0	ff 2f 0 
