TPQ: 96
TRACKS: 18
0	0	0	ff 7f a 0 0 5b 23 1 0 5 5 28 0 
0	0	0	ff 3 15 54 68 65 20 53 74 61 72 73 20 61 6e 64 20 53 74 72 69 70 65 73 
0	0	0	ff 54 5 60 0 3 0 0 
0	0	0	ff 21 1 0 
0	0	0	ff 2 35 54 68 69 73 20 41 72 72 61 6e 67 65 6d 65 6e 74 20 43 6f 70 79 72 69 67 68 74 20 a9 31 39 39 39 20 42 65 6e 6a 61 6d 69 6e 20 52 6f 62 65 72 74 20 54 75 62 62 
0	0	0	ff 1 2e 57 6f 72 64 73 20 62 79 20 4a 2e 20 54 2e 20 46 2e 20 4d 75 73 69 63 20 62 79 20 4f 2e 20 42 2e 20 42 72 6f 77 6e 2e 20 28 31 38 36 31 29 
0	0	0	ff 1 19 66 6f 72 20 47 65 6e 65 72 61 6c 20 4d 49 44 49 20 70 6c 61 79 62 61 63 6b 
0	0	0	ff 1 38 44 65 64 69 63 61 74 65 64 20 74 6f 20 41 72 74 68 75 72 20 4c 69 74 74 6c 65 20 61 6e 64 20 68 69 73 20 42 72 61 76 65 20 59 6f 75 6e 67 20 43 6f 6d 72 61 64 65 73 2e 
0	0	0	ff 58 4 4 2 18 8 
0	0	0	ff 59 2 1 0 
0	0	0	ff 51 3 8 7a 57 
0	0	1	ff 3 7 53 6f 70 72 61 6e 6f 
0	0	1	ff 21 1 0 
0	0	2	ff 3 4 41 6c 74 6f 
0	0	2	ff 21 1 0 
0	0	3	ff 3 4 42 61 73 73 
0	0	3	ff 21 1 0 
0	0	4	ff 3 a 50 69 61 6e 6f 20 28 68 69 29 
0	0	4	ff 21 1 0 
0	0	5	ff 3 a 50 69 61 6e 6f 20 28 6c 6f 29 
0	0	5	ff 21 1 0 
0	0	6	ff 3 13 28 42 52 54 29 20 41 63 6f 75 73 74 69 63 20 42 61 73 73 
0	0	6	ff 21 1 0 
0	0	7	ff 3 e 28 42 52 54 29 20 47 4d 20 44 72 75 6d 73 
0	0	7	ff 21 1 0 
0	0	8	ff 3 c 44 65 64 69 63 61 74 65 64 20 74 6f 
0	0	8	ff 21 1 0 
0	0	9	ff 3 2b 41 72 74 68 75 72 20 4c 69 74 74 6c 65 20 61 6e 64 20 68 69 73 20 42 72 61 76 65 20 59 6f 75 6e 67 20 43 6f 6d 72 61 64 65 73 2e 
0	0	9	ff 21 1 0 
0	0	10	ff 3 1e 22 54 68 65 20 53 74 61 72 73 20 61 6e 64 20 53 74 72 69 70 65 73 22 20 28 31 38 36 31 29 
0	0	10	ff 21 1 0 
0	0	11	ff 3 11 57 6f 72 64 73 20 62 79 20 4a 2e 20 54 2e 20 46 2e 
0	0	11	ff 21 1 0 
0	0	12	ff 3 14 4d 75 73 69 63 20 62 79 20 4f 2e 20 42 2e 20 42 72 6f 77 6e 
0	0	12	ff 21 1 0 
0	0	13	ff 3 17 53 65 71 75 65 6e 63 65 64 20 6f 6e 20 33 20 41 70 72 20 31 39 39 39 
0	0	13	ff 21 1 0 
0	0	14	ff 3 17 62 79 20 42 65 6e 6a 61 6d 69 6e 20 52 6f 62 65 72 74 20 54 75 62 62 
0	0	14	ff 21 1 0 
0	0	15	ff 3 14 62 72 74 75 62 62 40 67 65 6f 63 69 74 69 65 73 2e 63 6f 6d 
0	0	15	ff 21 1 0 
0	0	16	ff 3 1c 68 74 74 70 3a 2f 2f 6d 69 64 69 66 6f 72 75 6d 2e 63 6f 6d 2f 62 72 74 75 62 62 2f 
0	0	16	ff 21 1 0 
0	0	17	ff 3 19 66 6f 72 20 47 65 6e 65 72 61 6c 20 4d 49 44 49 20 70 6c 61 79 62 61 63 6b 
0	0	17	ff 21 1 0 
0	0	0	f0 7e 7f 9 1 f7 
0	0	17	ff 2f 0 
0	0	16	ff 2f 0 
0	0	15	ff 2f 0 
0	0	14	ff 2f 0 
0	0	13	ff 2f 0 
0	0	12	ff 2f 0 
0	0	11	ff 2f 0 
0	0	10	ff 2f 0 
0	0	9	ff 2f 0 
0	0	8	ff 2f 0 
355	355	5	c4 0 
356	1	7	c9 0 
357	1	4	c3 0 
358	1	1	b0 1 18 
359	1	5	b4 7 7f 
360	1	1	b0 7 7f 
361	1	4	b3 7 7f 
362	1	3	b2 7 78 
363	1	7	b9 7 70 
364	1	2	b1 7 78 
365	1	6	b5 7 70 
366	1	7	b9 a 40 
367	1	3	b2 a 7f 
368	1	6	b5 a 48 
369	1	5	b4 a 29 
370	1	2	b1 a 0 
371	1	4	b3 a 55 
372	1	1	b0 a 40 
373	1	6	c5 20 
374	1	1	c0 40 
375	1	2	c1 41 
376	1	3	c2 43 
377	1	6	b5 5b 0 
378	1	5	b4 5b 48 
379	1	7	b9 5b 60 
380	1	1	b0 5b c 
381	1	4	b3 5b 48 
382	1	1	b0 5d 70 
384	2	0	ff 6 10 56 65 72 73 65 20 31 2f 53 70 69 72 69 74 65 64 
384	0	7	99 26 6f 
384	0	7	99 24 6f 
384	0	7	99 2c 6f 
384	0	6	95 2b 6f 
384	0	5	94 37 5f 
384	0	5	94 2b 5f 
384	0	4	93 43 6f 
384	0	4	93 3e 6f 
384	0	4	93 3b 6f 
384	0	1	90 4a 6f 
392	8	7	99 26 0 
392	0	7	99 24 0 
392	0	7	99 2c 0 
408	16	7	99 2c 6f 
416	8	7	99 2c 0 
432	16	7	99 2c 6f 
440	8	7	99 2c 0 
447	7	1	90 4a 0 
456	9	7	99 2c 6f 
456	0	1	90 47 6f 
464	8	7	99 2c 0 
468	4	6	95 2b 0 
468	0	5	94 37 0 
468	0	5	94 2b 0 
468	0	4	93 43 0 
468	0	4	93 3e 0 
468	0	4	93 3b 0 
477	9	1	90 47 0 
480	3	7	99 26 6f 
480	0	7	99 24 6f 
480	0	7	99 2c 6f 
480	0	6	95 2b 6f 
480	0	5	94 37 5f 
480	0	5	94 2b 5f 
480	0	4	93 43 6f 
480	0	4	93 3e 6f 
480	0	4	93 3b 6f 
480	0	1	90 43 6f 
488	8	7	99 26 0 
488	0	7	99 24 0 
488	0	7	99 2c 0 
504	16	7	99 2c 6f 
512	8	7	99 2c 0 
528	16	7	99 2c 6f 
536	8	7	99 2c 0 
543	7	1	90 43 0 
552	9	7	99 2c 6f 
552	0	1	90 45 6f 
560	8	7	99 2c 0 
564	4	6	95 2b 0 
564	0	5	94 37 0 
564	0	5	94 2b 0 
564	0	4	93 43 0 
564	0	4	93 3e 0 
564	0	4	93 3b 0 
573	9	1	90 45 0 
576	3	7	99 26 6f 
576	0	7	99 24 6f 
576	0	7	99 2c 6f 
576	0	6	95 2b 6f 
576	0	5	94 37 5f 
576	0	5	94 2b 5f 
576	0	4	93 43 6f 
576	0	4	93 3e 6f 
576	0	4	93 3b 6f 
576	0	1	90 47 6f 
584	8	7	99 26 0 
584	0	7	99 24 0 
584	0	7	99 2c 0 
600	16	7	99 2c 6f 
608	8	7	99 2c 0 
624	16	7	99 2c 6f 
632	8	7	99 2c 0 
648	16	7	99 2c 6f 
656	8	7	99 2c 0 
660	4	6	95 2b 0 
660	0	5	94 37 0 
660	0	5	94 2b 0 
660	0	4	93 43 0 
660	0	4	93 3e 0 
660	0	4	93 3b 0 
660	0	1	90 47 0 
672	12	7	99 26 6f 
672	0	7	99 24 6f 
672	0	7	99 2c 6f 
672	0	6	95 2b 6f 
672	0	5	94 37 5f 
672	0	5	94 2b 5f 
672	0	4	93 43 6f 
672	0	4	93 3e 6f 
672	0	4	93 3b 6f 
672	0	1	90 3e 6f 
680	8	7	99 26 0 
680	0	7	99 24 0 
680	0	7	99 2c 0 
696	16	7	99 2c 6f 
704	8	7	99 2c 0 
720	16	7	99 2c 6f 
728	8	7	99 2c 0 
744	16	7	99 2c 6f 
752	8	7	99 2c 0 
756	4	6	95 2b 0 
756	0	5	94 37 0 
756	0	5	94 2b 0 
756	0	4	93 43 0 
756	0	4	93 3e 0 
756	0	4	93 3b 0 
756	0	1	90 3e 0 
768	12	7	99 26 6f 
768	0	7	99 24 6f 
768	0	7	99 2c 6f 
768	0	6	95 30 6f 
768	0	5	94 37 5f 
768	0	5	94 30 5f 
768	0	4	93 43 6f 
768	0	4	93 40 6f 
768	0	4	93 3c 6f 
768	0	1	90 40 6f 
776	8	7	99 26 0 
776	0	7	99 24 0 
776	0	7	99 2c 0 
792	16	7	99 2c 6f 
800	8	7	99 2c 0 
816	16	7	99 2c 6f 
824	8	7	99 2c 0 
831	7	1	90 40 0 
840	9	7	99 2c 6f 
840	0	1	90 40 6f 
848	8	7	99 2c 0 
852	4	6	95 30 0 
852	0	5	94 37 0 
852	0	5	94 30 0 
852	0	4	93 43 0 
852	0	4	93 40 0 
852	0	4	93 3c 0 
861	9	1	90 40 0 
864	3	7	99 26 6f 
864	0	7	99 24 6f 
864	0	7	99 2c 6f 
864	0	6	95 30 6f 
864	0	5	94 37 5f 
864	0	5	94 30 5f 
864	0	4	93 43 6f 
864	0	4	93 40 6f 
864	0	4	93 3c 6f 
864	0	1	90 43 6f 
872	8	7	99 26 0 
872	0	7	99 24 0 
872	0	7	99 2c 0 
888	16	7	99 2c 6f 
896	8	7	99 2c 0 
912	16	7	99 2c 6f 
920	8	7	99 2c 0 
927	7	1	90 43 0 
936	9	7	99 2c 6f 
936	0	1	90 40 6f 
944	8	7	99 2c 0 
948	4	6	95 30 0 
948	0	5	94 37 0 
948	0	5	94 30 0 
948	0	4	93 43 0 
948	0	4	93 40 0 
948	0	4	93 3c 0 
957	9	1	90 40 0 
960	3	7	99 26 6f 
960	0	7	99 24 6f 
960	0	7	99 2c 6f 
960	0	6	95 2b 6f 
960	0	5	94 37 5f 
960	0	5	94 2b 5f 
960	0	4	93 43 6f 
960	0	4	93 3e 6f 
960	0	1	90 3e 6f 
968	8	7	99 26 0 
968	0	7	99 24 0 
968	0	7	99 2c 0 
984	16	7	99 2c 6f 
992	8	7	99 2c 0 
1008	16	7	99 26 6f 
1008	0	7	99 2c 6f 
1016	8	7	99 26 0 
1016	0	7	99 2c 0 
1032	16	7	99 26 6f 
1032	0	7	99 2c 6f 
1040	8	7	99 26 0 
1040	0	7	99 2c 0 
1044	4	6	95 2b 0 
1044	0	5	94 37 0 
1044	0	5	94 2b 0 
1044	0	4	93 43 0 
1044	0	4	93 3e 0 
1056	12	7	99 26 6f 
1056	0	7	99 24 6f 
1056	0	7	99 2c 6f 
1056	0	6	95 2b 6f 
1056	0	5	94 37 5f 
1056	0	5	94 2b 5f 
1056	0	4	93 43 6f 
1056	0	4	93 3e 6f 
1064	8	7	99 26 0 
1064	0	7	99 24 0 
1064	0	7	99 2c 0 
1080	16	7	99 2c 6f 
1087	7	1	90 3e 0 
1088	1	7	99 2c 0 
1104	16	7	99 26 6f 
1104	0	7	99 2c 6f 
1112	8	7	99 26 0 
1112	0	7	99 2c 0 
1128	16	7	99 2e 6f 
1136	8	7	99 2e 0 
1140	4	6	95 2b 0 
1140	0	5	94 37 0 
1140	0	5	94 2b 0 
1140	0	4	93 43 0 
1140	0	4	93 3e 0 
1152	12	7	99 26 6f 
1152	0	7	99 24 6f 
1152	0	7	99 2c 6f 
1152	0	6	95 2f 6f 
1152	0	5	94 37 5f 
1152	0	5	94 2f 5f 
1152	0	4	93 43 6f 
1152	0	4	93 3e 6f 
1152	0	1	90 43 6f 
1160	8	7	99 26 0 
1160	0	7	99 24 0 
1160	0	7	99 2c 0 
1176	16	7	99 2c 6f 
1184	8	7	99 2c 0 
1200	16	7	99 2c 6f 
1208	8	7	99 2c 0 
1215	7	1	90 43 0 
1224	9	7	99 2c 6f 
1224	0	1	90 43 6f 
1232	8	7	99 2c 0 
1236	4	6	95 2f 0 
1236	0	5	94 37 0 
1236	0	5	94 2f 0 
1236	0	4	93 43 0 
1236	0	4	93 3e 0 
1245	9	1	90 43 0 
1248	3	7	99 26 6f 
1248	0	7	99 24 6f 
1248	0	7	99 2c 6f 
1248	0	6	95 32 6f 
1248	0	5	94 36 5f 
1248	0	5	94 32 5f 
1248	0	4	93 45 6f 
1248	0	4	93 3e 6f 
1248	0	1	90 45 6f 
1256	8	7	99 26 0 
1256	0	7	99 24 0 
1256	0	7	99 2c 0 
1272	16	7	99 2c 6f 
1280	8	7	99 2c 0 
1296	16	7	99 2c 6f 
1304	8	7	99 2c 0 
1311	7	1	90 45 0 
1320	9	7	99 2c 6f 
1320	0	1	90 45 6f 
1328	8	7	99 2c 0 
1332	4	6	95 32 0 
1332	0	5	94 36 0 
1332	0	5	94 32 0 
1332	0	4	93 45 0 
1332	0	4	93 3e 0 
1341	9	1	90 45 0 
1344	3	7	99 26 6f 
1344	0	7	99 24 6f 
1344	0	7	99 2c 6f 
1344	0	6	95 2b 6f 
1344	0	5	94 37 5f 
1344	0	5	94 2b 5f 
1344	0	4	93 47 6f 
1344	0	4	93 43 6f 
1344	0	4	93 3e 6f 
1344	0	1	90 47 6f 
1352	8	7	99 26 0 
1352	0	7	99 24 0 
1352	0	7	99 2c 0 
1368	16	7	99 2c 6f 
1376	8	7	99 2c 0 
1392	16	7	99 2c 6f 
1400	8	7	99 2c 0 
1416	16	7	99 2c 6f 
1424	8	7	99 2c 0 
1428	4	6	95 2b 0 
1428	0	5	94 37 0 
1428	0	5	94 2b 0 
1428	0	4	93 47 0 
1428	0	4	93 43 0 
1428	0	4	93 3e 0 
1428	0	1	90 47 0 
1440	12	7	99 26 6f 
1440	0	7	99 24 6f 
1440	0	7	99 2c 6f 
1440	0	6	95 2f 6f 
1440	0	5	94 3b 5f 
1440	0	5	94 2f 5f 
1440	0	4	93 4a 6f 
1440	0	4	93 43 6f 
1440	0	4	93 3e 6f 
1440	0	1	90 4a 6f 
1448	8	7	99 26 0 
1448	0	7	99 24 0 
1448	0	7	99 2c 0 
1464	16	7	99 2c 6f 
1472	8	7	99 2c 0 
1488	16	7	99 2c 6f 
1496	8	7	99 2c 0 
1512	16	7	99 2c 6f 
1520	8	7	99 2c 0 
1524	4	6	95 2f 0 
1524	0	5	94 3b 0 
1524	0	5	94 2f 0 
1524	0	4	93 4a 0 
1524	0	4	93 43 0 
1524	0	4	93 3e 0 
1524	0	1	90 4a 0 
1536	12	7	99 26 6f 
1536	0	7	99 24 6f 
1536	0	7	99 2c 6f 
1536	0	6	95 2d 6f 
1536	0	5	94 39 5f 
1536	0	5	94 2d 5f 
1536	0	4	93 48 6f 
1536	0	4	93 42 6f 
1536	0	4	93 3e 6f 
1536	0	1	90 48 6f 
1544	8	7	99 26 0 
1544	0	7	99 24 0 
1544	0	7	99 2c 0 
1560	16	7	99 2c 6f 
1568	8	7	99 2c 0 
1584	16	7	99 2c 6f 
1592	8	7	99 2c 0 
1599	7	1	90 48 0 
1608	9	7	99 2c 6f 
1608	0	1	90 48 6f 
1616	8	7	99 2c 0 
1620	4	6	95 2d 0 
1620	0	5	94 39 0 
1620	0	5	94 2d 0 
1620	0	4	93 48 0 
1620	0	4	93 42 0 
1620	0	4	93 3e 0 
1629	9	1	90 48 0 
1632	3	7	99 26 6f 
1632	0	7	99 24 6f 
1632	0	7	99 2c 6f 
1632	0	6	95 2b 6f 
1632	0	5	94 37 5f 
1632	0	5	94 2b 5f 
1632	0	4	93 47 6f 
1632	0	4	93 43 6f 
1632	0	4	93 3e 6f 
1632	0	1	90 47 6f 
1640	8	7	99 26 0 
1640	0	7	99 24 0 
1640	0	7	99 2c 0 
1656	16	7	99 2c 6f 
1664	8	7	99 2c 0 
1680	16	7	99 2c 6f 
1688	8	7	99 2c 0 
1695	7	1	90 47 0 
1704	9	7	99 2c 6f 
1704	0	1	90 43 6f 
1712	8	7	99 2c 0 
1716	4	6	95 2b 0 
1716	0	5	94 37 0 
1716	0	5	94 2b 0 
1716	0	4	93 47 0 
1716	0	4	93 43 0 
1716	0	4	93 3e 0 
1725	9	1	90 43 0 
1728	3	7	99 26 6f 
1728	0	7	99 24 6f 
1728	0	7	99 2c 6f 
1728	0	6	95 26 6f 
1728	0	5	94 32 5f 
1728	0	5	94 26 5f 
1728	0	4	93 45 6f 
1728	0	4	93 42 6f 
1728	0	4	93 3e 6f 
1728	0	1	90 45 6f 
1736	8	7	99 26 0 
1736	0	7	99 24 0 
1736	0	7	99 2c 0 
1752	16	7	99 2c 6f 
1760	8	7	99 2c 0 
1776	16	7	99 2c 6f 
1784	8	7	99 2c 0 
1800	16	7	99 2c 6f 
1802	2	4	93 45 0 
1802	0	4	93 42 0 
1802	0	4	93 3e 0 
1808	6	7	99 2c 0 
1812	4	6	95 26 0 
1812	0	5	94 32 0 
1812	0	5	94 26 0 
1812	0	7	99 26 6f 
1812	0	4	93 4a 6f 
1812	0	4	93 3e 6f 
1820	8	7	99 26 0 
1823	3	4	93 4a 0 
1823	0	4	93 3e 0 
1824	1	7	99 31 6f 
1824	0	7	99 26 6f 
1824	0	7	99 24 6f 
1824	0	4	93 4a 7f 
1824	0	4	93 3e 7f 
1832	8	7	99 31 0 
1832	0	7	99 26 0 
1832	0	7	99 24 0 
1848	16	7	99 2c 6f 
1855	7	1	90 45 0 
1856	1	7	99 2c 0 
1872	16	7	99 2c 6f 
1880	8	7	99 2c 0 
1896	16	7	99 2e 6f 
1904	8	7	99 2e 0 
1908	4	4	93 4a 0 
1908	0	4	93 3e 0 
1920	12	7	99 26 6f 
1920	0	7	99 24 6f 
1920	0	7	99 2c 6f 
1920	0	6	95 2b 6f 
1920	0	5	94 37 5f 
1920	0	5	94 2b 5f 
1920	0	4	93 47 6f 
1920	0	4	93 43 6f 
1920	0	4	93 3e 6f 
1920	0	1	90 4a 6f 
1928	8	7	99 26 0 
1928	0	7	99 24 0 
1928	0	7	99 2c 0 
1944	16	7	99 2c 6f 
1952	8	7	99 2c 0 
1968	16	7	99 2c 6f 
1976	8	7	99 2c 0 
1992	16	7	99 2c 6f 
2000	8	7	99 2c 0 
2004	4	6	95 2b 0 
2004	0	5	94 37 0 
2004	0	5	94 2b 0 
2004	0	4	93 47 0 
2004	0	4	93 43 0 
2004	0	4	93 3e 0 
2004	0	1	90 4a 0 
2016	12	7	99 26 6f 
2016	0	7	99 24 6f 
2016	0	7	99 2c 6f 
2016	0	6	95 2b 6f 
2016	0	5	94 37 5f 
2016	0	5	94 2b 5f 
2016	0	4	93 47 6f 
2016	0	4	93 43 6f 
2016	0	4	93 3e 6f 
2016	0	1	90 47 6f 
2024	8	7	99 26 0 
2024	0	7	99 24 0 
2024	0	7	99 2c 0 
2040	16	7	99 2c 6f 
2048	8	7	99 2c 0 
2064	16	7	99 2c 6f 
2072	8	7	99 2c 0 
2079	7	1	90 47 0 
2088	9	7	99 2c 6f 
2088	0	1	90 45 6f 
2096	8	7	99 2c 0 
2100	4	6	95 2b 0 
2100	0	5	94 37 0 
2100	0	5	94 2b 0 
2100	0	4	93 47 0 
2100	0	4	93 43 0 
2100	0	4	93 3e 0 
2109	9	1	90 45 0 
2112	3	7	99 26 6f 
2112	0	7	99 24 6f 
2112	0	7	99 2c 6f 
2112	0	6	95 2b 6f 
2112	0	5	94 37 5f 
2112	0	5	94 2b 5f 
2112	0	4	93 47 6f 
2112	0	4	93 43 6f 
2112	0	4	93 3e 6f 
2112	0	1	90 43 6f 
2120	8	7	99 26 0 
2120	0	7	99 24 0 
2120	0	7	99 2c 0 
2136	16	7	99 2c 6f 
2144	8	7	99 2c 0 
2160	16	7	99 2c 6f 
2168	8	7	99 2c 0 
2175	7	1	90 43 0 
2184	9	7	99 2c 6f 
2184	0	1	90 45 6f 
2192	8	7	99 2c 0 
2196	4	6	95 2b 0 
2196	0	5	94 37 0 
2196	0	5	94 2b 0 
2196	0	4	93 47 0 
2196	0	4	93 43 0 
2196	0	4	93 3e 0 
2205	9	1	90 45 0 
2208	3	7	99 26 6f 
2208	0	7	99 24 6f 
2208	0	7	99 2c 6f 
2208	0	6	95 2b 6f 
2208	0	5	94 37 5f 
2208	0	5	94 2b 5f 
2208	0	4	93 47 6f 
2208	0	4	93 43 6f 
2208	0	4	93 3e 6f 
2208	0	1	90 43 6f 
2216	8	7	99 26 0 
2216	0	7	99 24 0 
2216	0	7	99 2c 0 
2232	16	7	99 2c 6f 
2240	8	7	99 2c 0 
2256	16	7	99 2c 6f 
2264	8	7	99 2c 0 
2280	16	7	99 2c 6f 
2288	8	7	99 2c 0 
2292	4	6	95 2b 0 
2292	0	5	94 37 0 
2292	0	5	94 2b 0 
2292	0	4	93 47 0 
2292	0	4	93 43 0 
2292	0	4	93 3e 0 
2292	0	1	90 43 0 
2304	12	7	99 26 6f 
2304	0	7	99 24 6f 
2304	0	7	99 2c 6f 
2304	0	6	95 30 6f 
2304	0	5	94 37 5f 
2304	0	5	94 30 5f 
2304	0	4	93 48 6f 
2304	0	4	93 43 6f 
2304	0	4	93 40 6f 
2304	0	1	90 40 6f 
2312	8	7	99 26 0 
2312	0	7	99 24 0 
2312	0	7	99 2c 0 
2328	16	7	99 2c 6f 
2336	8	7	99 2c 0 
2352	16	7	99 2c 6f 
2360	8	7	99 2c 0 
2367	7	1	90 40 0 
2376	9	7	99 2c 6f 
2376	0	1	90 40 6f 
2384	8	7	99 2c 0 
2388	4	6	95 30 0 
2388	0	5	94 37 0 
2388	0	5	94 30 0 
2388	0	4	93 48 0 
2388	0	4	93 43 0 
2388	0	4	93 40 0 
2397	9	1	90 40 0 
2400	3	7	99 26 6f 
2400	0	7	99 24 6f 
2400	0	7	99 2c 6f 
2400	0	6	95 2b 6f 
2400	0	5	94 37 5f 
2400	0	5	94 2b 5f 
2400	0	4	93 47 6f 
2400	0	4	93 43 6f 
2400	0	4	93 3e 6f 
2400	0	1	90 3e 6f 
2408	8	7	99 26 0 
2408	0	7	99 24 0 
2408	0	7	99 2c 0 
2424	16	7	99 2c 6f 
2432	8	7	99 2c 0 
2448	16	7	99 2c 6f 
2456	8	7	99 2c 0 
2463	7	1	90 3e 0 
2472	9	7	99 2c 6f 
2472	0	1	90 43 6f 
2480	8	7	99 2c 0 
2484	4	6	95 2b 0 
2484	0	5	94 37 0 
2484	0	5	94 2b 0 
2484	0	4	93 47 0 
2484	0	4	93 43 0 
2484	0	4	93 3e 0 
2493	9	1	90 43 0 
2496	3	7	99 26 6f 
2496	0	7	99 24 6f 
2496	0	7	99 2c 6f 
2496	0	6	95 2b 6f 
2496	0	5	94 37 5f 
2496	0	5	94 2b 5f 
2496	0	4	93 47 6f 
2496	0	4	93 43 6f 
2496	0	4	93 3e 6f 
2496	0	1	90 47 6f 
2504	8	7	99 26 0 
2504	0	7	99 24 0 
2504	0	7	99 2c 0 
2520	16	7	99 2c 6f 
2528	8	7	99 2c 0 
2544	16	7	99 26 6f 
2544	0	7	99 2c 6f 
2552	8	7	99 26 0 
2552	0	7	99 2c 0 
2568	16	7	99 24 6f 
2568	0	7	99 2c 6f 
2576	8	7	99 24 0 
2576	0	7	99 2c 0 
2580	4	6	95 2b 0 
2580	0	5	94 37 0 
2580	0	5	94 2b 0 
2580	0	4	93 47 0 
2580	0	4	93 43 0 
2580	0	4	93 3e 0 
2592	12	7	99 26 6f 
2592	0	7	99 24 6f 
2592	0	7	99 2c 6f 
2592	0	6	95 2b 6f 
2592	0	5	94 37 5f 
2592	0	5	94 2b 5f 
2592	0	4	93 47 6f 
2592	0	4	93 43 6f 
2592	0	4	93 3e 6f 
2600	8	7	99 26 0 
2600	0	7	99 24 0 
2600	0	7	99 2c 0 
2616	16	7	99 2c 6f 
2623	7	1	90 47 0 
2624	1	7	99 2c 0 
2640	16	7	99 2b 6f 
2640	0	7	99 2c 6f 
2648	8	7	99 2b 0 
2648	0	7	99 2c 0 
2664	16	7	99 2c 6f 
2672	8	7	99 2c 0 
2676	4	6	95 2b 0 
2676	0	5	94 37 0 
2676	0	5	94 2b 0 
2676	0	4	93 47 0 
2676	0	4	93 43 0 
2676	0	4	93 3e 0 
2688	12	7	99 26 6f 
2688	0	7	99 24 6f 
2688	0	7	99 2c 6f 
2688	0	6	95 28 6f 
2688	0	5	94 34 5f 
2688	0	5	94 28 5f 
2688	0	4	93 48 6f 
2688	0	4	93 43 6f 
2688	0	4	93 3c 6f 
2688	0	1	90 48 6f 
2696	8	7	99 26 0 
2696	0	7	99 24 0 
2696	0	7	99 2c 0 
2709	13	1	90 48 0 
2712	3	7	99 2c 6f 
2712	0	1	90 48 6f 
2720	8	7	99 2c 0 
2736	16	7	99 2c 6f 
2744	8	7	99 2c 0 
2760	16	7	99 2c 6f 
2768	8	7	99 2c 0 
2772	4	6	95 28 0 
2772	0	5	94 34 0 
2772	0	5	94 28 0 
2772	0	4	93 48 0 
2772	0	4	93 43 0 
2772	0	4	93 3c 0 
2775	3	1	90 48 0 
2784	9	7	99 26 6f 
2784	0	7	99 24 6f 
2784	0	7	99 2c 6f 
2784	0	6	95 26 6f 
2784	0	5	94 32 5f 
2784	0	5	94 26 5f 
2784	0	4	93 47 6f 
2784	0	4	93 43 6f 
2784	0	4	93 3e 6f 
2784	0	1	90 47 6f 
2792	8	7	99 26 0 
2792	0	7	99 24 0 
2792	0	7	99 2c 0 
2808	16	7	99 2c 6f 
2816	8	7	99 2c 0 
2832	16	7	99 2c 6f 
2840	8	7	99 2c 0 
2856	16	7	99 2c 6f 
2864	8	7	99 2c 0 
2868	4	6	95 26 0 
2868	0	5	94 32 0 
2868	0	5	94 26 0 
2868	0	4	93 47 0 
2868	0	4	93 43 0 
2868	0	4	93 3e 0 
2868	0	1	90 47 0 
2880	12	7	99 26 6f 
2880	0	7	99 24 6f 
2880	0	7	99 2c 6f 
2880	0	6	95 24 6f 
2880	0	5	94 30 5f 
2880	0	5	94 24 5f 
2880	0	4	93 4c 6f 
2880	0	4	93 48 6f 
2880	0	4	93 43 6f 
2880	0	1	90 4c 6f 
2888	8	7	99 26 0 
2888	0	7	99 24 0 
2888	0	7	99 2c 0 
2904	16	7	99 2c 6f 
2912	8	7	99 2c 0 
2928	16	7	99 2c 6f 
2936	8	7	99 2c 0 
2943	7	1	90 4c 0 
2952	9	7	99 2c 6f 
2952	0	1	90 4c 6f 
2960	8	7	99 2c 0 
2964	4	6	95 24 0 
2964	0	5	94 30 0 
2964	0	5	94 24 0 
2964	0	4	93 4c 0 
2964	0	4	93 48 0 
2964	0	4	93 43 0 
2973	9	1	90 4c 0 
2976	3	7	99 26 6f 
2976	0	7	99 24 6f 
2976	0	7	99 2c 6f 
2976	0	6	95 23 6f 
2976	0	5	94 2f 5f 
2976	0	5	94 23 5f 
2976	0	4	93 4a 6f 
2976	0	4	93 43 6f 
2976	0	1	90 4a 6f 
2984	8	7	99 26 0 
2984	0	7	99 24 0 
2984	0	7	99 2c 0 
3000	16	7	99 2c 6f 
3008	8	7	99 2c 0 
3024	16	7	99 2c 6f 
3032	8	7	99 2c 0 
3039	7	1	90 4a 0 
3048	9	7	99 2c 6f 
3048	0	1	90 4a 6f 
3056	8	7	99 2c 0 
3060	4	6	95 23 0 
3060	0	5	94 2f 0 
3060	0	5	94 23 0 
3060	0	4	93 4a 0 
3060	0	4	93 43 0 
3066	6	2	b1 1 12 
3067	1	3	b2 1 c 
3068	1	2	b1 5b 20 
3069	1	3	b2 5b 20 
3069	0	1	90 4a 0 
3070	1	2	b1 5d 60 
3071	1	3	b2 5d 60 
3072	1	7	99 26 6f 
3072	0	7	99 24 6f 
3072	0	7	99 2c 6f 
3072	0	6	95 26 6f 
3072	0	5	94 32 5f 
3072	0	5	94 26 5f 
3072	0	4	93 48 6f 
3072	0	4	93 45 6f 
3072	0	4	93 42 6f 
3072	0	4	93 3e 6f 
3072	0	1	90 48 6f 
3080	8	7	99 26 0 
3080	0	7	99 24 0 
3080	0	7	99 2c 0 
3096	16	7	99 2c 6f 
3104	8	7	99 2c 0 
3120	16	7	99 2c 6f 
3128	8	7	99 2c 0 
3144	16	7	99 2c 6f 
3152	8	7	99 2c 0 
3156	4	6	95 26 0 
3156	0	5	94 32 0 
3156	0	5	94 26 0 
3156	0	4	93 48 0 
3156	0	4	93 45 0 
3156	0	4	93 42 0 
3156	0	4	93 3e 0 
3156	0	1	90 48 0 
3168	12	7	99 26 6f 
3168	0	7	99 24 6f 
3168	0	7	99 2c 6f 
3168	0	6	95 26 6f 
3168	0	5	94 32 5f 
3168	0	5	94 26 5f 
3168	0	4	93 48 6f 
3168	0	4	93 45 6f 
3168	0	4	93 42 6f 
3168	0	4	93 3e 6f 
3168	0	1	90 45 6f 
3176	8	7	99 26 0 
3176	0	7	99 24 0 
3176	0	7	99 2c 0 
3192	16	7	99 2c 6f 
3200	8	7	99 2c 0 
3216	16	7	99 2c 6f 
3224	8	7	99 2c 0 
3231	7	1	90 45 0 
3240	9	7	99 2c 6f 
3240	0	1	90 42 6f 
3248	8	7	99 2c 0 
3252	4	6	95 26 0 
3252	0	5	94 32 0 
3252	0	5	94 26 0 
3252	0	4	93 48 0 
3252	0	4	93 45 0 
3252	0	4	93 42 0 
3252	0	4	93 3e 0 
3261	9	1	90 42 0 
3264	3	7	99 26 6f 
3264	0	7	99 24 6f 
3264	0	7	99 2c 6f 
3264	0	6	95 2b 6f 
3264	0	5	94 37 5f 
3264	0	5	94 2b 5f 
3264	0	4	93 47 6f 
3264	0	4	93 43 6f 
3264	0	4	93 3e 6f 
3264	0	1	90 43 6f 
3272	8	7	99 26 0 
3272	0	7	99 24 0 
3272	0	7	99 2c 0 
3288	16	7	99 2c 6f 
3296	8	7	99 2c 0 
3312	16	7	99 2c 6f 
3320	8	7	99 2c 0 
3336	16	7	99 2c 6f 
3344	8	7	99 2c 0 
3348	4	6	95 2b 0 
3348	0	5	94 37 0 
3348	0	5	94 2b 0 
3348	0	4	93 47 0 
3348	0	4	93 43 0 
3348	0	4	93 3e 0 
3360	12	7	99 31 6f 
3360	0	7	99 26 6f 
3360	0	7	99 24 6f 
3360	0	6	95 1f 6f 
3360	0	5	94 2b 6f 
3360	0	5	94 1f 6f 
3360	0	4	93 4f 7f 
3360	0	4	93 4a 7f 
3360	0	4	93 47 7f 
3360	0	4	93 43 7f 
3368	8	7	99 31 0 
3368	0	7	99 26 0 
3368	0	7	99 24 0 
3391	23	1	90 43 0 
3408	17	7	99 2b 6f 
3416	8	7	99 2b 0 
3432	16	7	99 2b 6f 
3440	8	7	99 2b 0 
3444	4	6	95 1f 0 
3444	0	5	94 2b 0 
3444	0	5	94 1f 0 
3444	0	4	93 4f 0 
3444	0	4	93 4a 0 
3444	0	4	93 47 0 
3444	0	4	93 43 0 
3456	12	0	ff 6 8 43 68 6f 72 75 73 20 31 
3456	0	7	99 35 6f 
3456	0	7	99 24 6f 
3456	0	6	95 2b 6f 
3456	0	5	94 37 5f 
3456	0	5	94 2b 5f 
3456	0	4	93 43 6f 
3456	0	4	93 3e 6f 
3456	0	4	93 3b 6f 
3456	0	3	92 37 6f 
3456	0	2	91 47 6f 
3456	0	1	90 4a 6f 
3464	8	7	99 35 0 
3464	0	7	99 24 0 
3504	40	7	99 33 6f 
3512	8	7	99 33 0 
3519	7	3	92 37 0 
3519	0	2	91 47 0 
3519	0	1	90 4a 0 
3528	9	3	92 37 6f 
3528	0	2	91 47 6f 
3528	0	1	90 4a 6f 
3540	12	6	95 2b 0 
3540	0	5	94 37 0 
3540	0	5	94 2b 0 
3540	0	4	93 43 0 
3540	0	4	93 3e 0 
3540	0	4	93 3b 0 
3549	9	3	92 37 0 
3549	0	2	91 47 0 
3549	0	1	90 4a 0 
3552	3	7	99 33 6f 
3552	0	7	99 26 6f 
3552	0	7	99 24 6f 
3552	0	6	95 2b 6f 
3552	0	5	94 37 5f 
3552	0	5	94 2b 5f 
3552	0	4	93 43 6f 
3552	0	4	93 3e 6f 
3552	0	4	93 3b 6f 
3552	0	3	92 37 6f 
3552	0	2	91 47 6f 
3552	0	1	90 4a 6f 
3560	8	7	99 33 0 
3560	0	7	99 26 0 
3560	0	7	99 24 0 
3600	40	7	99 33 6f 
3608	8	7	99 33 0 
3615	7	3	92 37 0 
3615	0	2	91 47 0 
3615	0	1	90 4a 0 
3624	9	3	92 37 6f 
3624	0	2	91 48 6f 
3624	0	1	90 4c 6f 
3636	12	6	95 2b 0 
3636	0	5	94 37 0 
3636	0	5	94 2b 0 
3636	0	4	93 43 0 
3636	0	4	93 3e 0 
3636	0	4	93 3b 0 
3645	9	3	92 37 0 
3645	0	2	91 48 0 
3645	0	1	90 4c 0 
3648	3	7	99 33 6f 
3648	0	7	99 24 6f 
3648	0	6	95 2b 6f 
3648	0	5	94 37 5f 
3648	0	5	94 2b 5f 
3648	0	4	93 43 6f 
3648	0	4	93 3e 6f 
3648	0	4	93 3b 6f 
3648	0	3	92 37 6f 
3648	0	2	91 47 6f 
3648	0	1	90 4a 6f 
3656	8	7	99 33 0 
3656	0	7	99 24 0 
3696	40	7	99 33 6f 
3704	8	7	99 33 0 
3732	28	6	95 2b 0 
3732	0	5	94 37 0 
3732	0	5	94 2b 0 
3732	0	4	93 43 0 
3732	0	4	93 3e 0 
3732	0	4	93 3b 0 
3732	0	3	92 37 0 
3732	0	2	91 47 0 
3732	0	1	90 4a 0 
3744	12	7	99 33 6f 
3744	0	7	99 26 6f 
3744	0	7	99 24 6f 
3744	0	6	95 2b 6f 
3744	0	5	94 37 5f 
3744	0	5	94 2b 5f 
3744	0	4	93 43 6f 
3744	0	4	93 3e 6f 
3744	0	4	93 3b 6f 
3744	0	3	92 37 6f 
3744	0	2	91 45 6f 
3744	0	1	90 47 6f 
3752	8	7	99 33 0 
3752	0	7	99 26 0 
3752	0	7	99 24 0 
3792	40	7	99 33 6f 
3800	8	7	99 33 0 
3828	28	6	95 2b 0 
3828	0	5	94 37 0 
3828	0	5	94 2b 0 
3828	0	4	93 43 0 
3828	0	4	93 3e 0 
3828	0	4	93 3b 0 
3828	0	3	92 37 0 
3828	0	2	91 45 0 
3828	0	1	90 47 0 
3840	12	7	99 35 6f 
3840	0	7	99 24 6f 
3840	0	6	95 28 6f 
3840	0	5	94 34 5f 
3840	0	5	94 28 5f 
3840	0	4	93 43 6f 
3840	0	4	93 40 6f 
3840	0	4	93 3c 6f 
3840	0	3	92 34 6f 
3840	0	2	91 43 6f 
3840	0	1	90 48 6f 
3848	8	7	99 35 0 
3848	0	7	99 24 0 
3888	40	7	99 33 6f 
3896	8	7	99 33 0 
3903	7	3	92 34 0 
3903	0	2	91 43 0 
3903	0	1	90 48 0 
3912	9	3	92 34 6f 
3912	0	2	91 43 6f 
3912	0	1	90 48 6f 
3924	12	6	95 28 0 
3924	0	5	94 34 0 
3924	0	5	94 28 0 
3924	0	4	93 43 0 
3924	0	4	93 40 0 
3924	0	4	93 3c 0 
3933	9	3	92 34 0 
3933	0	2	91 43 0 
3933	0	1	90 48 0 
3936	3	7	99 33 6f 
3936	0	7	99 26 6f 
3936	0	7	99 24 6f 
3936	0	6	95 2b 6f 
3936	0	5	94 37 5f 
3936	0	5	94 2b 5f 
3936	0	4	93 43 6f 
3936	0	4	93 3e 6f 
3936	0	4	93 3b 6f 
3936	0	3	92 37 6f 
3936	0	2	91 43 6f 
3936	0	1	90 47 6f 
3944	8	7	99 33 0 
3944	0	7	99 26 0 
3944	0	7	99 24 0 
3984	40	7	99 33 6f 
3992	8	7	99 33 0 
3999	7	3	92 37 0 
3999	0	2	91 43 0 
3999	0	1	90 47 0 
4008	9	3	92 37 6f 
4008	0	2	91 43 6f 
4008	0	1	90 47 6f 
4020	12	6	95 2b 0 
4020	0	5	94 37 0 
4020	0	5	94 2b 0 
4020	0	4	93 43 0 
4020	0	4	93 3e 0 
4020	0	4	93 3b 0 
4029	9	3	92 37 0 
4029	0	2	91 43 0 
4029	0	1	90 47 0 
4032	3	7	99 33 6f 
4032	0	7	99 24 6f 
4032	0	6	95 26 6f 
4032	0	5	94 32 5f 
4032	0	5	94 26 5f 
4032	0	4	93 42 6f 
4032	0	4	93 3e 6f 
4032	0	4	93 39 6f 
4032	0	3	92 32 6f 
4032	0	2	91 42 6f 
4032	0	1	90 45 6f 
4040	8	7	99 33 0 
4040	0	7	99 24 0 
4080	40	7	99 33 6f 
4088	8	7	99 33 0 
4116	28	6	95 26 0 
4116	0	5	94 32 0 
4116	0	5	94 26 0 
4116	0	4	93 42 0 
4116	0	4	93 3e 0 
4116	0	4	93 39 0 
4128	12	7	99 33 6f 
4128	0	7	99 26 6f 
4128	0	7	99 24 6f 
4128	0	6	95 24 6f 
4128	0	5	94 30 5f 
4128	0	5	94 24 5f 
4128	0	4	93 42 6f 
4128	0	4	93 3e 6f 
4128	0	4	93 39 6f 
4136	8	7	99 33 0 
4136	0	7	99 26 0 
4136	0	7	99 24 0 
4159	23	3	92 32 0 
4159	0	2	91 42 0 
4159	0	1	90 45 0 
4176	17	7	99 33 6f 
4184	8	7	99 33 0 
4212	28	6	95 24 0 
4212	0	5	94 30 0 
4212	0	5	94 24 0 
4212	0	4	93 42 0 
4212	0	4	93 3e 0 
4212	0	4	93 39 0 
4224	12	7	99 35 6f 
4224	0	7	99 24 6f 
4224	0	6	95 23 6f 
4224	0	5	94 2f 5f 
4224	0	5	94 23 5f 
4224	0	4	93 43 6f 
4224	0	4	93 3e 6f 
4224	0	3	92 2f 6f 
4224	0	2	91 3e 6f 
4224	0	1	90 43 6f 
4232	8	7	99 35 0 
4232	0	7	99 24 0 
4272	40	7	99 33 6f 
4280	8	7	99 33 0 
4287	7	3	92 2f 0 
4287	0	2	91 3e 0 
4287	0	1	90 43 0 
4296	9	3	92 2f 6f 
4296	0	2	91 3e 6f 
4296	0	1	90 43 6f 
4308	12	6	95 23 0 
4308	0	5	94 2f 0 
4308	0	5	94 23 0 
4308	0	4	93 43 0 
4308	0	4	93 3e 0 
4317	9	3	92 2f 0 
4317	0	2	91 3e 0 
4317	0	1	90 43 0 
4320	3	7	99 33 6f 
4320	0	7	99 26 6f 
4320	0	7	99 24 6f 
4320	0	6	95 26 6f 
4320	0	5	94 32 5f 
4320	0	5	94 26 5f 
4320	0	4	93 45 6f 
4320	0	4	93 42 6f 
4320	0	4	93 3e 6f 
4320	0	3	92 32 6f 
4320	0	2	91 42 6f 
4320	0	1	90 45 6f 
4328	8	7	99 33 0 
4328	0	7	99 26 0 
4328	0	7	99 24 0 
4368	40	7	99 33 6f 
4376	8	7	99 33 0 
4383	7	3	92 32 0 
4383	0	2	91 42 0 
4383	0	1	90 45 0 
4392	9	3	92 32 6f 
4392	0	2	91 42 6f 
4392	0	1	90 45 6f 
4404	12	6	95 26 0 
4404	0	5	94 32 0 
4404	0	5	94 26 0 
4404	0	4	93 45 0 
4404	0	4	93 42 0 
4404	0	4	93 3e 0 
4413	9	3	92 32 0 
4413	0	2	91 42 0 
4413	0	1	90 45 0 
4416	3	7	99 33 6f 
4416	0	7	99 24 6f 
4416	0	6	95 2b 6f 
4416	0	5	94 37 5f 
4416	0	5	94 2b 5f 
4416	0	4	93 47 6f 
4416	0	4	93 43 6f 
4416	0	4	93 3e 6f 
4416	0	3	92 37 6f 
4416	0	2	91 43 6f 
4416	0	1	90 47 6f 
4424	8	7	99 33 0 
4424	0	7	99 24 0 
4464	40	7	99 33 6f 
4472	8	7	99 33 0 
4500	28	6	95 2b 0 
4500	0	5	94 37 0 
4500	0	5	94 2b 0 
4500	0	4	93 47 0 
4500	0	4	93 43 0 
4500	0	4	93 3e 0 
4500	0	3	92 37 0 
4500	0	2	91 43 0 
4500	0	1	90 47 0 
4512	12	0	ff 51 3 10 f4 47 
4512	0	7	99 39 6f 
4512	0	7	99 26 6f 
4512	0	7	99 24 6f 
4512	0	6	95 24 6f 
4512	0	5	94 30 5f 
4512	0	5	94 24 5f 
4512	0	4	93 48 6f 
4512	0	4	93 43 6f 
4512	0	4	93 40 6f 
4512	0	3	92 30 6f 
4512	0	2	91 43 6f 
4512	0	1	90 4c 6f 
4520	8	7	99 39 0 
4520	0	7	99 26 0 
4520	0	7	99 24 0 
4560	40	7	99 33 6f 
4568	8	7	99 33 0 
4596	28	6	95 24 0 
4596	0	5	94 30 0 
4596	0	5	94 24 0 
4596	0	4	93 48 0 
4596	0	4	93 43 0 
4596	0	4	93 40 0 
4596	0	3	92 30 0 
4596	0	2	91 43 0 
4596	0	1	90 4c 0 
4608	12	0	ff 51 3 8 7a 57 
4608	0	7	99 35 6f 
4608	0	7	99 24 6f 
4608	0	6	95 26 6f 
4608	0	5	94 32 5f 
4608	0	5	94 26 5f 
4608	0	4	93 45 6f 
4608	0	4	93 42 6f 
4608	0	4	93 3e 6f 
4608	0	3	92 32 6f 
4608	0	2	91 42 6f 
4608	0	1	90 4a 6f 
4616	8	7	99 35 0 
4616	0	7	99 24 0 
4656	40	7	99 33 6f 
4664	8	7	99 33 0 
4671	7	3	92 32 0 
4671	0	2	91 42 0 
4671	0	1	90 4a 0 
4680	9	3	92 32 6f 
4680	0	2	91 42 6f 
4680	0	1	90 4a 6f 
4692	12	6	95 26 0 
4692	0	5	94 32 0 
4692	0	5	94 26 0 
4692	0	4	93 45 0 
4692	0	4	93 42 0 
4692	0	4	93 3e 0 
4701	9	3	92 32 0 
4701	0	2	91 42 0 
4701	0	1	90 4a 0 
4704	3	7	99 33 6f 
4704	0	7	99 26 6f 
4704	0	7	99 24 6f 
4704	0	6	95 26 6f 
4704	0	5	94 32 5f 
4704	0	5	94 26 5f 
4704	0	4	93 48 6f 
4704	0	4	93 45 6f 
4704	0	4	93 42 6f 
4704	0	4	93 3e 6f 
4704	0	3	92 32 6f 
4704	0	2	91 45 6f 
4704	0	1	90 48 6f 
4712	8	7	99 33 0 
4712	0	7	99 26 0 
4712	0	7	99 24 0 
4752	40	7	99 33 6f 
4760	8	7	99 33 0 
4767	7	3	92 32 0 
4767	0	2	91 45 0 
4767	0	1	90 48 0 
4776	9	3	92 32 6f 
4776	0	2	91 48 6f 
4776	0	1	90 45 6f 
4788	12	6	95 26 0 
4788	0	5	94 32 0 
4788	0	5	94 26 0 
4788	0	4	93 48 0 
4788	0	4	93 45 0 
4788	0	4	93 42 0 
4788	0	4	93 3e 0 
4797	9	3	92 32 0 
4797	0	2	91 48 0 
4797	0	1	90 45 0 
4800	3	7	99 33 6f 
4800	0	7	99 24 6f 
4800	0	6	95 2b 6f 
4800	0	5	94 37 5f 
4800	0	5	94 2b 5f 
4800	0	4	93 47 6f 
4800	0	4	93 43 6f 
4800	0	4	93 3e 6f 
4800	0	3	92 2b 6f 
4800	0	2	91 47 6f 
4800	0	1	90 43 6f 
4808	8	7	99 33 0 
4808	0	7	99 24 0 
4848	40	7	99 33 6f 
4856	8	7	99 33 0 
4884	28	6	95 2b 0 
4884	0	5	94 37 0 
4884	0	5	94 2b 0 
4884	0	4	93 47 0 
4884	0	4	93 43 0 
4884	0	4	93 3e 0 
4896	12	7	99 33 6f 
4896	0	7	99 26 6f 
4896	0	7	99 24 6f 
4896	0	6	95 1f 6f 
4896	0	5	94 2b 6f 
4896	0	5	94 1f 6f 
4896	0	4	93 4f 7f 
4896	0	4	93 4a 7f 
4896	0	4	93 47 7f 
4896	0	4	93 43 7f 
4904	8	7	99 33 0 
4904	0	7	99 26 0 
4904	0	7	99 24 0 
4927	23	3	92 2b 0 
4927	0	2	91 47 0 
4927	0	1	90 43 0 
4944	17	7	99 33 6f 
4952	8	7	99 33 0 
4980	28	6	95 1f 0 
4980	0	5	94 2b 0 
4980	0	5	94 1f 0 
4980	0	4	93 4f 0 
4980	0	4	93 4a 0 
4980	0	4	93 47 0 
4980	0	4	93 43 0 
4991	11	1	c0 38 
4992	1	0	ff 6 7 56 65 72 73 65 20 32 
4992	0	7	99 26 6f 
4992	0	7	99 24 6f 
4992	0	7	99 2c 6f 
4992	0	6	95 2b 6f 
4992	0	5	94 37 5f 
4992	0	5	94 2b 5f 
4992	0	4	93 43 6f 
4992	0	4	93 3e 6f 
4992	0	4	93 3b 6f 
4992	0	1	90 4a 6f 
5000	8	7	99 26 0 
5000	0	7	99 24 0 
5000	0	7	99 2c 0 
5016	16	7	99 2c 6f 
5024	8	7	99 2c 0 
5040	16	7	99 2c 6f 
5048	8	7	99 2c 0 
5064	16	7	99 2c 6f 
5072	8	7	99 2c 0 
5076	4	6	95 2b 0 
5076	0	5	94 37 0 
5076	0	5	94 2b 0 
5076	0	4	93 43 0 
5076	0	4	93 3e 0 
5076	0	4	93 3b 0 
5076	0	1	90 4a 0 
5088	12	7	99 26 6f 
5088	0	7	99 24 6f 
5088	0	7	99 2c 6f 
5088	0	6	95 2b 6f 
5088	0	5	94 37 5f 
5088	0	5	94 2b 5f 
5088	0	4	93 43 6f 
5088	0	4	93 3e 6f 
5088	0	4	93 3b 6f 
5088	0	1	90 47 6f 
5096	8	7	99 26 0 
5096	0	7	99 24 0 
5096	0	7	99 2c 0 
5112	16	7	99 2c 6f 
5120	8	7	99 2c 0 
5136	16	7	99 2c 6f 
5144	8	7	99 2c 0 
5151	7	1	90 47 0 
5160	9	7	99 2c 6f 
5160	0	1	90 45 6f 
5168	8	7	99 2c 0 
5172	4	6	95 2b 0 
5172	0	5	94 37 0 
5172	0	5	94 2b 0 
5172	0	4	93 43 0 
5172	0	4	93 3e 0 
5172	0	4	93 3b 0 
5181	9	1	90 45 0 
5184	3	7	99 26 6f 
5184	0	7	99 24 6f 
5184	0	7	99 2c 6f 
5184	0	6	95 2b 6f 
5184	0	5	94 37 5f 
5184	0	5	94 2b 5f 
5184	0	4	93 43 6f 
5184	0	4	93 3e 6f 
5184	0	4	93 3b 6f 
5184	0	1	90 43 6f 
5192	8	7	99 26 0 
5192	0	7	99 24 0 
5192	0	7	99 2c 0 
5208	16	7	99 2c 6f 
5216	8	7	99 2c 0 
5232	16	7	99 2c 6f 
5240	8	7	99 2c 0 
5247	7	1	90 43 0 
5256	9	7	99 2c 6f 
5256	0	1	90 45 6f 
5264	8	7	99 2c 0 
5268	4	6	95 2b 0 
5268	0	5	94 37 0 
5268	0	5	94 2b 0 
5268	0	4	93 43 0 
5268	0	4	93 3e 0 
5268	0	4	93 3b 0 
5277	9	1	90 45 0 
5280	3	7	99 26 6f 
5280	0	7	99 24 6f 
5280	0	7	99 2c 6f 
5280	0	6	95 2b 6f 
5280	0	5	94 37 5f 
5280	0	5	94 2b 5f 
5280	0	4	93 43 6f 
5280	0	4	93 3e 6f 
5280	0	4	93 3b 6f 
5280	0	1	90 43 6f 
5288	8	7	99 26 0 
5288	0	7	99 24 0 
5288	0	7	99 2c 0 
5304	16	7	99 2c 6f 
5312	8	7	99 2c 0 
5328	16	7	99 2c 6f 
5336	8	7	99 2c 0 
5352	16	7	99 2c 6f 
5360	8	7	99 2c 0 
5364	4	6	95 2b 0 
5364	0	5	94 37 0 
5364	0	5	94 2b 0 
5364	0	4	93 43 0 
5364	0	4	93 3e 0 
5364	0	4	93 3b 0 
5364	0	1	90 43 0 
5376	12	7	99 26 6f 
5376	0	7	99 24 6f 
5376	0	7	99 2c 6f 
5376	0	6	95 30 6f 
5376	0	5	94 37 5f 
5376	0	5	94 30 5f 
5376	0	4	93 43 6f 
5376	0	4	93 40 6f 
5376	0	4	93 3c 6f 
5376	0	1	90 40 6f 
5384	8	7	99 26 0 
5384	0	7	99 24 0 
5384	0	7	99 2c 0 
5400	16	7	99 2c 6f 
5408	8	7	99 2c 0 
5424	16	7	99 2c 6f 
5432	8	7	99 2c 0 
5448	16	7	99 2c 6f 
5456	8	7	99 2c 0 
5460	4	6	95 30 0 
5460	0	5	94 37 0 
5460	0	5	94 30 0 
5460	0	4	93 43 0 
5460	0	4	93 40 0 
5460	0	4	93 3c 0 
5460	0	1	90 40 0 
5472	12	7	99 26 6f 
5472	0	7	99 24 6f 
5472	0	7	99 2c 6f 
5472	0	6	95 30 6f 
5472	0	5	94 37 5f 
5472	0	5	94 30 5f 
5472	0	4	93 43 6f 
5472	0	4	93 40 6f 
5472	0	4	93 3c 6f 
5472	0	1	90 43 6f 
5480	8	7	99 26 0 
5480	0	7	99 24 0 
5480	0	7	99 2c 0 
5496	16	7	99 2c 6f 
5504	8	7	99 2c 0 
5520	16	7	99 2c 6f 
5528	8	7	99 2c 0 
5535	7	1	90 43 0 
5544	9	7	99 2c 6f 
5544	0	1	90 40 6f 
5552	8	7	99 2c 0 
5556	4	6	95 30 0 
5556	0	5	94 37 0 
5556	0	5	94 30 0 
5556	0	4	93 43 0 
5556	0	4	93 40 0 
5556	0	4	93 3c 0 
5565	9	1	90 40 0 
5568	3	7	99 26 6f 
5568	0	7	99 24 6f 
5568	0	7	99 2c 6f 
5568	0	6	95 30 6f 
5568	0	5	94 37 5f 
5568	0	5	94 30 5f 
5568	0	4	93 43 6f 
5568	0	4	93 40 6f 
5568	0	4	93 3c 6f 
5568	0	1	90 40 6f 
5576	8	7	99 26 0 
5576	0	7	99 24 0 
5576	0	7	99 2c 0 
5592	16	7	99 2c 6f 
5600	8	7	99 2c 0 
5616	16	7	99 26 6f 
5616	0	7	99 2c 6f 
5624	8	7	99 26 0 
5624	0	7	99 2c 0 
5640	16	7	99 26 6f 
5640	0	7	99 2c 6f 
5648	8	7	99 26 0 
5648	0	7	99 2c 0 
5652	4	6	95 30 0 
5652	0	5	94 37 0 
5652	0	5	94 30 0 
5652	0	4	93 43 0 
5652	0	4	93 40 0 
5652	0	4	93 3c 0 
5652	0	1	90 40 0 
5664	12	7	99 26 6f 
5664	0	7	99 24 6f 
5664	0	7	99 2c 6f 
5664	0	6	95 2b 6f 
5664	0	5	94 37 5f 
5664	0	5	94 2b 5f 
5664	0	4	93 43 6f 
5664	0	4	93 3e 6f 
5664	0	4	93 3b 6f 
5664	0	1	90 3e 6f 
5672	8	7	99 26 0 
5672	0	7	99 24 0 
5672	0	7	99 2c 0 
5688	16	7	99 2c 6f 
5696	8	7	99 2c 0 
5712	16	7	99 26 6f 
5712	0	7	99 2c 6f 
5720	8	7	99 26 0 
5720	0	7	99 2c 0 
5736	16	7	99 2e 6f 
5744	8	7	99 2e 0 
5748	4	6	95 2b 0 
5748	0	5	94 37 0 
5748	0	5	94 2b 0 
5748	0	4	93 43 0 
5748	0	4	93 3e 0 
5748	0	4	93 3b 0 
5748	0	1	90 3e 0 
5760	12	7	99 26 6f 
5760	0	7	99 24 6f 
5760	0	7	99 2c 6f 
5760	0	6	95 2f 6f 
5760	0	5	94 37 5f 
5760	0	5	94 2f 5f 
5760	0	4	93 43 6f 
5760	0	4	93 3e 6f 
5760	0	1	90 43 6f 
5768	8	7	99 26 0 
5768	0	7	99 24 0 
5768	0	7	99 2c 0 
5784	16	7	99 2c 6f 
5792	8	7	99 2c 0 
5808	16	7	99 2c 6f 
5816	8	7	99 2c 0 
5832	16	7	99 2c 6f 
5840	8	7	99 2c 0 
5844	4	6	95 2f 0 
5844	0	5	94 37 0 
5844	0	5	94 2f 0 
5844	0	4	93 43 0 
5844	0	4	93 3e 0 
5844	0	1	90 43 0 
5856	12	7	99 26 6f 
5856	0	7	99 24 6f 
5856	0	7	99 2c 6f 
5856	0	6	95 32 6f 
5856	0	5	94 36 5f 
5856	0	5	94 32 5f 
5856	0	4	93 45 6f 
5856	0	4	93 3e 6f 
5856	0	1	90 45 6f 
5864	8	7	99 26 0 
5864	0	7	99 24 0 
5864	0	7	99 2c 0 
5880	16	7	99 2c 6f 
5888	8	7	99 2c 0 
5904	16	7	99 2c 6f 
5912	8	7	99 2c 0 
5919	7	1	90 45 0 
5928	9	7	99 2c 6f 
5928	0	1	90 45 6f 
5936	8	7	99 2c 0 
5940	4	6	95 32 0 
5940	0	5	94 36 0 
5940	0	5	94 32 0 
5940	0	4	93 45 0 
5940	0	4	93 3e 0 
5949	9	1	90 45 0 
5952	3	7	99 26 6f 
5952	0	7	99 24 6f 
5952	0	7	99 2c 6f 
5952	0	6	95 2b 6f 
5952	0	5	94 37 5f 
5952	0	5	94 2b 5f 
5952	0	4	93 47 6f 
5952	0	4	93 43 6f 
5952	0	4	93 3e 6f 
5952	0	1	90 47 6f 
5960	8	7	99 26 0 
5960	0	7	99 24 0 
5960	0	7	99 2c 0 
5976	16	7	99 2c 6f 
5984	8	7	99 2c 0 
6000	16	7	99 2c 6f 
6008	8	7	99 2c 0 
6015	7	1	90 47 0 
6024	9	7	99 2c 6f 
6024	0	1	90 47 6f 
6032	8	7	99 2c 0 
6036	4	6	95 2b 0 
6036	0	5	94 37 0 
6036	0	5	94 2b 0 
6036	0	4	93 47 0 
6036	0	4	93 43 0 
6036	0	4	93 3e 0 
6045	9	1	90 47 0 
6048	3	7	99 26 6f 
6048	0	7	99 24 6f 
6048	0	7	99 2c 6f 
6048	0	6	95 2f 6f 
6048	0	5	94 3b 5f 
6048	0	5	94 2f 5f 
6048	0	4	93 4a 6f 
6048	0	4	93 43 6f 
6048	0	4	93 3e 6f 
6048	0	1	90 4a 6f 
6056	8	7	99 26 0 
6056	0	7	99 24 0 
6056	0	7	99 2c 0 
6072	16	7	99 2c 6f 
6080	8	7	99 2c 0 
6096	16	7	99 2c 6f 
6104	8	7	99 2c 0 
6120	16	7	99 2c 6f 
6128	8	7	99 2c 0 
6132	4	6	95 2f 0 
6132	0	5	94 3b 0 
6132	0	5	94 2f 0 
6132	0	4	93 4a 0 
6132	0	4	93 43 0 
6132	0	4	93 3e 0 
6132	0	1	90 4a 0 
6144	12	7	99 26 6f 
6144	0	7	99 24 6f 
6144	0	7	99 2c 6f 
6144	0	6	95 2d 6f 
6144	0	5	94 39 5f 
6144	0	5	94 2d 5f 
6144	0	4	93 48 6f 
6144	0	4	93 42 6f 
6144	0	4	93 3e 6f 
6144	0	1	90 48 6f 
6152	8	7	99 26 0 
6152	0	7	99 24 0 
6152	0	7	99 2c 0 
6168	16	7	99 2c 6f 
6176	8	7	99 2c 0 
6192	16	7	99 2c 6f 
6200	8	7	99 2c 0 
6216	16	7	99 2c 6f 
6224	8	7	99 2c 0 
6228	4	6	95 2d 0 
6228	0	5	94 39 0 
6228	0	5	94 2d 0 
6228	0	4	93 48 0 
6228	0	4	93 42 0 
6228	0	4	93 3e 0 
6228	0	1	90 48 0 
6240	12	7	99 26 6f 
6240	0	7	99 24 6f 
6240	0	7	99 2c 6f 
6240	0	6	95 2b 6f 
6240	0	5	94 37 5f 
6240	0	5	94 2b 5f 
6240	0	4	93 47 6f 
6240	0	4	93 43 6f 
6240	0	4	93 3e 6f 
6240	0	1	90 47 6f 
6248	8	7	99 26 0 
6248	0	7	99 24 0 
6248	0	7	99 2c 0 
6264	16	7	99 2c 6f 
6272	8	7	99 2c 0 
6288	16	7	99 2c 6f 
6296	8	7	99 2c 0 
6303	7	1	90 47 0 
6312	9	7	99 2c 6f 
6312	0	1	90 43 6f 
6320	8	7	99 2c 0 
6324	4	6	95 2b 0 
6324	0	5	94 37 0 
6324	0	5	94 2b 0 
6324	0	4	93 47 0 
6324	0	4	93 43 0 
6324	0	4	93 3e 0 
6333	9	1	90 43 0 
6336	3	7	99 26 6f 
6336	0	7	99 24 6f 
6336	0	7	99 2c 6f 
6336	0	6	95 26 6f 
6336	0	5	94 32 5f 
6336	0	5	94 26 5f 
6336	0	4	93 47 6f 
6336	0	4	93 43 6f 
6336	0	4	93 3e 6f 
6336	0	1	90 47 6f 
6344	8	7	99 26 0 
6344	0	7	99 24 0 
6344	0	7	99 2c 0 
6360	16	7	99 2c 6f 
6368	8	7	99 2c 0 
6384	16	7	99 2c 6f 
6392	8	7	99 2c 0 
6408	16	7	99 2c 6f 
6416	8	7	99 2c 0 
6420	4	6	95 26 0 
6420	0	5	94 32 0 
6420	0	5	94 26 0 
6420	0	4	93 47 0 
6420	0	4	93 43 0 
6420	0	4	93 3e 0 
6420	0	1	90 47 0 
6420	0	7	99 26 6f 
6428	8	7	99 26 0 
6432	4	7	99 31 6f 
6432	0	7	99 26 6f 
6432	0	7	99 24 6f 
6432	0	6	95 26 6f 
6432	0	5	94 32 5f 
6432	0	5	94 26 5f 
6432	0	4	93 45 6f 
6432	0	4	93 42 6f 
6432	0	4	93 3e 6f 
6432	0	1	90 45 6f 
6440	8	7	99 31 0 
6440	0	7	99 26 0 
6440	0	7	99 24 0 
6456	16	7	99 2c 6f 
6464	8	7	99 2c 0 
6480	16	7	99 2c 6f 
6488	8	7	99 2c 0 
6504	16	7	99 2e 6f 
6512	8	7	99 2e 0 
6516	4	6	95 26 0 
6516	0	5	94 32 0 
6516	0	5	94 26 0 
6516	0	4	93 45 0 
6516	0	4	93 42 0 
6516	0	4	93 3e 0 
6516	0	1	90 45 0 
6528	12	7	99 26 6f 
6528	0	7	99 24 6f 
6528	0	7	99 2c 6f 
6528	0	6	95 2b 6f 
6528	0	5	94 37 5f 
6528	0	5	94 2b 5f 
6528	0	4	93 47 6f 
6528	0	4	93 43 6f 
6528	0	4	93 3e 6f 
6528	0	1	90 4a 6f 
6536	8	7	99 26 0 
6536	0	7	99 24 0 
6536	0	7	99 2c 0 
6552	16	7	99 2c 6f 
6560	8	7	99 2c 0 
6576	16	7	99 2c 6f 
6584	8	7	99 2c 0 
6591	7	1	90 4a 0 
6600	9	7	99 2c 6f 
6600	0	1	90 47 6f 
6608	8	7	99 2c 0 
6612	4	6	95 2b 0 
6612	0	5	94 37 0 
6612	0	5	94 2b 0 
6612	0	4	93 47 0 
6612	0	4	93 43 0 
6612	0	4	93 3e 0 
6621	9	1	90 47 0 
6624	3	7	99 26 6f 
6624	0	7	99 24 6f 
6624	0	7	99 2c 6f 
6624	0	6	95 2b 6f 
6624	0	5	94 37 5f 
6624	0	5	94 2b 5f 
6624	0	4	93 47 6f 
6624	0	4	93 43 6f 
6624	0	4	93 3e 6f 
6624	0	1	90 43 6f 
6632	8	7	99 26 0 
6632	0	7	99 24 0 
6632	0	7	99 2c 0 
6648	16	7	99 2c 6f 
6656	8	7	99 2c 0 
6672	16	7	99 2c 6f 
6680	8	7	99 2c 0 
6687	7	1	90 43 0 
6696	9	7	99 2c 6f 
6696	0	1	90 45 6f 
6704	8	7	99 2c 0 
6708	4	6	95 2b 0 
6708	0	5	94 37 0 
6708	0	5	94 2b 0 
6708	0	4	93 47 0 
6708	0	4	93 43 0 
6708	0	4	93 3e 0 
6717	9	1	90 45 0 
6720	3	7	99 26 6f 
6720	0	7	99 24 6f 
6720	0	7	99 2c 6f 
6720	0	6	95 2b 6f 
6720	0	5	94 37 5f 
6720	0	5	94 2b 5f 
6720	0	4	93 47 6f 
6720	0	4	93 43 6f 
6720	0	4	93 3e 6f 
6720	0	1	90 47 6f 
6728	8	7	99 26 0 
6728	0	7	99 24 0 
6728	0	7	99 2c 0 
6744	16	7	99 2c 6f 
6752	8	7	99 2c 0 
6768	16	7	99 2c 6f 
6776	8	7	99 2c 0 
6792	16	7	99 2c 6f 
6800	8	7	99 2c 0 
6804	4	6	95 2b 0 
6804	0	5	94 37 0 
6804	0	5	94 2b 0 
6804	0	4	93 47 0 
6804	0	4	93 43 0 
6804	0	4	93 3e 0 
6804	0	1	90 47 0 
6816	12	7	99 26 6f 
6816	0	7	99 24 6f 
6816	0	7	99 2c 6f 
6816	0	6	95 2b 6f 
6816	0	5	94 37 5f 
6816	0	5	94 2b 5f 
6816	0	4	93 47 6f 
6816	0	4	93 43 6f 
6816	0	4	93 3e 6f 
6816	0	1	90 3e 6f 
6824	8	7	99 26 0 
6824	0	7	99 24 0 
6824	0	7	99 2c 0 
6840	16	7	99 2c 6f 
6848	8	7	99 2c 0 
6864	16	7	99 2c 6f 
6872	8	7	99 2c 0 
6888	16	7	99 2c 6f 
6896	8	7	99 2c 0 
6900	4	6	95 2b 0 
6900	0	5	94 37 0 
6900	0	5	94 2b 0 
6900	0	4	93 47 0 
6900	0	4	93 43 0 
6900	0	4	93 3e 0 
6900	0	1	90 3e 0 
6912	12	7	99 26 6f 
6912	0	7	99 24 6f 
6912	0	7	99 2c 6f 
6912	0	6	95 30 6f 
6912	0	5	94 37 5f 
6912	0	5	94 30 5f 
6912	0	4	93 48 6f 
6912	0	4	93 43 6f 
6912	0	4	93 40 6f 
6912	0	1	90 40 6f 
6920	8	7	99 26 0 
6920	0	7	99 24 0 
6920	0	7	99 2c 0 
6936	16	7	99 2c 6f 
6944	8	7	99 2c 0 
6960	16	7	99 2c 6f 
6968	8	7	99 2c 0 
6975	7	1	90 40 0 
6984	9	7	99 2c 6f 
6984	0	1	90 40 6f 
6992	8	7	99 2c 0 
6996	4	6	95 30 0 
6996	0	5	94 37 0 
6996	0	5	94 30 0 
6996	0	4	93 48 0 
6996	0	4	93 43 0 
6996	0	4	93 40 0 
7005	9	1	90 40 0 
7008	3	7	99 26 6f 
7008	0	7	99 24 6f 
7008	0	7	99 2c 6f 
7008	0	6	95 2b 6f 
7008	0	5	94 37 5f 
7008	0	5	94 2b 5f 
7008	0	4	93 47 6f 
7008	0	4	93 43 6f 
7008	0	4	93 3e 6f 
7008	0	1	90 3e 6f 
7016	8	7	99 26 0 
7016	0	7	99 24 0 
7016	0	7	99 2c 0 
7032	16	7	99 2c 6f 
7040	8	7	99 2c 0 
7056	16	7	99 2c 6f 
7064	8	7	99 2c 0 
7071	7	1	90 3e 0 
7080	9	7	99 2c 6f 
7080	0	1	90 43 6f 
7088	8	7	99 2c 0 
7092	4	6	95 2b 0 
7092	0	5	94 37 0 
7092	0	5	94 2b 0 
7092	0	4	93 47 0 
7092	0	4	93 43 0 
7092	0	4	93 3e 0 
7101	9	1	90 43 0 
7104	3	7	99 26 6f 
7104	0	7	99 24 6f 
7104	0	7	99 2c 6f 
7104	0	6	95 2b 6f 
7104	0	5	94 37 5f 
7104	0	5	94 2b 5f 
7104	0	4	93 47 6f 
7104	0	4	93 43 6f 
7104	0	4	93 3e 6f 
7104	0	1	90 47 6f 
7112	8	7	99 26 0 
7112	0	7	99 24 0 
7112	0	7	99 2c 0 
7128	16	7	99 2c 6f 
7136	8	7	99 2c 0 
7152	16	7	99 26 6f 
7152	0	7	99 2c 6f 
7160	8	7	99 26 0 
7160	0	7	99 2c 0 
7176	16	7	99 24 6f 
7176	0	7	99 2c 6f 
7184	8	7	99 24 0 
7184	0	7	99 2c 0 
7188	4	6	95 2b 0 
7188	0	5	94 37 0 
7188	0	5	94 2b 0 
7188	0	4	93 47 0 
7188	0	4	93 43 0 
7188	0	4	93 3e 0 
7200	12	7	99 26 6f 
7200	0	7	99 24 6f 
7200	0	7	99 2c 6f 
7200	0	6	95 2b 6f 
7200	0	5	94 37 5f 
7200	0	5	94 2b 5f 
7200	0	4	93 47 6f 
7200	0	4	93 43 6f 
7200	0	4	93 3e 6f 
7208	8	7	99 26 0 
7208	0	7	99 24 0 
7208	0	7	99 2c 0 
7224	16	7	99 2c 6f 
7231	7	1	90 47 0 
7232	1	7	99 2c 0 
7248	16	7	99 2b 6f 
7248	0	7	99 2c 6f 
7248	0	1	90 47 6f 
7256	8	7	99 2b 0 
7256	0	7	99 2c 0 
7272	16	7	99 2c 6f 
7280	8	7	99 2c 0 
7284	4	6	95 2b 0 
7284	0	5	94 37 0 
7284	0	5	94 2b 0 
7284	0	4	93 47 0 
7284	0	4	93 43 0 
7284	0	4	93 3e 0 
7290	6	1	90 47 0 
7296	6	7	99 26 6f 
7296	0	7	99 24 6f 
7296	0	7	99 2c 6f 
7296	0	6	95 28 6f 
7296	0	5	94 34 5f 
7296	0	5	94 28 5f 
7296	0	4	93 48 6f 
7296	0	4	93 43 6f 
7296	0	4	93 3c 6f 
7296	0	1	90 48 6f 
7304	8	7	99 26 0 
7304	0	7	99 24 0 
7304	0	7	99 2c 0 
7320	16	7	99 2c 6f 
7328	8	7	99 2c 0 
7344	16	7	99 2c 6f 
7352	8	7	99 2c 0 
7359	7	1	90 48 0 
7368	9	7	99 2c 6f 
7368	0	1	90 48 6f 
7376	8	7	99 2c 0 
7380	4	6	95 28 0 
7380	0	5	94 34 0 
7380	0	5	94 28 0 
7380	0	4	93 48 0 
7380	0	4	93 43 0 
7380	0	4	93 3c 0 
7389	9	1	90 48 0 
7392	3	7	99 26 6f 
7392	0	7	99 24 6f 
7392	0	7	99 2c 6f 
7392	0	6	95 26 6f 
7392	0	5	94 32 5f 
7392	0	5	94 26 5f 
7392	0	4	93 47 6f 
7392	0	4	93 43 6f 
7392	0	4	93 3e 6f 
7392	0	1	90 47 6f 
7400	8	7	99 26 0 
7400	0	7	99 24 0 
7400	0	7	99 2c 0 
7416	16	7	99 2c 6f 
7424	8	7	99 2c 0 
7440	16	7	99 2c 6f 
7448	8	7	99 2c 0 
7455	7	1	90 47 0 
7464	9	7	99 2c 6f 
7464	0	1	90 47 6f 
7472	8	7	99 2c 0 
7476	4	6	95 26 0 
7476	0	5	94 32 0 
7476	0	5	94 26 0 
7476	0	4	93 47 0 
7476	0	4	93 43 0 
7476	0	4	93 3e 0 
7485	9	1	90 47 0 
7488	3	7	99 26 6f 
7488	0	7	99 24 6f 
7488	0	7	99 2c 6f 
7488	0	6	95 24 6f 
7488	0	5	94 30 5f 
7488	0	5	94 24 5f 
7488	0	4	93 4c 6f 
7488	0	4	93 48 6f 
7488	0	4	93 43 6f 
7488	0	1	90 4c 6f 
7496	8	7	99 26 0 
7496	0	7	99 24 0 
7496	0	7	99 2c 0 
7512	16	7	99 2c 6f 
7520	8	7	99 2c 0 
7536	16	7	99 2c 6f 
7544	8	7	99 2c 0 
7551	7	1	90 4c 0 
7560	9	7	99 26 6f 
7560	0	7	99 2c 6f 
7560	0	1	90 4c 6f 
7568	8	7	99 26 0 
7568	0	7	99 2c 0 
7572	4	6	95 24 0 
7572	0	5	94 30 0 
7572	0	5	94 24 0 
7572	0	4	93 4c 0 
7572	0	4	93 48 0 
7572	0	4	93 43 0 
7581	9	1	90 4c 0 
7584	3	0	ff 51 3 10 f4 47 
7584	0	7	99 31 6f 
7584	0	7	99 26 6f 
7584	0	7	99 24 6f 
7584	0	6	95 23 6f 
7584	0	5	94 2f 5f 
7584	0	5	94 23 5f 
7584	0	4	93 4a 6f 
7584	0	4	93 43 6f 
7584	0	1	90 4a 6f 
7592	8	7	99 31 0 
7592	0	7	99 26 0 
7592	0	7	99 24 0 
7608	16	7	99 2c 6f 
7616	8	7	99 2c 0 
7632	16	7	99 2b 6f 
7632	0	7	99 2c 6f 
7640	8	7	99 2b 0 
7640	0	7	99 2c 0 
7647	7	1	90 4a 0 
7656	9	0	ff 51 3 8 7a 57 
7656	0	7	99 2b 6f 
7656	0	7	99 2c 6f 
7656	0	1	90 4a 6f 
7664	8	7	99 2b 0 
7664	0	7	99 2c 0 
7668	4	6	95 23 0 
7668	0	5	94 2f 0 
7668	0	5	94 23 0 
7668	0	4	93 4a 0 
7668	0	4	93 43 0 
7677	9	1	90 4a 0 
7680	3	7	99 26 6f 
7680	0	7	99 24 6f 
7680	0	7	99 2c 6f 
7680	0	6	95 26 6f 
7680	0	5	94 32 5f 
7680	0	5	94 26 5f 
7680	0	4	93 48 6f 
7680	0	4	93 45 6f 
7680	0	4	93 42 6f 
7680	0	4	93 3e 6f 
7680	0	1	90 48 6f 
7688	8	7	99 26 0 
7688	0	7	99 24 0 
7688	0	7	99 2c 0 
7704	16	7	99 2c 6f 
7712	8	7	99 2c 0 
7728	16	7	99 2c 6f 
7736	8	7	99 2c 0 
7743	7	1	90 48 0 
7752	9	7	99 2c 6f 
7752	0	1	90 48 6f 
7760	8	7	99 2c 0 
7764	4	6	95 26 0 
7764	0	5	94 32 0 
7764	0	5	94 26 0 
7764	0	4	93 48 0 
7764	0	4	93 45 0 
7764	0	4	93 42 0 
7764	0	4	93 3e 0 
7773	9	1	90 48 0 
7776	3	7	99 26 6f 
7776	0	7	99 24 6f 
7776	0	7	99 2c 6f 
7776	0	6	95 26 6f 
7776	0	5	94 32 5f 
7776	0	5	94 26 5f 
7776	0	4	93 48 6f 
7776	0	4	93 45 6f 
7776	0	4	93 42 6f 
7776	0	4	93 3e 6f 
7776	0	1	90 45 6f 
7784	8	7	99 26 0 
7784	0	7	99 24 0 
7784	0	7	99 2c 0 
7800	16	7	99 2c 6f 
7808	8	7	99 2c 0 
7824	16	7	99 2c 6f 
7832	8	7	99 2c 0 
7839	7	1	90 45 0 
7848	9	7	99 2c 6f 
7848	0	1	90 42 6f 
7856	8	7	99 2c 0 
7860	4	6	95 26 0 
7860	0	5	94 32 0 
7860	0	5	94 26 0 
7860	0	4	93 48 0 
7860	0	4	93 45 0 
7860	0	4	93 42 0 
7860	0	4	93 3e 0 
7869	9	1	90 42 0 
7872	3	7	99 26 6f 
7872	0	7	99 24 6f 
7872	0	7	99 2c 6f 
7872	0	6	95 2b 6f 
7872	0	5	94 37 5f 
7872	0	5	94 2b 5f 
7872	0	4	93 47 6f 
7872	0	4	93 43 6f 
7872	0	4	93 3e 6f 
7872	0	1	90 43 6f 
7880	8	7	99 26 0 
7880	0	7	99 24 0 
7880	0	7	99 2c 0 
7896	16	7	99 2c 6f 
7904	8	7	99 2c 0 
7920	16	7	99 2c 6f 
7928	8	7	99 2c 0 
7944	16	7	99 2c 6f 
7952	8	7	99 2c 0 
7956	4	6	95 2b 0 
7956	0	5	94 37 0 
7956	0	5	94 2b 0 
7956	0	4	93 47 0 
7956	0	4	93 43 0 
7956	0	4	93 3e 0 
7968	12	7	99 31 6f 
7968	0	7	99 26 6f 
7968	0	7	99 24 6f 
7968	0	6	95 1f 6f 
7968	0	5	94 2b 6f 
7968	0	5	94 1f 6f 
7968	0	4	93 4f 7f 
7968	0	4	93 4a 7f 
7968	0	4	93 47 7f 
7968	0	4	93 43 7f 
7976	8	7	99 31 0 
7976	0	7	99 26 0 
7976	0	7	99 24 0 
7999	23	1	90 43 0 
8016	17	7	99 2b 6f 
8024	8	7	99 2b 0 
8040	16	7	99 2b 6f 
8048	8	7	99 2b 0 
8052	4	6	95 1f 0 
8052	0	5	94 2b 0 
8052	0	5	94 1f 0 
8052	0	4	93 4f 0 
8052	0	4	93 4a 0 
8052	0	4	93 47 0 
8052	0	4	93 43 0 
8062	10	2	c1 38 
8063	1	3	c2 39 
8064	1	0	ff 6 8 43 68 6f 72 75 73 20 32 
8064	0	7	99 35 6f 
8064	0	7	99 24 6f 
8064	0	6	95 2b 6f 
8064	0	5	94 37 5f 
8064	0	5	94 2b 5f 
8064	0	4	93 43 6f 
8064	0	4	93 3e 6f 
8064	0	4	93 3b 6f 
8064	0	3	92 37 6f 
8064	0	2	91 47 6f 
8064	0	1	90 4a 6f 
8072	8	7	99 35 0 
8072	0	7	99 24 0 
8112	40	7	99 33 6f 
8120	8	7	99 33 0 
8127	7	3	92 37 0 
8127	0	2	91 47 0 
8127	0	1	90 4a 0 
8136	9	3	92 37 6f 
8136	0	2	91 47 6f 
8136	0	1	90 4a 6f 
8148	12	6	95 2b 0 
8148	0	5	94 37 0 
8148	0	5	94 2b 0 
8148	0	4	93 43 0 
8148	0	4	93 3e 0 
8148	0	4	93 3b 0 
8157	9	3	92 37 0 
8157	0	2	91 47 0 
8157	0	1	90 4a 0 
8160	3	7	99 33 6f 
8160	0	7	99 26 6f 
8160	0	7	99 24 6f 
8160	0	6	95 2b 6f 
8160	0	5	94 37 5f 
8160	0	5	94 2b 5f 
8160	0	4	93 43 6f 
8160	0	4	93 3e 6f 
8160	0	4	93 3b 6f 
8160	0	3	92 37 6f 
8160	0	2	91 47 6f 
8160	0	1	90 4a 6f 
8168	8	7	99 33 0 
8168	0	7	99 26 0 
8168	0	7	99 24 0 
8208	40	7	99 33 6f 
8216	8	7	99 33 0 
8223	7	3	92 37 0 
8223	0	2	91 47 0 
8223	0	1	90 4a 0 
8232	9	3	92 37 6f 
8232	0	2	91 48 6f 
8232	0	1	90 4c 6f 
8244	12	6	95 2b 0 
8244	0	5	94 37 0 
8244	0	5	94 2b 0 
8244	0	4	93 43 0 
8244	0	4	93 3e 0 
8244	0	4	93 3b 0 
8253	9	3	92 37 0 
8253	0	2	91 48 0 
8253	0	1	90 4c 0 
8256	3	7	99 33 6f 
8256	0	7	99 24 6f 
8256	0	6	95 2b 6f 
8256	0	5	94 37 5f 
8256	0	5	94 2b 5f 
8256	0	4	93 43 6f 
8256	0	4	93 3e 6f 
8256	0	4	93 3b 6f 
8256	0	3	92 37 6f 
8256	0	2	91 47 6f 
8256	0	1	90 4a 6f 
8264	8	7	99 33 0 
8264	0	7	99 24 0 
8304	40	7	99 33 6f 
8312	8	7	99 33 0 
8340	28	6	95 2b 0 
8340	0	5	94 37 0 
8340	0	5	94 2b 0 
8340	0	4	93 43 0 
8340	0	4	93 3e 0 
8340	0	4	93 3b 0 
8340	0	3	92 37 0 
8340	0	2	91 47 0 
8340	0	1	90 4a 0 
8352	12	7	99 33 6f 
8352	0	7	99 26 6f 
8352	0	7	99 24 6f 
8352	0	6	95 2b 6f 
8352	0	5	94 37 5f 
8352	0	5	94 2b 5f 
8352	0	4	93 43 6f 
8352	0	4	93 3e 6f 
8352	0	4	93 3b 6f 
8352	0	3	92 37 6f 
8352	0	2	91 45 6f 
8352	0	1	90 47 6f 
8360	8	7	99 33 0 
8360	0	7	99 26 0 
8360	0	7	99 24 0 
8400	40	7	99 33 6f 
8408	8	7	99 33 0 
8436	28	6	95 2b 0 
8436	0	5	94 37 0 
8436	0	5	94 2b 0 
8436	0	4	93 43 0 
8436	0	4	93 3e 0 
8436	0	4	93 3b 0 
8436	0	3	92 37 0 
8436	0	2	91 45 0 
8436	0	1	90 47 0 
8448	12	7	99 35 6f 
8448	0	7	99 24 6f 
8448	0	6	95 28 6f 
8448	0	5	94 34 5f 
8448	0	5	94 28 5f 
8448	0	4	93 43 6f 
8448	0	4	93 40 6f 
8448	0	4	93 3c 6f 
8448	0	3	92 34 6f 
8448	0	2	91 43 6f 
8448	0	1	90 48 6f 
8456	8	7	99 35 0 
8456	0	7	99 24 0 
8496	40	7	99 33 6f 
8504	8	7	99 33 0 
8511	7	3	92 34 0 
8511	0	2	91 43 0 
8511	0	1	90 48 0 
8520	9	3	92 34 6f 
8520	0	2	91 43 6f 
8520	0	1	90 48 6f 
8532	12	6	95 28 0 
8532	0	5	94 34 0 
8532	0	5	94 28 0 
8532	0	4	93 43 0 
8532	0	4	93 40 0 
8532	0	4	93 3c 0 
8541	9	3	92 34 0 
8541	0	2	91 43 0 
8541	0	1	90 48 0 
8544	3	7	99 33 6f 
8544	0	7	99 26 6f 
8544	0	7	99 24 6f 
8544	0	6	95 2b 6f 
8544	0	5	94 37 5f 
8544	0	5	94 2b 5f 
8544	0	4	93 43 6f 
8544	0	4	93 3e 6f 
8544	0	4	93 3b 6f 
8544	0	3	92 37 6f 
8544	0	2	91 43 6f 
8544	0	1	90 47 6f 
8552	8	7	99 33 0 
8552	0	7	99 26 0 
8552	0	7	99 24 0 
8592	40	7	99 33 6f 
8600	8	7	99 33 0 
8607	7	3	92 37 0 
8607	0	2	91 43 0 
8607	0	1	90 47 0 
8616	9	3	92 37 6f 
8616	0	2	91 43 6f 
8616	0	1	90 47 6f 
8628	12	6	95 2b 0 
8628	0	5	94 37 0 
8628	0	5	94 2b 0 
8628	0	4	93 43 0 
8628	0	4	93 3e 0 
8628	0	4	93 3b 0 
8637	9	3	92 37 0 
8637	0	2	91 43 0 
8637	0	1	90 47 0 
8640	3	7	99 33 6f 
8640	0	7	99 24 6f 
8640	0	6	95 26 6f 
8640	0	5	94 32 5f 
8640	0	5	94 26 5f 
8640	0	4	93 42 6f 
8640	0	4	93 3e 6f 
8640	0	4	93 39 6f 
8640	0	3	92 32 6f 
8640	0	2	91 42 6f 
8640	0	1	90 45 6f 
8648	8	7	99 33 0 
8648	0	7	99 24 0 
8688	40	7	99 33 6f 
8696	8	7	99 33 0 
8724	28	6	95 26 0 
8724	0	5	94 32 0 
8724	0	5	94 26 0 
8724	0	4	93 42 0 
8724	0	4	93 3e 0 
8724	0	4	93 39 0 
8736	12	7	99 33 6f 
8736	0	7	99 26 6f 
8736	0	7	99 24 6f 
8736	0	6	95 26 6f 
8736	0	5	94 30 5f 
8736	0	5	94 24 5f 
8736	0	4	93 42 6f 
8736	0	4	93 3e 6f 
8736	0	4	93 39 6f 
8744	8	7	99 33 0 
8744	0	7	99 26 0 
8744	0	7	99 24 0 
8767	23	3	92 32 0 
8767	0	2	91 42 0 
8767	0	1	90 45 0 
8784	17	7	99 33 6f 
8792	8	7	99 33 0 
8808	16	3	92 30 6f 
8808	0	2	91 3e 6f 
8808	0	1	90 45 6f 
8820	12	6	95 26 0 
8820	0	5	94 30 0 
8820	0	5	94 24 0 
8820	0	4	93 42 0 
8820	0	4	93 3e 0 
8820	0	4	93 39 0 
8829	9	3	92 30 0 
8829	0	2	91 3e 0 
8829	0	1	90 45 0 
8832	3	7	99 35 6f 
8832	0	7	99 24 6f 
8832	0	6	95 23 6f 
8832	0	5	94 2f 5f 
8832	0	5	94 23 5f 
8832	0	4	93 43 6f 
8832	0	4	93 3e 6f 
8832	0	3	92 2f 6f 
8832	0	2	91 3e 6f 
8832	0	1	90 43 6f 
8840	8	7	99 35 0 
8840	0	7	99 24 0 
8880	40	7	99 33 6f 
8888	8	7	99 33 0 
8895	7	3	92 2f 0 
8895	0	2	91 3e 0 
8895	0	1	90 43 0 
8904	9	3	92 2f 6f 
8904	0	2	91 3e 6f 
8904	0	1	90 43 6f 
8916	12	6	95 23 0 
8916	0	5	94 2f 0 
8916	0	5	94 23 0 
8916	0	4	93 43 0 
8916	0	4	93 3e 0 
8925	9	3	92 2f 0 
8925	0	2	91 3e 0 
8925	0	1	90 43 0 
8928	3	7	99 33 6f 
8928	0	7	99 26 6f 
8928	0	7	99 24 6f 
8928	0	6	95 26 6f 
8928	0	5	94 32 5f 
8928	0	5	94 26 5f 
8928	0	4	93 45 6f 
8928	0	4	93 42 6f 
8928	0	4	93 3e 6f 
8928	0	3	92 32 6f 
8928	0	2	91 42 6f 
8928	0	1	90 45 6f 
8936	8	7	99 33 0 
8936	0	7	99 26 0 
8936	0	7	99 24 0 
8976	40	7	99 33 6f 
8984	8	7	99 33 0 
8991	7	3	92 32 0 
8991	0	2	91 42 0 
8991	0	1	90 45 0 
9000	9	3	92 32 6f 
9000	0	2	91 42 6f 
9000	0	1	90 45 6f 
9012	12	6	95 26 0 
9012	0	5	94 32 0 
9012	0	5	94 26 0 
9012	0	4	93 45 0 
9012	0	4	93 42 0 
9012	0	4	93 3e 0 
9021	9	3	92 32 0 
9021	0	2	91 42 0 
9021	0	1	90 45 0 
9024	3	7	99 33 6f 
9024	0	7	99 24 6f 
9024	0	6	95 2b 6f 
9024	0	5	94 37 5f 
9024	0	5	94 2b 5f 
9024	0	4	93 47 6f 
9024	0	4	93 43 6f 
9024	0	4	93 3e 6f 
9024	0	3	92 37 6f 
9024	0	2	91 43 6f 
9024	0	1	90 47 6f 
9032	8	7	99 33 0 
9032	0	7	99 24 0 
9072	40	7	99 33 6f 
9080	8	7	99 33 0 
9087	7	3	92 37 0 
9087	0	2	91 43 0 
9087	0	1	90 47 0 
9096	9	3	92 37 6f 
9096	0	2	91 43 6f 
9096	0	1	90 47 6f 
9108	12	6	95 2b 0 
9108	0	5	94 37 0 
9108	0	5	94 2b 0 
9108	0	4	93 47 0 
9108	0	4	93 43 0 
9108	0	4	93 3e 0 
9117	9	3	92 37 0 
9117	0	2	91 43 0 
9117	0	1	90 47 0 
9120	3	0	ff 51 3 10 f4 47 
9120	0	7	99 39 6f 
9120	0	7	99 26 6f 
9120	0	7	99 24 6f 
9120	0	6	95 24 6f 
9120	0	5	94 30 5f 
9120	0	5	94 24 5f 
9120	0	4	93 48 6f 
9120	0	4	93 43 6f 
9120	0	4	93 40 6f 
9120	0	3	92 30 6f 
9120	0	2	91 43 6f 
9120	0	1	90 4c 6f 
9128	8	7	99 39 0 
9128	0	7	99 26 0 
9128	0	7	99 24 0 
9168	40	7	99 33 6f 
9176	8	7	99 33 0 
9183	7	3	92 30 0 
9183	0	2	91 43 0 
9183	0	1	90 4c 0 
9192	9	3	92 30 6f 
9192	0	2	91 43 6f 
9192	0	1	90 4c 6f 
9204	12	6	95 24 0 
9204	0	5	94 30 0 
9204	0	5	94 24 0 
9204	0	4	93 48 0 
9204	0	4	93 43 0 
9204	0	4	93 40 0 
9213	9	3	92 30 0 
9213	0	2	91 43 0 
9213	0	1	90 4c 0 
9216	3	0	ff 51 3 8 7a 57 
9216	0	7	99 35 6f 
9216	0	7	99 24 6f 
9216	0	6	95 26 6f 
9216	0	5	94 32 5f 
9216	0	5	94 26 5f 
9216	0	4	93 45 6f 
9216	0	4	93 42 6f 
9216	0	4	93 3e 6f 
9216	0	3	92 32 6f 
9216	0	2	91 42 6f 
9216	0	1	90 4a 6f 
9216	0	0	ff 2f 0 
9224	8	7	99 35 0 
9224	0	7	99 24 0 
9264	40	7	99 33 6f 
9272	8	7	99 33 0 
9279	7	3	92 32 0 
9279	0	2	91 42 0 
9279	0	1	90 4a 0 
9288	9	3	92 32 6f 
9288	0	2	91 42 6f 
9288	0	1	90 4a 6f 
9300	12	6	95 26 0 
9300	0	5	94 32 0 
9300	0	5	94 26 0 
9300	0	4	93 45 0 
9300	0	4	93 42 0 
9300	0	4	93 3e 0 
9309	9	3	92 32 0 
9309	0	2	91 42 0 
9309	0	1	90 4a 0 
9312	3	7	99 33 6f 
9312	0	7	99 26 6f 
9312	0	7	99 24 6f 
9312	0	6	95 26 6f 
9312	0	5	94 32 5f 
9312	0	5	94 26 5f 
9312	0	4	93 48 6f 
9312	0	4	93 45 6f 
9312	0	4	93 42 6f 
9312	0	4	93 3e 6f 
9312	0	3	92 32 6f 
9312	0	2	91 45 6f 
9312	0	1	90 48 6f 
9320	8	7	99 33 0 
9320	0	7	99 26 0 
9320	0	7	99 24 0 
9360	40	7	99 33 6f 
9368	8	7	99 33 0 
9375	7	3	92 32 0 
9375	0	2	91 45 0 
9375	0	1	90 48 0 
9384	9	3	92 32 6f 
9384	0	2	91 48 6f 
9384	0	1	90 45 6f 
9396	12	6	95 26 0 
9396	0	5	94 32 0 
9396	0	5	94 26 0 
9396	0	4	93 48 0 
9396	0	4	93 45 0 
9396	0	4	93 42 0 
9396	0	4	93 3e 0 
9405	9	3	92 32 0 
9405	0	2	91 48 0 
9405	0	1	90 45 0 
9408	3	7	99 33 6f 
9408	0	7	99 24 6f 
9408	0	6	95 2b 6f 
9408	0	5	94 37 5f 
9408	0	5	94 2b 5f 
9408	0	4	93 47 6f 
9408	0	4	93 43 6f 
9408	0	4	93 3e 6f 
9408	0	3	92 2b 6f 
9408	0	2	91 47 6f 
9408	0	1	90 43 6f 
9416	8	7	99 33 0 
9416	0	7	99 24 0 
9456	40	7	99 33 6f 
9456	0	7	99 2d 6f 
9456	0	7	99 2b 6f 
9464	8	7	99 33 0 
9464	0	7	99 2d 0 
9464	0	7	99 2b 0 
9492	28	6	95 2b 0 
9492	0	5	94 37 0 
9492	0	5	94 2b 0 
9492	0	4	93 47 0 
9492	0	4	93 43 0 
9492	0	4	93 3e 0 
9504	12	7	99 31 6f 
9504	0	7	99 26 6f 
9504	0	7	99 24 6f 
9504	0	6	95 1f 6f 
9504	0	5	94 2b 6f 
9504	0	5	94 1f 6f 
9504	0	4	93 4f 7f 
9504	0	4	93 4a 7f 
9504	0	4	93 47 7f 
9504	0	4	93 43 7f 
9512	8	7	99 31 0 
9512	0	7	99 26 0 
9512	0	7	99 24 0 
9512	0	7	ff 2f 0 
9535	23	3	92 2b 0 
9535	0	2	91 47 0 
9535	0	1	90 43 0 
9535	0	3	ff 2f 0 
9535	0	2	ff 2f 0 
9535	0	1	ff 2f 0 
9588	53	6	95 1f 0 
9588	0	5	94 2b 0 
9588	0	5	94 1f 0 
9588	0	4	93 4f 0 
9588	0	4	93 4a 0 
9588	0	4	93 47 0 
9588	0	4	93 43 0 
9588	0	6	ff 2f 0 
9588	0	5	ff 2f 0 
9588	0	4	ff 2f 0 
