TPQ: 384
TRACKS: 1
0	0	0	ff 58 4 4 2 60 8 
0	0	0	ff 7f 3 0 0 41 
0	0	0	ff 7f 5 0 0 77 e 0 
0	0	0	ff 51 3 8 52 ae 
0	0	0	ff 3 c 56 65 72 73 65 20 47 75 69 74 61 72 
0	0	0	b0 0 0 
0	0	0	c0 19 
0	0	0	b0 7 7f 
0	0	0	ff 59 2 0 0 
0	0	0	90 2c 64 
0	0	0	ff 3 d 43 68 6f 72 75 73 20 47 75 69 74 61 72 
0	0	0	b1 0 0 
0	0	0	c1 1e 
0	0	0	b1 7 78 
0	0	0	ff 59 2 0 0 
0	0	0	ff 3 b 42 61 73 73 20 47 75 69 74 61 72 
0	0	0	b2 0 0 
0	0	0	c2 21 
0	0	0	b2 7 78 
0	0	0	ff 59 2 0 0 
0	0	0	92 2f 64 
0	0	0	92 2c 64 
0	0	0	92 27 64 
0	0	0	92 20 64 
0	0	0	ff 3 5 44 72 75 6d 73 
0	0	0	b9 7 42 
0	0	0	ff 59 2 0 0 
0	0	0	99 2d 7f 
0	0	0	ff 3 9 4d 65 74 61 6c 6c 69 63 61 
0	0	0	ff 59 2 0 0 
0	0	0	b9 7 64 
0	0	0	ff 3 f 55 6e 74 69 6c 20 69 74 20 53 6c 65 65 70 73 
0	0	0	ff 59 2 0 0 
0	0	0	b9 7 64 
0	0	0	ff 3 e 54 72 61 6e 73 63 72 69 62 65 64 20 62 79 
0	0	0	ff 59 2 0 0 
0	0	0	b9 7 64 
0	0	0	ff 3 b 41 6e 64 72 65 77 20 48 69 6c 6c 
0	0	0	ff 59 2 0 0 
0	0	0	b9 7 64 
192	192	0	80 2c 0 
192	0	0	90 33 64 
192	0	0	99 2d 0 
192	0	0	99 2d 7f 
384	192	0	90 33 0 
384	0	0	90 3f 64 
384	0	0	99 2d 0 
384	0	0	99 28 7f 
576	192	0	90 3f 0 
576	0	0	90 3d 64 
576	0	0	99 28 0 
768	192	0	99 2d 7f 
960	192	0	90 3d 0 
960	0	0	90 3b 64 
960	0	0	99 2d 0 
960	0	0	99 2d 7f 
1152	192	0	99 2d 0 
1152	0	0	99 28 7f 
1344	192	0	90 3b 0 
1344	0	0	90 3a 64 
1344	0	0	99 28 0 
1536	192	0	99 2d 7f 
1728	192	0	90 3a 0 
1728	0	0	90 38 64 
1728	0	0	99 2d 0 
1728	0	0	99 2d 7f 
1920	192	0	99 2d 0 
1920	0	0	99 28 7f 
2112	192	0	90 38 0 
2112	0	0	90 36 64 
2112	0	0	99 28 0 
2304	192	0	99 2d 7f 
2496	192	0	99 2d 0 
2496	0	0	99 2d 7f 
2688	192	0	99 2d 0 
2688	0	0	99 28 7f 
2880	192	0	99 28 0 
3072	192	0	90 36 0 
3072	0	0	90 4b 64 
3072	0	0	90 47 64 
3072	0	0	90 38 64 
3072	0	0	90 33 64 
3072	0	0	90 2c 64 
3072	0	0	99 2d 7f 
3264	192	0	99 2d 0 
3264	0	0	99 2d 7f 
3456	192	0	99 2d 0 
3456	0	0	99 28 7f 
3648	192	0	99 28 0 
3840	192	0	99 2d 7f 
4032	192	0	99 2d 0 
4032	0	0	99 2d 7f 
4224	192	0	99 2d 0 
4224	0	0	99 28 7f 
4416	192	0	99 28 0 
4608	192	0	99 2d 7f 
4800	192	0	99 2d 0 
4800	0	0	99 2d 7f 
4992	192	0	99 2d 0 
4992	0	0	99 28 7f 
5184	192	0	99 28 0 
5376	192	0	99 2d 7f 
5568	192	0	99 2d 0 
5568	0	0	99 2d 7f 
5760	192	0	99 2d 0 
5760	0	0	99 28 7f 
5952	192	0	99 28 0 
6144	192	0	90 2c 0 
6144	0	0	90 33 0 
6144	0	0	90 38 0 
6144	0	0	90 47 0 
6144	0	0	90 4b 0 
6144	0	0	90 2c 64 
6144	0	0	92 20 0 
6144	0	0	92 27 0 
6144	0	0	92 2c 0 
6144	0	0	92 2f 0 
6144	0	0	92 2f 64 
6144	0	0	92 2c 64 
6144	0	0	92 27 64 
6144	0	0	92 20 64 
6144	0	0	99 2d 7f 
6336	192	0	90 2c 0 
6336	0	0	90 33 64 
6336	0	0	99 2d 0 
6336	0	0	99 2d 7f 
6528	192	0	90 33 0 
6528	0	0	90 3f 64 
6528	0	0	99 2d 0 
6528	0	0	99 28 7f 
6720	192	0	90 3f 0 
6720	0	0	90 3d 64 
6720	0	0	99 28 0 
6912	192	0	99 2d 7f 
7104	192	0	90 3d 0 
7104	0	0	90 3b 64 
7104	0	0	99 2d 0 
7104	0	0	99 2d 7f 
7296	192	0	99 2d 0 
7296	0	0	99 28 7f 
7488	192	0	90 3b 0 
7488	0	0	90 3a 64 
7488	0	0	99 28 0 
7680	192	0	99 2d 7f 
7872	192	0	90 3a 0 
7872	0	0	90 38 64 
7872	0	0	99 2d 0 
7872	0	0	99 2d 7f 
8064	192	0	99 2d 0 
8064	0	0	99 28 7f 
8256	192	0	90 38 0 
8256	0	0	90 36 64 
8256	0	0	99 28 0 
8448	192	0	99 2d 7f 
8640	192	0	90 36 0 
8640	0	0	90 42 64 
8640	0	0	90 3d 64 
8640	0	0	90 36 64 
8640	0	0	99 2d 0 
8640	0	0	99 2d 7f 
8832	192	0	90 42 0 
8832	0	0	90 3d 0 
8832	0	0	90 36 0 
8832	0	0	90 42 64 
8832	0	0	90 3d 64 
8832	0	0	90 36 64 
8832	0	0	99 2d 0 
8832	0	0	99 28 7f 
9024	192	0	90 42 0 
9024	0	0	90 3d 0 
9024	0	0	90 36 0 
9024	0	0	90 42 64 
9024	0	0	90 3d 64 
9024	0	0	90 36 64 
9024	0	0	99 28 0 
9216	192	0	90 42 0 
9216	0	0	90 3d 0 
9216	0	0	90 36 0 
9216	0	0	91 33 64 
9216	0	0	91 2c 64 
9216	0	0	99 2d 7f 
9408	192	0	91 33 0 
9408	0	0	91 2c 0 
9408	0	0	91 2c 64 
9408	0	0	99 2d 0 
9408	0	0	99 2d 7f 
9600	192	0	91 2c 0 
9600	0	0	91 3b 64 
9600	0	0	91 38 64 
9600	0	0	99 2d 0 
9600	0	0	99 28 7f 
9792	192	0	91 3b 0 
9792	0	0	91 38 0 
9792	0	0	91 2c 64 
9792	0	0	99 28 0 
9984	192	0	91 2c 0 
9984	0	0	91 3d 64 
9984	0	0	91 38 64 
9984	0	0	99 2d 7f 
10176	192	0	91 3d 0 
10176	0	0	91 38 0 
10176	0	0	91 3b 64 
10176	0	0	91 37 64 
10176	0	0	99 2d 0 
10176	0	0	99 2d 7f 
10368	192	0	91 3b 0 
10368	0	0	91 37 0 
10368	0	0	91 2c 64 
10368	0	0	99 2d 0 
10368	0	0	99 28 7f 
10560	192	0	91 2c 0 
10560	0	0	91 36 64 
10560	0	0	91 3a 64 
10560	0	0	99 28 0 
10752	192	0	99 2d 7f 
10944	192	0	91 36 0 
10944	0	0	91 3a 0 
10944	0	0	91 3b 64 
10944	0	0	91 36 64 
10944	0	0	99 2d 0 
10944	0	0	99 2d 7f 
11136	192	0	91 3b 0 
11136	0	0	91 36 0 
11136	0	0	91 2c 64 
11136	0	0	99 2d 0 
11136	0	0	99 28 7f 
11328	192	0	91 2c 0 
11328	0	0	91 36 64 
11328	0	0	91 3a 64 
11328	0	0	99 28 0 
11520	192	0	99 2d 7f 
11712	192	0	91 36 0 
11712	0	0	91 3a 0 
11712	0	0	91 3b 64 
11712	0	0	99 2d 0 
11712	0	0	99 2d 7f 
11904	192	0	91 3b 0 
11904	0	0	91 3a 64 
11904	0	0	99 2d 0 
11904	0	0	99 28 7f 
12096	192	0	99 28 0 
12288	192	0	91 3a 0 
12288	0	0	91 33 64 
12288	0	0	91 2c 64 
12288	0	0	99 2d 7f 
12480	192	0	91 33 0 
12480	0	0	91 2c 0 
12480	0	0	91 2c 64 
12480	0	0	99 2d 0 
12480	0	0	99 2d 7f 
12672	192	0	91 2c 0 
12672	0	0	91 3b 64 
12672	0	0	91 38 64 
12672	0	0	99 2d 0 
12672	0	0	99 28 7f 
12864	192	0	91 3b 0 
12864	0	0	91 38 0 
12864	0	0	91 2c 64 
12864	0	0	99 28 0 
13056	192	0	91 2c 0 
13056	0	0	91 3d 64 
13056	0	0	91 38 64 
13056	0	0	99 2d 7f 
13248	192	0	91 3d 0 
13248	0	0	91 38 0 
13248	0	0	91 3b 64 
13248	0	0	91 37 64 
13248	0	0	99 2d 0 
13248	0	0	99 2d 7f 
13440	192	0	91 3b 0 
13440	0	0	91 37 0 
13440	0	0	91 2c 64 
13440	0	0	99 2d 0 
13440	0	0	99 28 7f 
13632	192	0	91 2c 0 
13632	0	0	91 36 64 
13632	0	0	91 3a 64 
13632	0	0	99 28 0 
13824	192	0	99 2d 7f 
14016	192	0	91 36 0 
14016	0	0	91 3a 0 
14016	0	0	91 3b 64 
14016	0	0	91 36 64 
14016	0	0	99 2d 0 
14016	0	0	99 2d 7f 
14208	192	0	91 3b 0 
14208	0	0	91 36 0 
14208	0	0	91 2c 64 
14208	0	0	99 2d 0 
14208	0	0	99 28 7f 
14400	192	0	91 2c 0 
14400	0	0	91 34 64 
14400	0	0	91 38 64 
14400	0	0	99 28 0 
14592	192	0	99 2d 7f 
14784	192	0	91 34 0 
14784	0	0	91 38 0 
14784	0	0	91 39 64 
14784	0	0	99 2d 0 
14784	0	0	99 2d 7f 
14976	192	0	91 39 0 
14976	0	0	91 38 64 
14976	0	0	99 2d 0 
14976	0	0	99 28 7f 
15168	192	0	99 28 0 
15360	192	0	91 38 0 
15360	0	0	91 33 64 
15360	0	0	91 2c 64 
15360	0	0	99 2d 7f 
15552	192	0	91 33 0 
15552	0	0	91 2c 0 
15552	0	0	91 2c 64 
15552	0	0	99 2d 0 
15552	0	0	99 2d 7f 
15744	192	0	91 2c 0 
15744	0	0	91 3b 64 
15744	0	0	91 38 64 
15744	0	0	99 2d 0 
15744	0	0	99 28 7f 
15936	192	0	91 3b 0 
15936	0	0	91 38 0 
15936	0	0	91 2c 64 
15936	0	0	99 28 0 
16128	192	0	91 2c 0 
16128	0	0	91 3d 64 
16128	0	0	91 38 64 
16128	0	0	99 2d 7f 
16320	192	0	91 3d 0 
16320	0	0	91 38 0 
16320	0	0	91 3b 64 
16320	0	0	91 37 64 
16320	0	0	99 2d 0 
16320	0	0	99 2d 7f 
16512	192	0	91 3b 0 
16512	0	0	91 37 0 
16512	0	0	91 2c 64 
16512	0	0	99 2d 0 
16512	0	0	99 28 7f 
16704	192	0	91 2c 0 
16704	0	0	91 36 64 
16704	0	0	91 3a 64 
16704	0	0	99 28 0 
16896	192	0	99 2d 7f 
17088	192	0	91 36 0 
17088	0	0	91 3a 0 
17088	0	0	91 3b 64 
17088	0	0	91 36 64 
17088	0	0	99 2d 0 
17088	0	0	99 2d 7f 
17280	192	0	91 3b 0 
17280	0	0	91 36 0 
17280	0	0	91 2c 64 
17280	0	0	99 2d 0 
17280	0	0	99 28 7f 
17472	192	0	91 2c 0 
17472	0	0	91 36 64 
17472	0	0	91 3a 64 
17472	0	0	99 28 0 
17664	192	0	99 2d 7f 
17856	192	0	91 36 0 
17856	0	0	91 3a 0 
17856	0	0	91 3b 64 
17856	0	0	99 2d 0 
17856	0	0	99 2d 7f 
18048	192	0	91 3b 0 
18048	0	0	91 3a 64 
18048	0	0	99 2d 0 
18048	0	0	99 28 7f 
18240	192	0	99 28 0 
18432	192	0	91 3a 0 
18432	0	0	91 33 64 
18432	0	0	91 2c 64 
18432	0	0	99 2d 7f 
18624	192	0	91 33 0 
18624	0	0	91 2c 0 
18624	0	0	91 2c 64 
18624	0	0	99 2d 0 
18624	0	0	99 2d 7f 
18816	192	0	91 2c 0 
18816	0	0	91 3b 64 
18816	0	0	91 38 64 
18816	0	0	99 2d 0 
18816	0	0	99 28 7f 
19008	192	0	91 3b 0 
19008	0	0	91 38 0 
19008	0	0	91 2c 64 
19008	0	0	99 28 0 
19200	192	0	91 2c 0 
19200	0	0	91 3d 64 
19200	0	0	91 38 64 
19200	0	0	99 2d 7f 
19392	192	0	91 3d 0 
19392	0	0	91 38 0 
19392	0	0	91 3b 64 
19392	0	0	91 37 64 
19392	0	0	99 2d 0 
19392	0	0	99 2d 7f 
19584	192	0	91 3b 0 
19584	0	0	91 37 0 
19584	0	0	91 2c 64 
19584	0	0	99 2d 0 
19584	0	0	99 28 7f 
19776	192	0	91 2c 0 
19776	0	0	91 36 64 
19776	0	0	91 3a 64 
19776	0	0	99 28 0 
19968	192	0	99 2d 7f 
20160	192	0	91 36 0 
20160	0	0	91 3a 0 
20160	0	0	91 3b 64 
20160	0	0	91 36 64 
20160	0	0	99 2d 0 
20160	0	0	99 2d 7f 
20352	192	0	91 3b 0 
20352	0	0	91 36 0 
20352	0	0	91 2c 64 
20352	0	0	99 2d 0 
20352	0	0	99 28 7f 
20544	192	0	91 2c 0 
20544	0	0	91 3f 64 
20544	0	0	91 38 64 
20544	0	0	91 2c 64 
20544	0	0	99 28 0 
20736	192	0	91 3f 0 
20736	0	0	91 38 0 
20736	0	0	91 2c 0 
20736	0	0	91 40 64 
20736	0	0	99 2d 7f 
20928	192	0	91 40 0 
20928	0	0	91 3f 64 
20928	0	0	99 2d 0 
20928	0	0	99 2d 7f 
21120	192	0	91 3f 0 
21120	0	0	91 40 64 
21120	0	0	99 2d 0 
21120	0	0	99 28 7f 
21312	192	0	99 28 0 
21504	192	0	90 2c 64 
21504	0	0	91 40 0 
21504	0	0	92 20 0 
21504	0	0	92 27 0 
21504	0	0	92 2c 0 
21504	0	0	92 2f 0 
21504	0	0	92 2c 64 
21504	0	0	92 2f 64 
21504	0	0	92 27 64 
21504	0	0	92 20 64 
21504	0	0	99 2d 7f 
21696	192	0	90 2c 0 
21696	0	0	90 33 64 
21696	0	0	99 2d 0 
21696	0	0	99 2d 7f 
21888	192	0	90 33 0 
21888	0	0	90 3f 64 
21888	0	0	99 2d 0 
21888	0	0	99 28 7f 
22080	192	0	90 3f 0 
22080	0	0	90 3d 64 
22080	0	0	99 28 0 
22272	192	0	99 2d 7f 
22464	192	0	90 3d 0 
22464	0	0	90 3b 64 
22464	0	0	99 2d 0 
22464	0	0	99 2d 7f 
22656	192	0	99 2d 0 
22656	0	0	99 28 7f 
22848	192	0	90 3b 0 
22848	0	0	90 3a 64 
22848	0	0	99 28 0 
23040	192	0	99 2d 7f 
23232	192	0	90 3a 0 
23232	0	0	90 38 64 
23232	0	0	99 2d 0 
23232	0	0	99 2d 7f 
23424	192	0	99 2d 0 
23424	0	0	99 28 7f 
23616	192	0	90 38 0 
23616	0	0	90 36 64 
23616	0	0	99 28 0 
23808	192	0	99 2d 7f 
24000	192	0	90 36 0 
24000	0	0	90 27 64 
24000	0	0	99 2d 0 
24000	0	0	99 2d 7f 
24192	192	0	90 27 0 
24192	0	0	90 2a 64 
24192	0	0	99 2d 0 
24192	0	0	99 28 7f 
24384	192	0	90 2a 0 
24384	0	0	90 2c 64 
24384	0	0	99 28 0 
24576	192	0	92 20 0 
24576	0	0	92 27 0 
24576	0	0	92 2c 0 
24576	0	0	92 2f 0 
24576	0	0	92 2c 64 
24576	0	0	92 2f 64 
24576	0	0	92 27 64 
24576	0	0	92 20 64 
24576	0	0	99 2d 7f 
24768	192	0	90 2c 0 
24768	0	0	90 33 64 
24768	0	0	99 2d 0 
24768	0	0	99 2d 7f 
24960	192	0	90 33 0 
24960	0	0	90 3f 64 
24960	0	0	99 2d 0 
24960	0	0	99 28 7f 
25152	192	0	90 3f 0 
25152	0	0	90 3d 64 
25152	0	0	99 28 0 
25344	192	0	99 2d 7f 
25536	192	0	90 3d 0 
25536	0	0	90 3b 64 
25536	0	0	99 2d 0 
25536	0	0	99 2d 7f 
25728	192	0	99 2d 0 
25728	0	0	99 28 7f 
25920	192	0	90 3b 0 
25920	0	0	90 3a 64 
25920	0	0	99 28 0 
26112	192	0	90 3a 0 
26112	0	0	90 36 64 
26112	0	0	92 20 0 
26112	0	0	92 27 0 
26112	0	0	92 2c 0 
26112	0	0	92 2f 0 
26112	0	0	92 2a 64 
26112	0	0	92 25 64 
26112	0	0	92 22 64 
26112	0	0	92 1e 64 
26112	0	0	99 2d 7f 
26304	192	0	99 2d 0 
26304	0	0	99 2d 7f 
26496	192	0	90 36 0 
26496	0	0	90 41 64 
26496	0	0	90 3c 64 
26496	0	0	90 36 64 
26496	0	0	90 31 64 
26496	0	0	90 2e 64 
26496	0	0	90 2a 64 
26496	0	0	99 2d 0 
26496	0	0	99 28 7f 
26688	192	0	99 28 0 
26880	192	0	90 41 0 
26880	0	0	90 3c 0 
26880	0	0	90 36 0 
26880	0	0	90 31 0 
26880	0	0	90 2e 0 
26880	0	0	90 2a 0 
26880	0	0	90 28 64 
26880	0	0	92 2a 0 
26880	0	0	92 25 0 
26880	0	0	92 22 0 
26880	0	0	92 1e 0 
26880	0	0	92 34 64 
26880	0	0	92 2f 64 
26880	0	0	92 2c 64 
26880	0	0	92 28 64 
26880	0	0	99 2d 7f 
27072	192	0	99 2d 0 
27072	0	0	99 2d 7f 
27264	192	0	90 28 0 
27264	0	0	90 40 64 
27264	0	0	90 3b 64 
27264	0	0	90 38 64 
27264	0	0	90 34 64 
27264	0	0	90 2f 64 
27264	0	0	90 28 64 
27264	0	0	99 2d 0 
27264	0	0	99 28 7f 
27456	192	0	99 28 0 
27648	192	0	90 28 0 
27648	0	0	90 2f 0 
27648	0	0	90 34 0 
27648	0	0	90 38 0 
27648	0	0	90 3b 0 
27648	0	0	90 40 0 
27648	0	0	90 4b 64 
27648	0	0	90 47 64 
27648	0	0	90 38 64 
27648	0	0	90 33 64 
27648	0	0	90 2c 64 
27648	0	0	92 28 0 
27648	0	0	92 2c 0 
27648	0	0	92 2f 0 
27648	0	0	92 34 0 
27648	0	0	92 2f 64 
27648	0	0	92 27 64 
27648	0	0	92 2c 64 
27648	0	0	92 20 64 
27648	0	0	99 2d 7f 
27840	192	0	99 2d 0 
27840	0	0	99 2d 7f 
28032	192	0	99 2d 0 
28032	0	0	99 28 7f 
28224	192	0	99 28 0 
28416	192	0	99 2d 7f 
28608	192	0	99 2d 0 
28608	0	0	99 2d 7f 
28800	192	0	99 2d 0 
28800	0	0	99 28 7f 
28992	192	0	99 28 0 
29184	192	0	99 2d 7f 
29376	192	0	99 2d 0 
29376	0	0	99 2d 7f 
29568	192	0	99 2d 0 
29568	0	0	99 28 7f 
29760	192	0	99 28 0 
29952	192	0	99 2d 7f 
30144	192	0	99 2d 0 
30144	0	0	99 2d 7f 
30336	192	0	99 2d 0 
30336	0	0	99 28 7f 
30528	192	0	99 28 0 
30720	192	0	90 2c 0 
30720	0	0	90 33 0 
30720	0	0	90 38 0 
30720	0	0	90 47 0 
30720	0	0	90 4b 0 
30720	0	0	90 2c 64 
30720	0	0	92 20 0 
30720	0	0	92 27 0 
30720	0	0	92 2c 0 
30720	0	0	92 2f 0 
30720	0	0	92 2f 64 
30720	0	0	92 2c 64 
30720	0	0	92 27 64 
30720	0	0	92 20 64 
30720	0	0	99 2d 7f 
30912	192	0	90 2c 0 
30912	0	0	90 33 64 
30912	0	0	99 2d 0 
30912	0	0	99 2d 7f 
31104	192	0	90 33 0 
31104	0	0	90 3f 64 
31104	0	0	99 2d 0 
31104	0	0	99 28 7f 
31296	192	0	90 3f 0 
31296	0	0	90 3d 64 
31296	0	0	99 28 0 
31488	192	0	99 2d 7f 
31680	192	0	90 3d 0 
31680	0	0	90 3b 64 
31680	0	0	99 2d 0 
31680	0	0	99 2d 7f 
31872	192	0	99 2d 0 
31872	0	0	99 28 7f 
32064	192	0	90 3b 0 
32064	0	0	90 3a 64 
32064	0	0	99 28 0 
32256	192	0	99 2d 7f 
32448	192	0	90 3a 0 
32448	0	0	90 38 64 
32448	0	0	99 2d 0 
32448	0	0	99 2d 7f 
32640	192	0	99 2d 0 
32640	0	0	99 28 7f 
32832	192	0	90 38 0 
32832	0	0	90 36 64 
32832	0	0	99 28 0 
33024	192	0	99 2d 7f 
33216	192	0	99 2d 0 
33216	0	0	99 2d 7f 
33408	192	0	99 2d 0 
33408	0	0	99 28 7f 
33600	192	0	99 28 0 
33792	192	0	90 36 0 
33792	0	0	90 4b 64 
33792	0	0	90 47 64 
33792	0	0	90 38 64 
33792	0	0	90 33 64 
33792	0	0	90 2c 64 
33792	0	0	99 2d 7f 
33984	192	0	99 2d 0 
33984	0	0	99 2d 7f 
34176	192	0	99 2d 0 
34176	0	0	99 28 7f 
34368	192	0	99 28 0 
34560	192	0	99 2d 7f 
34752	192	0	99 2d 0 
34752	0	0	99 2d 7f 
34944	192	0	99 2d 0 
34944	0	0	99 28 7f 
35136	192	0	99 28 0 
35328	192	0	99 2d 7f 
35520	192	0	99 2d 0 
35520	0	0	99 2d 7f 
35712	192	0	99 2d 0 
35712	0	0	99 28 7f 
35904	192	0	99 28 0 
36096	192	0	99 2d 7f 
36288	192	0	99 2d 0 
36288	0	0	99 2d 7f 
36480	192	0	99 2d 0 
36480	0	0	99 28 7f 
36672	192	0	99 28 0 
36864	192	0	90 2c 0 
36864	0	0	90 33 0 
36864	0	0	90 38 0 
36864	0	0	90 47 0 
36864	0	0	90 4b 0 
36864	0	0	90 2c 64 
36864	0	0	92 20 0 
36864	0	0	92 27 0 
36864	0	0	92 2c 0 
36864	0	0	92 2f 0 
36864	0	0	92 2f 64 
36864	0	0	92 2c 64 
36864	0	0	92 27 64 
36864	0	0	92 20 64 
36864	0	0	99 2d 7f 
37056	192	0	90 2c 0 
37056	0	0	90 33 64 
37056	0	0	99 2d 0 
37056	0	0	99 2d 7f 
37248	192	0	90 33 0 
37248	0	0	90 3f 64 
37248	0	0	99 2d 0 
37248	0	0	99 28 7f 
37440	192	0	90 3f 0 
37440	0	0	90 3d 64 
37440	0	0	99 28 0 
37632	192	0	99 2d 7f 
37824	192	0	90 3d 0 
37824	0	0	90 3b 64 
37824	0	0	99 2d 0 
37824	0	0	99 2d 7f 
38016	192	0	99 2d 0 
38016	0	0	99 28 7f 
38208	192	0	90 3b 0 
38208	0	0	90 3a 64 
38208	0	0	99 28 0 
38400	192	0	99 2d 7f 
38592	192	0	90 3a 0 
38592	0	0	90 38 64 
38592	0	0	99 2d 0 
38592	0	0	99 2d 7f 
38784	192	0	99 2d 0 
38784	0	0	99 28 7f 
38976	192	0	90 38 0 
38976	0	0	90 36 64 
38976	0	0	99 28 0 
39168	192	0	99 2d 7f 
39360	192	0	90 36 0 
39360	0	0	90 42 64 
39360	0	0	90 3d 64 
39360	0	0	90 36 64 
39360	0	0	99 2d 0 
39360	0	0	99 2d 7f 
39552	192	0	90 42 0 
39552	0	0	90 3d 0 
39552	0	0	90 36 0 
39552	0	0	90 42 64 
39552	0	0	90 3d 64 
39552	0	0	90 36 64 
39552	0	0	99 2d 0 
39552	0	0	99 28 7f 
39744	192	0	90 42 0 
39744	0	0	90 3d 0 
39744	0	0	90 36 0 
39744	0	0	90 42 64 
39744	0	0	90 3d 64 
39744	0	0	90 36 64 
39744	0	0	99 28 0 
39936	192	0	90 42 0 
39936	0	0	90 3d 0 
39936	0	0	90 36 0 
39936	0	0	91 33 64 
39936	0	0	91 2c 64 
39936	0	0	99 2d 7f 
40128	192	0	91 33 0 
40128	0	0	91 2c 0 
40128	0	0	91 2c 64 
40128	0	0	99 2d 0 
40128	0	0	99 2d 7f 
40320	192	0	91 2c 0 
40320	0	0	91 3b 64 
40320	0	0	91 38 64 
40320	0	0	99 2d 0 
40320	0	0	99 28 7f 
40512	192	0	91 3b 0 
40512	0	0	91 38 0 
40512	0	0	91 2c 64 
40512	0	0	99 28 0 
40704	192	0	91 2c 0 
40704	0	0	91 3d 64 
40704	0	0	91 38 64 
40704	0	0	99 2d 7f 
40896	192	0	91 3d 0 
40896	0	0	91 38 0 
40896	0	0	91 3b 64 
40896	0	0	91 37 64 
40896	0	0	99 2d 0 
40896	0	0	99 2d 7f 
41088	192	0	91 3b 0 
41088	0	0	91 37 0 
41088	0	0	91 2c 64 
41088	0	0	99 2d 0 
41088	0	0	99 28 7f 
41280	192	0	91 2c 0 
41280	0	0	91 36 64 
41280	0	0	91 3a 64 
41280	0	0	99 28 0 
41472	192	0	91 36 0 
41472	0	0	99 2d 7f 
41664	192	0	91 3a 0 
41664	0	0	91 3b 64 
41664	0	0	91 36 64 
41664	0	0	99 2d 0 
41664	0	0	99 2d 7f 
41856	192	0	91 3b 0 
41856	0	0	91 36 0 
41856	0	0	91 2c 64 
41856	0	0	99 2d 0 
41856	0	0	99 28 7f 
42048	192	0	91 2c 0 
42048	0	0	91 36 64 
42048	0	0	91 3a 64 
42048	0	0	99 28 0 
42240	192	0	99 2d 7f 
42432	192	0	91 36 0 
42432	0	0	91 3a 0 
42432	0	0	91 3b 64 
42432	0	0	99 2d 0 
42432	0	0	99 2d 7f 
42624	192	0	91 3b 0 
42624	0	0	91 3a 64 
42624	0	0	99 2d 0 
42624	0	0	99 28 7f 
42816	192	0	99 28 0 
43008	192	0	91 3a 0 
43008	0	0	91 33 64 
43008	0	0	91 2c 64 
43008	0	0	99 2d 7f 
43200	192	0	91 33 0 
43200	0	0	91 2c 0 
43200	0	0	91 2c 64 
43200	0	0	99 2d 0 
43200	0	0	99 2d 7f 
43392	192	0	91 2c 0 
43392	0	0	91 3b 64 
43392	0	0	91 38 64 
43392	0	0	99 2d 0 
43392	0	0	99 28 7f 
43584	192	0	91 3b 0 
43584	0	0	91 38 0 
43584	0	0	91 2c 64 
43584	0	0	99 28 0 
43776	192	0	91 2c 0 
43776	0	0	91 3d 64 
43776	0	0	91 38 64 
43776	0	0	99 2d 7f 
43968	192	0	91 3d 0 
43968	0	0	91 38 0 
43968	0	0	91 3b 64 
43968	0	0	91 37 64 
43968	0	0	99 2d 0 
43968	0	0	99 2d 7f 
44160	192	0	91 3b 0 
44160	0	0	91 37 0 
44160	0	0	91 2c 64 
44160	0	0	99 2d 0 
44160	0	0	99 28 7f 
44352	192	0	91 2c 0 
44352	0	0	91 3d 64 
44352	0	0	99 28 0 
44544	192	0	91 3d 0 
44544	0	0	91 3f 64 
44544	0	0	99 2d 7f 
44736	192	0	91 3f 0 
44736	0	0	91 3d 64 
44736	0	0	99 2d 0 
44736	0	0	99 2d 7f 
44928	192	0	91 3d 0 
44928	0	0	91 3b 64 
44928	0	0	99 2d 0 
44928	0	0	99 28 7f 
45120	192	0	91 3b 0 
45120	0	0	91 3d 64 
45120	0	0	99 28 0 
45312	192	0	91 3d 0 
45312	0	0	91 3f 64 
45312	0	0	99 2d 7f 
45504	192	0	91 3f 0 
45504	0	0	91 3d 64 
45504	0	0	99 2d 0 
45504	0	0	99 2d 7f 
45696	192	0	91 3d 0 
45696	0	0	91 3b 64 
45696	0	0	99 2d 0 
45696	0	0	99 28 7f 
45792	96	0	91 3b 0 
45792	0	0	91 3d 64 
45888	96	0	91 3d 0 
45888	0	0	91 3b 64 
45888	0	0	99 28 0 
45984	96	0	91 3b 0 
45984	0	0	91 3d 64 
46080	96	0	91 3d 0 
46080	0	0	91 33 64 
46080	0	0	91 2c 64 
46080	0	0	99 2d 7f 
46272	192	0	91 33 0 
46272	0	0	91 2c 0 
46272	0	0	91 2c 64 
46272	0	0	99 2d 0 
46272	0	0	99 2d 7f 
46464	192	0	91 2c 0 
46464	0	0	91 3b 64 
46464	0	0	91 38 64 
46464	0	0	99 2d 0 
46464	0	0	99 28 7f 
46656	192	0	91 3b 0 
46656	0	0	91 38 0 
46656	0	0	91 2c 64 
46656	0	0	99 28 0 
46848	192	0	91 2c 0 
46848	0	0	91 3d 64 
46848	0	0	91 38 64 
46848	0	0	99 2d 7f 
47040	192	0	91 3d 0 
47040	0	0	91 38 0 
47040	0	0	91 3b 64 
47040	0	0	91 37 64 
47040	0	0	99 2d 0 
47040	0	0	99 2d 7f 
47232	192	0	91 3b 0 
47232	0	0	91 37 0 
47232	0	0	91 2c 64 
47232	0	0	99 2d 0 
47232	0	0	99 28 7f 
47424	192	0	91 2c 0 
47424	0	0	91 36 64 
47424	0	0	91 3a 64 
47424	0	0	99 28 0 
47616	192	0	91 36 0 
47616	0	0	99 2d 7f 
47808	192	0	91 3a 0 
47808	0	0	91 3b 64 
47808	0	0	91 36 64 
47808	0	0	99 2d 0 
47808	0	0	99 2d 7f 
48000	192	0	91 3b 0 
48000	0	0	91 36 0 
48000	0	0	91 2c 64 
48000	0	0	99 2d 0 
48000	0	0	99 28 7f 
48192	192	0	91 2c 0 
48192	0	0	91 36 64 
48192	0	0	91 3a 64 
48192	0	0	99 28 0 
48384	192	0	99 2d 7f 
48576	192	0	91 36 0 
48576	0	0	91 3a 0 
48576	0	0	91 3b 64 
48576	0	0	99 2d 0 
48576	0	0	99 2d 7f 
48768	192	0	91 3b 0 
48768	0	0	91 3a 64 
48768	0	0	99 2d 0 
48768	0	0	99 28 7f 
48960	192	0	99 28 0 
49152	192	0	91 3a 0 
49152	0	0	91 33 64 
49152	0	0	91 2c 64 
49152	0	0	99 2d 7f 
49344	192	0	91 33 0 
49344	0	0	91 2c 0 
49344	0	0	91 2c 64 
49344	0	0	99 2d 0 
49344	0	0	99 2d 7f 
49536	192	0	91 2c 0 
49536	0	0	91 3b 64 
49536	0	0	91 38 64 
49536	0	0	99 2d 0 
49536	0	0	99 28 7f 
49728	192	0	91 3b 0 
49728	0	0	91 38 0 
49728	0	0	91 2c 64 
49728	0	0	99 28 0 
49920	192	0	91 2c 0 
49920	0	0	91 3d 64 
49920	0	0	91 38 64 
49920	0	0	99 2d 7f 
50112	192	0	91 3d 0 
50112	0	0	91 38 0 
50112	0	0	91 3b 64 
50112	0	0	91 37 64 
50112	0	0	99 2d 0 
50112	0	0	99 2d 7f 
50304	192	0	91 3b 0 
50304	0	0	91 37 0 
50304	0	0	91 2c 64 
50304	0	0	99 2d 0 
50304	0	0	99 28 7f 
50496	192	0	91 2c 0 
50496	0	0	91 36 64 
50496	0	0	91 3a 64 
50496	0	0	99 28 0 
50688	192	0	99 2d 7f 
50880	192	0	91 36 0 
50880	0	0	91 3a 0 
50880	0	0	91 3b 64 
50880	0	0	91 36 64 
50880	0	0	99 2d 0 
50880	0	0	99 2d 7f 
51072	192	0	91 3b 0 
51072	0	0	91 36 0 
51072	0	0	91 2c 64 
51072	0	0	99 2d 0 
51072	0	0	99 28 7f 
51264	192	0	91 2c 0 
51264	0	0	91 38 64 
51264	0	0	91 34 64 
51264	0	0	99 28 0 
51456	192	0	99 2d 7f 
51648	192	0	91 38 0 
51648	0	0	91 34 0 
51648	0	0	91 39 64 
51648	0	0	91 34 64 
51648	0	0	99 2d 0 
51648	0	0	99 2d 7f 
51840	192	0	99 2d 0 
51840	0	0	99 28 7f 
52032	192	0	91 39 0 
52032	0	0	91 34 0 
52032	0	0	91 33 64 
52032	0	0	99 28 0 
52224	192	0	91 33 0 
52224	0	0	91 27 64 
52224	0	0	99 2d 7f 
52416	192	0	99 2d 0 
52416	0	0	99 2d 7f 
52608	192	0	91 27 0 
52608	0	0	91 36 64 
52608	0	0	91 33 64 
52608	0	0	99 2d 0 
52608	0	0	99 28 7f 
52800	192	0	91 36 0 
52800	0	0	91 33 0 
52800	0	0	91 27 64 
52800	0	0	99 28 0 
52992	192	0	91 27 0 
52992	0	0	91 33 64 
52992	0	0	91 38 64 
52992	0	0	99 2d 7f 
53184	192	0	91 33 0 
53184	0	0	91 38 0 
53184	0	0	91 36 64 
53184	0	0	91 33 64 
53184	0	0	99 2d 0 
53184	0	0	99 2d 7f 
53376	192	0	91 36 0 
53376	0	0	91 33 0 
53376	0	0	91 27 64 
53376	0	0	99 2d 0 
53376	0	0	99 28 7f 
53568	192	0	91 27 0 
53568	0	0	91 35 64 
53568	0	0	91 31 64 
53568	0	0	99 28 0 
53760	192	0	99 2d 7f 
53952	192	0	91 31 0 
53952	0	0	91 35 0 
53952	0	0	91 36 64 
53952	0	0	91 31 64 
53952	0	0	99 2d 0 
53952	0	0	99 2d 7f 
54144	192	0	91 36 0 
54144	0	0	91 31 0 
54144	0	0	91 28 64 
54144	0	0	99 2d 0 
54144	0	0	99 28 7f 
54336	192	0	91 28 0 
54336	0	0	91 36 64 
54336	0	0	91 31 64 
54336	0	0	99 28 0 
54528	192	0	91 36 0 
54528	0	0	91 31 0 
54528	0	0	91 35 64 
54528	0	0	91 31 64 
54528	0	0	99 2d 7f 
54720	192	0	99 2d 0 
54720	0	0	99 2d 7f 
54912	192	0	91 35 0 
54912	0	0	91 31 0 
54912	0	0	91 41 64 
54912	0	0	91 3d 64 
54912	0	0	99 2d 0 
54912	0	0	99 28 7f 
55040	128	0	91 41 0 
55040	0	0	91 3d 0 
55040	0	0	91 42 64 
55104	64	0	99 28 0 
55168	64	0	91 42 0 
55168	0	0	91 41 64 
55296	128	0	91 41 0 
55296	0	0	91 27 64 
55296	0	0	99 2d 7f 
55488	192	0	99 2d 0 
55488	0	0	99 2d 7f 
55680	192	0	91 27 0 
55680	0	0	91 36 64 
55680	0	0	91 33 64 
55680	0	0	99 2d 0 
55680	0	0	99 28 7f 
55872	192	0	91 36 0 
55872	0	0	91 33 0 
55872	0	0	91 27 64 
55872	0	0	99 28 0 
56064	192	0	91 27 0 
56064	0	0	91 33 64 
56064	0	0	91 38 64 
56064	0	0	99 2d 7f 
56256	192	0	91 33 0 
56256	0	0	91 38 0 
56256	0	0	91 36 64 
56256	0	0	91 33 64 
56256	0	0	99 2d 0 
56256	0	0	99 2d 7f 
56448	192	0	91 36 0 
56448	0	0	91 33 0 
56448	0	0	91 27 64 
56448	0	0	99 2d 0 
56448	0	0	99 28 7f 
56640	192	0	91 27 0 
56640	0	0	91 35 64 
56640	0	0	91 31 64 
56640	0	0	99 28 0 
56832	192	0	99 2d 7f 
57024	192	0	91 31 0 
57024	0	0	91 35 0 
57024	0	0	91 36 64 
57024	0	0	91 31 64 
57024	0	0	99 2d 0 
57024	0	0	99 2d 7f 
57216	192	0	91 36 0 
57216	0	0	91 31 0 
57216	0	0	91 28 64 
57216	0	0	99 2d 0 
57216	0	0	99 28 7f 
57408	192	0	91 28 0 
57408	0	0	91 36 64 
57408	0	0	91 32 64 
57408	0	0	99 28 0 
57600	192	0	99 2d 7f 
57792	192	0	91 36 0 
57792	0	0	91 32 0 
57792	0	0	91 27 64 
57792	0	0	99 2d 0 
57792	0	0	99 2d 7f 
57984	192	0	91 27 0 
57984	0	0	91 27 64 
57984	0	0	99 2d 0 
57984	0	0	99 28 7f 
58176	192	0	91 27 0 
58176	0	0	91 33 64 
58176	0	0	91 27 64 
58176	0	0	99 28 0 
58368	192	0	91 27 0 
58368	0	0	91 33 0 
58368	0	0	91 27 64 
58368	0	0	99 2d 7f 
58560	192	0	99 2d 0 
58560	0	0	99 2d 7f 
58752	192	0	91 27 0 
58752	0	0	91 36 64 
58752	0	0	91 33 64 
58752	0	0	99 2d 0 
58752	0	0	99 28 7f 
58944	192	0	91 36 0 
58944	0	0	91 33 0 
58944	0	0	91 27 64 
58944	0	0	99 28 0 
59136	192	0	91 27 0 
59136	0	0	91 33 64 
59136	0	0	91 38 64 
59136	0	0	99 2d 7f 
59328	192	0	91 33 0 
59328	0	0	91 38 0 
59328	0	0	91 36 64 
59328	0	0	91 33 64 
59328	0	0	99 2d 0 
59328	0	0	99 2d 7f 
59520	192	0	91 36 0 
59520	0	0	91 33 0 
59520	0	0	91 27 64 
59520	0	0	99 2d 0 
59520	0	0	99 28 7f 
59712	192	0	91 27 0 
59712	0	0	91 35 64 
59712	0	0	91 31 64 
59712	0	0	99 28 0 
59904	192	0	99 2d 7f 
60096	192	0	91 31 0 
60096	0	0	91 35 0 
60096	0	0	91 36 64 
60096	0	0	91 31 64 
60096	0	0	99 2d 0 
60096	0	0	99 2d 7f 
60288	192	0	91 36 0 
60288	0	0	91 31 0 
60288	0	0	91 28 64 
60288	0	0	99 2d 0 
60288	0	0	99 28 7f 
60480	192	0	91 28 0 
60480	0	0	91 36 64 
60480	0	0	91 31 64 
60480	0	0	99 28 0 
60672	192	0	91 36 0 
60672	0	0	91 31 0 
60672	0	0	91 35 64 
60672	0	0	91 31 64 
60672	0	0	99 2d 7f 
60864	192	0	99 2d 0 
60864	0	0	99 2d 7f 
61056	192	0	91 35 0 
61056	0	0	91 31 0 
61056	0	0	91 41 64 
61056	0	0	91 3d 64 
61056	0	0	99 2d 0 
61056	0	0	99 28 7f 
61184	128	0	91 41 0 
61184	0	0	91 3d 0 
61184	0	0	91 42 64 
61248	64	0	99 28 0 
61312	64	0	91 42 0 
61312	0	0	91 41 64 
61440	128	0	91 41 0 
61440	0	0	91 27 64 
61440	0	0	99 2d 7f 
61632	192	0	99 2d 0 
61632	0	0	99 2d 7f 
61824	192	0	91 27 0 
61824	0	0	91 36 64 
61824	0	0	91 33 64 
61824	0	0	99 2d 0 
61824	0	0	99 28 7f 
62016	192	0	91 36 0 
62016	0	0	91 33 0 
62016	0	0	91 27 64 
62016	0	0	99 28 0 
62208	192	0	91 27 0 
62208	0	0	91 33 64 
62208	0	0	91 38 64 
62208	0	0	99 2d 7f 
62400	192	0	91 33 0 
62400	0	0	91 38 0 
62400	0	0	91 36 64 
62400	0	0	91 33 64 
62400	0	0	99 2d 0 
62400	0	0	99 2d 7f 
62592	192	0	91 36 0 
62592	0	0	91 33 0 
62592	0	0	91 27 64 
62592	0	0	99 2d 0 
62592	0	0	99 28 7f 
62784	192	0	91 27 0 
62784	0	0	91 35 64 
62784	0	0	91 31 64 
62784	0	0	99 28 0 
62976	192	0	99 2d 7f 
63168	192	0	91 31 0 
63168	0	0	91 35 0 
63168	0	0	91 36 64 
63168	0	0	91 31 64 
63168	0	0	99 2d 0 
63168	0	0	99 2d 7f 
63360	192	0	91 36 0 
63360	0	0	91 31 0 
63360	0	0	91 28 64 
63360	0	0	99 2d 0 
63360	0	0	99 28 7f 
63552	192	0	91 28 0 
63552	0	0	91 36 64 
63552	0	0	91 32 64 
63552	0	0	99 28 0 
63744	192	0	99 2d 7f 
63936	192	0	91 36 0 
63936	0	0	91 32 0 
63936	0	0	91 27 64 
63936	0	0	99 2d 0 
63936	0	0	99 2d 7f 
64128	192	0	91 27 0 
64128	0	0	91 27 64 
64128	0	0	99 2d 0 
64128	0	0	99 28 7f 
64320	192	0	91 27 0 
64320	0	0	91 33 64 
64320	0	0	91 27 64 
64320	0	0	99 28 0 
64512	192	0	90 2c 64 
64512	0	0	91 33 0 
64512	0	0	91 27 0 
64512	0	0	92 20 0 
64512	0	0	92 27 0 
64512	0	0	92 2c 0 
64512	0	0	92 2f 0 
64512	0	0	92 2f 64 
64512	0	0	92 2c 64 
64512	0	0	92 27 64 
64512	0	0	92 20 64 
64512	0	0	99 2d 7f 
64704	192	0	90 2c 0 
64704	0	0	90 33 64 
64704	0	0	99 2d 0 
64704	0	0	99 2d 7f 
64896	192	0	90 33 0 
64896	0	0	90 3f 64 
64896	0	0	99 2d 0 
64896	0	0	99 28 7f 
65088	192	0	90 3f 0 
65088	0	0	90 3d 64 
65088	0	0	99 28 0 
65280	192	0	99 2d 7f 
65472	192	0	90 3d 0 
65472	0	0	90 3b 64 
65472	0	0	99 2d 0 
65472	0	0	99 2d 7f 
65664	192	0	99 2d 0 
65664	0	0	99 28 7f 
65856	192	0	90 3b 0 
65856	0	0	90 3a 64 
65856	0	0	99 28 0 
66048	192	0	99 2d 7f 
66240	192	0	90 3a 0 
66240	0	0	90 38 64 
66240	0	0	99 2d 0 
66240	0	0	99 2d 7f 
66432	192	0	99 2d 0 
66432	0	0	99 28 7f 
66624	192	0	90 38 0 
66624	0	0	90 36 64 
66624	0	0	99 28 0 
66816	192	0	99 2d 7f 
67008	192	0	90 36 0 
67008	0	0	90 27 64 
67008	0	0	99 2d 0 
67008	0	0	99 2d 7f 
67200	192	0	90 27 0 
67200	0	0	90 2a 64 
67200	0	0	99 2d 0 
67200	0	0	99 28 7f 
67392	192	0	90 2a 0 
67392	0	0	90 2c 64 
67392	0	0	99 28 0 
67584	192	0	92 20 0 
67584	0	0	92 27 0 
67584	0	0	92 2c 0 
67584	0	0	92 2f 0 
67584	0	0	92 2f 64 
67584	0	0	92 2c 64 
67584	0	0	92 27 64 
67584	0	0	92 20 64 
67584	0	0	99 2d 7f 
67776	192	0	90 2c 0 
67776	0	0	90 33 64 
67776	0	0	99 2d 0 
67776	0	0	99 2d 7f 
67968	192	0	90 33 0 
67968	0	0	90 3f 64 
67968	0	0	99 2d 0 
67968	0	0	99 28 7f 
68160	192	0	90 3f 0 
68160	0	0	90 3d 64 
68160	0	0	99 28 0 
68352	192	0	99 2d 7f 
68544	192	0	90 3d 0 
68544	0	0	90 3b 64 
68544	0	0	99 2d 0 
68544	0	0	99 2d 7f 
68736	192	0	99 2d 0 
68736	0	0	99 28 7f 
68928	192	0	90 3b 0 
68928	0	0	90 27 64 
68928	0	0	99 28 0 
69120	192	0	90 27 0 
69120	0	0	90 2a 64 
69120	0	0	92 20 0 
69120	0	0	92 27 0 
69120	0	0	92 2c 0 
69120	0	0	92 2f 0 
69120	0	0	92 2a 64 
69120	0	0	92 25 64 
69120	0	0	92 22 64 
69120	0	0	92 1e 64 
69120	0	0	99 2d 7f 
69312	192	0	99 2d 0 
69312	0	0	99 2d 7f 
69504	192	0	90 2a 0 
69504	0	0	90 36 64 
69504	0	0	90 31 64 
69504	0	0	90 2e 64 
69504	0	0	90 2a 64 
69504	0	0	99 2d 0 
69504	0	0	99 28 7f 
69696	192	0	99 28 0 
69888	192	0	90 36 0 
69888	0	0	90 31 0 
69888	0	0	90 2e 0 
69888	0	0	90 2a 0 
69888	0	0	90 28 64 
69888	0	0	92 2a 0 
69888	0	0	92 25 0 
69888	0	0	92 22 0 
69888	0	0	92 1e 0 
69888	0	0	92 34 64 
69888	0	0	92 2f 64 
69888	0	0	92 2c 64 
69888	0	0	92 28 64 
69888	0	0	99 2d 7f 
70080	192	0	99 2d 0 
70080	0	0	99 2d 7f 
70272	192	0	90 28 0 
70272	0	0	90 40 64 
70272	0	0	90 3b 64 
70272	0	0	90 38 64 
70272	0	0	90 34 64 
70272	0	0	90 2f 64 
70272	0	0	90 28 64 
70272	0	0	99 2d 0 
70272	0	0	99 28 7f 
70464	192	0	99 28 0 
70656	192	0	90 28 0 
70656	0	0	90 2f 0 
70656	0	0	90 34 0 
70656	0	0	90 38 0 
70656	0	0	90 3b 0 
70656	0	0	90 40 0 
70656	0	0	90 3f 64 
70656	0	0	90 3b 64 
70656	0	0	90 38 64 
70656	0	0	90 33 64 
70656	0	0	90 2c 64 
70656	0	0	92 28 0 
70656	0	0	92 2c 0 
70656	0	0	92 2f 0 
70656	0	0	92 34 0 
70656	0	0	92 2f 64 
70656	0	0	92 2c 64 
70656	0	0	92 27 64 
70656	0	0	92 20 64 
70656	0	0	99 2d 7f 
70848	192	0	99 2d 0 
70848	0	0	99 2d 7f 
71040	192	0	99 2d 0 
71040	0	0	99 28 7f 
71232	192	0	99 28 0 
71424	192	0	99 2d 7f 
71616	192	0	99 2d 0 
71616	0	0	99 2d 7f 
71808	192	0	99 2d 0 
71808	0	0	99 28 7f 
72000	192	0	99 28 0 
72192	192	0	99 2d 7f 
72384	192	0	99 2d 0 
72384	0	0	99 2d 7f 
72576	192	0	99 2d 0 
72576	0	0	99 28 7f 
72768	192	0	99 28 0 
72960	192	0	99 2d 7f 
73152	192	0	99 2d 0 
73152	0	0	99 2d 7f 
73344	192	0	99 2d 0 
73344	0	0	99 28 7f 
73536	192	0	99 28 0 
73728	192	0	90 2c 0 
73728	0	0	90 33 0 
73728	0	0	90 38 0 
73728	0	0	90 3b 0 
73728	0	0	90 3f 0 
73728	0	0	90 2c 64 
73728	0	0	92 20 0 
73728	0	0	92 27 0 
73728	0	0	92 2c 0 
73728	0	0	92 2f 0 
73728	0	0	92 2f 64 
73728	0	0	92 2c 64 
73728	0	0	92 20 64 
73728	0	0	92 27 64 
73728	0	0	99 2d 7f 
73920	192	0	90 2c 0 
73920	0	0	90 33 64 
73920	0	0	99 2d 0 
73920	0	0	99 2d 7f 
74112	192	0	90 33 0 
74112	0	0	90 3f 64 
74112	0	0	99 2d 0 
74112	0	0	99 28 7f 
74304	192	0	90 3f 0 
74304	0	0	90 3d 64 
74304	0	0	99 28 0 
74496	192	0	99 2d 7f 
74688	192	0	90 3d 0 
74688	0	0	90 3b 64 
74688	0	0	99 2d 0 
74688	0	0	99 2d 7f 
74880	192	0	99 2d 0 
74880	0	0	99 28 7f 
75072	192	0	90 3b 0 
75072	0	0	90 3a 64 
75072	0	0	99 28 0 
75264	192	0	99 2d 7f 
75456	192	0	90 3a 0 
75456	0	0	90 38 64 
75456	0	0	99 2d 0 
75456	0	0	99 2d 7f 
75648	192	0	99 2d 0 
75648	0	0	99 28 7f 
75840	192	0	90 38 0 
75840	0	0	90 36 64 
75840	0	0	99 28 0 
76032	192	0	99 2d 7f 
76224	192	0	99 2d 0 
76224	0	0	99 2d 7f 
76416	192	0	99 2d 0 
76416	0	0	99 28 7f 
76608	192	0	99 28 0 
76800	192	0	90 36 0 
76800	0	0	90 3f 64 
76800	0	0	90 3b 64 
76800	0	0	90 38 64 
76800	0	0	90 33 64 
76800	0	0	90 2c 64 
76800	0	0	99 2d 7f 
76992	192	0	99 2d 0 
76992	0	0	99 2d 7f 
77184	192	0	99 2d 0 
77184	0	0	99 28 7f 
77376	192	0	99 28 0 
77568	192	0	99 2d 7f 
77760	192	0	99 2d 0 
77760	0	0	99 2d 7f 
77952	192	0	99 2d 0 
77952	0	0	99 28 7f 
78144	192	0	99 28 0 
78336	192	0	99 2d 7f 
78528	192	0	99 2d 0 
78528	0	0	99 2d 7f 
78720	192	0	99 2d 0 
78720	0	0	99 28 7f 
78912	192	0	99 28 0 
79104	192	0	99 2d 7f 
79296	192	0	99 2d 0 
79296	0	0	99 2d 7f 
79488	192	0	99 2d 0 
79488	0	0	99 28 7f 
79680	192	0	99 28 0 
79872	192	0	90 2c 0 
79872	0	0	90 33 0 
79872	0	0	90 38 0 
79872	0	0	90 3b 0 
79872	0	0	90 3f 0 
79872	0	0	90 2c 64 
79872	0	0	92 20 0 
79872	0	0	92 27 0 
79872	0	0	92 2c 0 
79872	0	0	92 2f 0 
79872	0	0	92 2f 64 
79872	0	0	92 2c 64 
79872	0	0	92 27 64 
79872	0	0	92 20 64 
79872	0	0	99 2d 7f 
80064	192	0	90 2c 0 
80064	0	0	90 33 64 
80064	0	0	99 2d 0 
80064	0	0	99 2d 7f 
80256	192	0	90 33 0 
80256	0	0	90 3f 64 
80256	0	0	99 2d 0 
80256	0	0	99 28 7f 
80448	192	0	90 3f 0 
80448	0	0	90 3d 64 
80448	0	0	99 28 0 
80640	192	0	99 2d 7f 
80832	192	0	90 3d 0 
80832	0	0	90 3b 64 
80832	0	0	99 2d 0 
80832	0	0	99 2d 7f 
81024	192	0	99 2d 0 
81024	0	0	99 28 7f 
81216	192	0	90 3b 0 
81216	0	0	90 3a 64 
81216	0	0	99 28 0 
81408	192	0	99 2d 7f 
81600	192	0	90 3a 0 
81600	0	0	90 38 64 
81600	0	0	99 2d 0 
81600	0	0	99 2d 7f 
81792	192	0	99 2d 0 
81792	0	0	99 28 7f 
81984	192	0	90 38 0 
81984	0	0	90 36 64 
81984	0	0	99 28 0 
82176	192	0	99 2d 7f 
82368	192	0	90 36 0 
82368	0	0	90 42 64 
82368	0	0	90 3d 64 
82368	0	0	90 36 64 
82368	0	0	99 2d 0 
82368	0	0	99 2d 7f 
82560	192	0	90 42 0 
82560	0	0	90 3d 0 
82560	0	0	90 36 0 
82560	0	0	90 42 64 
82560	0	0	90 3d 64 
82560	0	0	90 36 64 
82560	0	0	99 2d 0 
82560	0	0	99 28 7f 
82752	192	0	90 42 0 
82752	0	0	90 3d 0 
82752	0	0	90 36 0 
82752	0	0	90 42 64 
82752	0	0	90 3d 64 
82752	0	0	90 36 64 
82752	0	0	99 28 0 
82944	192	0	90 42 0 
82944	0	0	90 3d 0 
82944	0	0	90 36 0 
82944	0	0	91 33 64 
82944	0	0	91 2c 64 
82944	0	0	99 2d 7f 
83136	192	0	91 33 0 
83136	0	0	91 2c 0 
83136	0	0	91 2c 64 
83136	0	0	99 2d 0 
83136	0	0	99 2d 7f 
83328	192	0	91 2c 0 
83328	0	0	91 3b 64 
83328	0	0	91 38 64 
83328	0	0	99 2d 0 
83328	0	0	99 28 7f 
83520	192	0	91 3b 0 
83520	0	0	91 38 0 
83520	0	0	91 2c 64 
83520	0	0	99 28 0 
83712	192	0	91 2c 0 
83712	0	0	91 3d 64 
83712	0	0	91 38 64 
83712	0	0	99 2d 7f 
83904	192	0	91 3d 0 
83904	0	0	91 38 0 
83904	0	0	91 3b 64 
83904	0	0	91 37 64 
83904	0	0	99 2d 0 
83904	0	0	99 2d 7f 
84096	192	0	91 3b 0 
84096	0	0	91 37 0 
84096	0	0	91 2c 64 
84096	0	0	99 2d 0 
84096	0	0	99 28 7f 
84288	192	0	91 2c 0 
84288	0	0	91 36 64 
84288	0	0	91 3a 64 
84288	0	0	99 28 0 
84480	192	0	91 36 0 
84480	0	0	99 2d 7f 
84672	192	0	91 3a 0 
84672	0	0	91 3b 64 
84672	0	0	91 36 64 
84672	0	0	99 2d 0 
84672	0	0	99 2d 7f 
84864	192	0	91 3b 0 
84864	0	0	91 36 0 
84864	0	0	91 2c 64 
84864	0	0	99 2d 0 
84864	0	0	99 28 7f 
85056	192	0	91 2c 0 
85056	0	0	91 36 64 
85056	0	0	91 3a 64 
85056	0	0	99 28 0 
85248	192	0	99 2d 7f 
85440	192	0	91 36 0 
85440	0	0	91 3a 0 
85440	0	0	91 3b 64 
85440	0	0	99 2d 0 
85440	0	0	99 2d 7f 
85632	192	0	91 3b 0 
85632	0	0	91 3a 64 
85632	0	0	99 2d 0 
85632	0	0	99 28 7f 
85824	192	0	99 28 0 
86016	192	0	91 3a 0 
86016	0	0	91 33 64 
86016	0	0	91 2c 64 
86016	0	0	99 2d 7f 
86208	192	0	91 33 0 
86208	0	0	91 2c 0 
86208	0	0	91 2c 64 
86208	0	0	99 2d 0 
86208	0	0	99 2d 7f 
86400	192	0	91 2c 0 
86400	0	0	91 3b 64 
86400	0	0	91 38 64 
86400	0	0	99 2d 0 
86400	0	0	99 28 7f 
86592	192	0	91 3b 0 
86592	0	0	91 38 0 
86592	0	0	91 2c 64 
86592	0	0	99 28 0 
86784	192	0	91 2c 0 
86784	0	0	91 3d 64 
86784	0	0	91 38 64 
86784	0	0	99 2d 7f 
86976	192	0	91 3d 0 
86976	0	0	91 38 0 
86976	0	0	91 3b 64 
86976	0	0	91 37 64 
86976	0	0	99 2d 0 
86976	0	0	99 2d 7f 
87168	192	0	91 3b 0 
87168	0	0	91 37 0 
87168	0	0	91 2c 64 
87168	0	0	99 2d 0 
87168	0	0	99 28 7f 
87360	192	0	91 2c 0 
87360	0	0	91 3d 64 
87360	0	0	99 28 0 
87552	192	0	91 3d 0 
87552	0	0	91 3f 64 
87552	0	0	99 2d 7f 
87744	192	0	91 3f 0 
87744	0	0	91 3d 64 
87744	0	0	99 2d 0 
87744	0	0	99 2d 7f 
87936	192	0	91 3d 0 
87936	0	0	91 3b 64 
87936	0	0	99 2d 0 
87936	0	0	99 28 7f 
88128	192	0	91 3b 0 
88128	0	0	91 3d 64 
88128	0	0	99 28 0 
88320	192	0	91 3d 0 
88320	0	0	91 3f 64 
88320	0	0	99 2d 7f 
88512	192	0	91 3f 0 
88512	0	0	91 3d 64 
88512	0	0	99 2d 0 
88512	0	0	99 2d 7f 
88704	192	0	91 3d 0 
88704	0	0	91 3b 64 
88704	0	0	99 2d 0 
88704	0	0	99 28 7f 
88800	96	0	91 3b 0 
88800	0	0	91 3d 64 
88896	96	0	91 3d 0 
88896	0	0	91 3b 64 
88896	0	0	99 28 0 
88992	96	0	91 3b 0 
88992	0	0	91 3d 64 
89088	96	0	91 3d 0 
89088	0	0	91 33 64 
89088	0	0	91 2c 64 
89088	0	0	99 2d 7f 
89280	192	0	91 33 0 
89280	0	0	91 2c 0 
89280	0	0	91 2c 64 
89280	0	0	99 2d 0 
89280	0	0	99 2d 7f 
89472	192	0	91 2c 0 
89472	0	0	91 3b 64 
89472	0	0	91 38 64 
89472	0	0	99 2d 0 
89472	0	0	99 28 7f 
89664	192	0	91 3b 0 
89664	0	0	91 38 0 
89664	0	0	91 2c 64 
89664	0	0	99 28 0 
89856	192	0	91 2c 0 
89856	0	0	91 3d 64 
89856	0	0	91 38 64 
89856	0	0	99 2d 7f 
90048	192	0	91 3d 0 
90048	0	0	91 38 0 
90048	0	0	91 3b 64 
90048	0	0	91 37 64 
90048	0	0	99 2d 0 
90048	0	0	99 2d 7f 
90240	192	0	91 3b 0 
90240	0	0	91 37 0 
90240	0	0	91 2c 64 
90240	0	0	99 2d 0 
90240	0	0	99 28 7f 
90432	192	0	91 2c 0 
90432	0	0	91 36 64 
90432	0	0	91 3a 64 
90432	0	0	99 28 0 
90624	192	0	91 36 0 
90624	0	0	99 2d 7f 
90816	192	0	91 3a 0 
90816	0	0	91 3b 64 
90816	0	0	91 36 64 
90816	0	0	99 2d 0 
90816	0	0	99 2d 7f 
91008	192	0	91 3b 0 
91008	0	0	91 36 0 
91008	0	0	91 2c 64 
91008	0	0	99 2d 0 
91008	0	0	99 28 7f 
91200	192	0	91 2c 0 
91200	0	0	91 36 64 
91200	0	0	91 3a 64 
91200	0	0	99 28 0 
91392	192	0	99 2d 7f 
91584	192	0	91 36 0 
91584	0	0	91 3a 0 
91584	0	0	91 3b 64 
91584	0	0	99 2d 0 
91584	0	0	99 2d 7f 
91776	192	0	91 3b 0 
91776	0	0	91 3a 64 
91776	0	0	99 2d 0 
91776	0	0	99 28 7f 
91968	192	0	99 28 0 
92160	192	0	91 3a 0 
92160	0	0	91 33 64 
92160	0	0	91 2c 64 
92160	0	0	99 2d 7f 
92352	192	0	91 33 0 
92352	0	0	91 2c 0 
92352	0	0	91 2c 64 
92352	0	0	99 2d 0 
92352	0	0	99 2d 7f 
92544	192	0	91 2c 0 
92544	0	0	91 3b 64 
92544	0	0	91 38 64 
92544	0	0	99 2d 0 
92544	0	0	99 28 7f 
92736	192	0	91 3b 0 
92736	0	0	91 38 0 
92736	0	0	91 2c 64 
92736	0	0	99 28 0 
92928	192	0	91 2c 0 
92928	0	0	91 3d 64 
92928	0	0	91 38 64 
92928	0	0	99 2d 7f 
93120	192	0	91 3d 0 
93120	0	0	91 38 0 
93120	0	0	91 3b 64 
93120	0	0	91 37 64 
93120	0	0	99 2d 0 
93120	0	0	99 2d 7f 
93312	192	0	91 3b 0 
93312	0	0	91 37 0 
93312	0	0	91 2c 64 
93312	0	0	99 2d 0 
93312	0	0	99 28 7f 
93504	192	0	91 2c 0 
93504	0	0	91 36 64 
93504	0	0	91 3a 64 
93504	0	0	99 28 0 
93696	192	0	99 2d 7f 
93888	192	0	91 36 0 
93888	0	0	91 3a 0 
93888	0	0	91 3b 64 
93888	0	0	91 36 64 
93888	0	0	99 2d 0 
93888	0	0	99 2d 7f 
94080	192	0	91 3b 0 
94080	0	0	91 36 0 
94080	0	0	91 2c 64 
94080	0	0	99 2d 0 
94080	0	0	99 28 7f 
94272	192	0	91 2c 0 
94272	0	0	91 38 64 
94272	0	0	91 34 64 
94272	0	0	99 28 0 
94464	192	0	99 2d 7f 
94656	192	0	91 38 0 
94656	0	0	91 34 0 
94656	0	0	91 39 64 
94656	0	0	91 34 64 
94656	0	0	99 2d 0 
94656	0	0	99 2d 7f 
94848	192	0	99 2d 0 
94848	0	0	99 28 7f 
95040	192	0	91 39 0 
95040	0	0	91 34 0 
95040	0	0	91 33 64 
95040	0	0	99 28 0 
95232	192	0	91 33 0 
95232	0	0	91 27 64 
95232	0	0	99 2d 7f 
95424	192	0	99 2d 0 
95424	0	0	99 2d 7f 
95616	192	0	91 27 0 
95616	0	0	91 36 64 
95616	0	0	91 33 64 
95616	0	0	99 2d 0 
95616	0	0	99 28 7f 
95808	192	0	91 36 0 
95808	0	0	91 33 0 
95808	0	0	91 27 64 
95808	0	0	99 28 0 
96000	192	0	91 27 0 
96000	0	0	91 33 64 
96000	0	0	91 38 64 
96000	0	0	99 2d 7f 
96192	192	0	91 33 0 
96192	0	0	91 38 0 
96192	0	0	91 36 64 
96192	0	0	91 33 64 
96192	0	0	99 2d 0 
96192	0	0	99 2d 7f 
96384	192	0	91 36 0 
96384	0	0	91 33 0 
96384	0	0	91 27 64 
96384	0	0	99 2d 0 
96384	0	0	99 28 7f 
96576	192	0	91 27 0 
96576	0	0	91 35 64 
96576	0	0	91 31 64 
96576	0	0	99 28 0 
96768	192	0	99 2d 7f 
96960	192	0	91 31 0 
96960	0	0	91 35 0 
96960	0	0	91 36 64 
96960	0	0	91 31 64 
96960	0	0	99 2d 0 
96960	0	0	99 2d 7f 
97152	192	0	91 36 0 
97152	0	0	91 31 0 
97152	0	0	91 28 64 
97152	0	0	99 2d 0 
97152	0	0	99 28 7f 
97344	192	0	91 28 0 
97344	0	0	91 36 64 
97344	0	0	91 31 64 
97344	0	0	99 28 0 
97536	192	0	91 36 0 
97536	0	0	91 31 0 
97536	0	0	91 35 64 
97536	0	0	91 31 64 
97536	0	0	99 2d 7f 
97728	192	0	99 2d 0 
97728	0	0	99 2d 7f 
97920	192	0	91 35 0 
97920	0	0	91 31 0 
97920	0	0	91 41 64 
97920	0	0	91 3d 64 
97920	0	0	99 2d 0 
97920	0	0	99 28 7f 
98048	128	0	91 41 0 
98048	0	0	91 3d 0 
98048	0	0	91 42 64 
98112	64	0	99 28 0 
98176	64	0	91 42 0 
98176	0	0	91 41 64 
98304	128	0	91 41 0 
98304	0	0	91 27 64 
98304	0	0	99 2d 7f 
98496	192	0	99 2d 0 
98496	0	0	99 2d 7f 
98688	192	0	91 27 0 
98688	0	0	91 36 64 
98688	0	0	91 33 64 
98688	0	0	99 2d 0 
98688	0	0	99 28 7f 
98880	192	0	91 36 0 
98880	0	0	91 33 0 
98880	0	0	91 27 64 
98880	0	0	99 28 0 
99072	192	0	91 27 0 
99072	0	0	91 33 64 
99072	0	0	91 38 64 
99072	0	0	99 2d 7f 
99264	192	0	91 33 0 
99264	0	0	91 38 0 
99264	0	0	91 36 64 
99264	0	0	91 33 64 
99264	0	0	99 2d 0 
99264	0	0	99 2d 7f 
99456	192	0	91 36 0 
99456	0	0	91 33 0 
99456	0	0	91 27 64 
99456	0	0	99 2d 0 
99456	0	0	99 28 7f 
99648	192	0	91 27 0 
99648	0	0	91 35 64 
99648	0	0	91 31 64 
99648	0	0	99 28 0 
99840	192	0	99 2d 7f 
100032	192	0	91 31 0 
100032	0	0	91 35 0 
100032	0	0	91 36 64 
100032	0	0	91 31 64 
100032	0	0	99 2d 0 
100032	0	0	99 2d 7f 
100224	192	0	91 36 0 
100224	0	0	91 31 0 
100224	0	0	91 28 64 
100224	0	0	99 2d 0 
100224	0	0	99 28 7f 
100416	192	0	91 28 0 
100416	0	0	91 36 64 
100416	0	0	91 32 64 
100416	0	0	99 28 0 
100608	192	0	99 2d 7f 
100800	192	0	91 36 0 
100800	0	0	91 32 0 
100800	0	0	91 27 64 
100800	0	0	99 2d 0 
100800	0	0	99 2d 7f 
100992	192	0	91 27 0 
100992	0	0	91 27 64 
100992	0	0	99 2d 0 
100992	0	0	99 28 7f 
101184	192	0	91 27 0 
101184	0	0	91 33 64 
101184	0	0	91 27 64 
101184	0	0	99 28 0 
101376	192	0	91 27 0 
101376	0	0	91 33 0 
101376	0	0	91 27 64 
101376	0	0	99 2d 7f 
101568	192	0	99 2d 0 
101568	0	0	99 2d 7f 
101760	192	0	91 27 0 
101760	0	0	91 36 64 
101760	0	0	91 33 64 
101760	0	0	99 2d 0 
101760	0	0	99 28 7f 
101952	192	0	91 36 0 
101952	0	0	91 33 0 
101952	0	0	91 27 64 
101952	0	0	99 28 0 
102144	192	0	91 27 0 
102144	0	0	91 33 64 
102144	0	0	91 38 64 
102144	0	0	99 2d 7f 
102336	192	0	91 33 0 
102336	0	0	91 38 0 
102336	0	0	91 36 64 
102336	0	0	91 33 64 
102336	0	0	99 2d 0 
102336	0	0	99 2d 7f 
102528	192	0	91 36 0 
102528	0	0	91 33 0 
102528	0	0	91 27 64 
102528	0	0	99 2d 0 
102528	0	0	99 28 7f 
102720	192	0	91 27 0 
102720	0	0	91 35 64 
102720	0	0	91 31 64 
102720	0	0	99 28 0 
102912	192	0	99 2d 7f 
103104	192	0	91 31 0 
103104	0	0	91 35 0 
103104	0	0	91 36 64 
103104	0	0	91 31 64 
103104	0	0	99 2d 0 
103104	0	0	99 2d 7f 
103296	192	0	91 36 0 
103296	0	0	91 31 0 
103296	0	0	91 28 64 
103296	0	0	99 2d 0 
103296	0	0	99 28 7f 
103488	192	0	91 28 0 
103488	0	0	91 36 64 
103488	0	0	91 31 64 
103488	0	0	99 28 0 
103680	192	0	91 36 0 
103680	0	0	91 31 0 
103680	0	0	91 35 64 
103680	0	0	91 31 64 
103680	0	0	99 2d 7f 
103872	192	0	99 2d 0 
103872	0	0	99 2d 7f 
104064	192	0	91 35 0 
104064	0	0	91 31 0 
104064	0	0	91 41 64 
104064	0	0	91 3d 64 
104064	0	0	99 2d 0 
104064	0	0	99 28 7f 
104192	128	0	91 41 0 
104192	0	0	91 3d 0 
104192	0	0	91 42 64 
104256	64	0	99 28 0 
104320	64	0	91 42 0 
104320	0	0	91 41 64 
104448	128	0	91 41 0 
104448	0	0	91 27 64 
104448	0	0	99 2d 7f 
104640	192	0	99 2d 0 
104640	0	0	99 2d 7f 
104832	192	0	91 27 0 
104832	0	0	91 36 64 
104832	0	0	91 33 64 
104832	0	0	99 2d 0 
104832	0	0	99 28 7f 
105024	192	0	91 36 0 
105024	0	0	91 33 0 
105024	0	0	91 27 64 
105024	0	0	99 28 0 
105216	192	0	91 27 0 
105216	0	0	91 33 64 
105216	0	0	91 38 64 
105216	0	0	99 2d 7f 
105408	192	0	91 33 0 
105408	0	0	91 38 0 
105408	0	0	91 36 64 
105408	0	0	91 33 64 
105408	0	0	99 2d 0 
105408	0	0	99 2d 7f 
105600	192	0	91 36 0 
105600	0	0	91 33 0 
105600	0	0	91 27 64 
105600	0	0	99 2d 0 
105600	0	0	99 28 7f 
105792	192	0	91 27 0 
105792	0	0	91 35 64 
105792	0	0	91 31 64 
105792	0	0	99 28 0 
105984	192	0	99 2d 7f 
106176	192	0	91 31 0 
106176	0	0	91 35 0 
106176	0	0	91 36 64 
106176	0	0	91 31 64 
106176	0	0	99 2d 0 
106176	0	0	99 2d 7f 
106368	192	0	91 36 0 
106368	0	0	91 31 0 
106368	0	0	91 28 64 
106368	0	0	99 2d 0 
106368	0	0	99 28 7f 
106560	192	0	91 28 0 
106560	0	0	91 36 64 
106560	0	0	91 32 64 
106560	0	0	99 28 0 
106752	192	0	99 2d 7f 
106944	192	0	91 36 0 
106944	0	0	91 32 0 
106944	0	0	91 27 64 
106944	0	0	99 2d 0 
106944	0	0	99 2d 7f 
107136	192	0	91 27 0 
107136	0	0	91 27 64 
107136	0	0	99 2d 0 
107136	0	0	99 28 7f 
107328	192	0	91 27 0 
107328	0	0	91 33 64 
107328	0	0	91 27 64 
107328	0	0	99 28 0 
107520	192	0	90 3f 64 
107520	0	0	90 3b 64 
107520	0	0	90 38 64 
107520	0	0	90 33 64 
107520	0	0	90 2c 64 
107520	0	0	91 33 0 
107520	0	0	91 27 0 
107520	0	0	99 2d 7f 
107712	192	0	99 2d 0 
107712	0	0	99 2d 7f 
107904	192	0	99 2d 0 
107904	0	0	99 28 7f 
108096	192	0	99 28 0 
108288	192	0	99 2d 7f 
108480	192	0	99 2d 0 
108480	0	0	99 2d 7f 
108672	192	0	99 2d 0 
108672	0	0	99 28 7f 
108864	192	0	99 28 0 
109056	192	0	99 2d 7f 
109248	192	0	99 2d 0 
109248	0	0	99 2d 7f 
109440	192	0	99 2d 0 
109440	0	0	99 28 7f 
109632	192	0	99 28 0 
109824	192	0	99 2d 7f 
110016	192	0	99 2d 0 
110016	0	0	99 2d 7f 
110208	192	0	99 2d 0 
110208	0	0	99 28 7f 
110400	192	0	99 28 0 
110592	192	0	90 2c 0 
110592	0	0	90 33 0 
110592	0	0	90 38 0 
110592	0	0	90 3b 0 
110592	0	0	90 3f 0 
110592	0	0	90 3f 64 
110592	0	0	90 3b 64 
110592	0	0	90 38 64 
110592	0	0	90 33 64 
110592	0	0	90 2c 64 
110592	0	0	99 2d 7f 
110784	192	0	99 2d 0 
110784	0	0	99 2d 7f 
110976	192	0	99 2d 0 
110976	0	0	99 28 7f 
111168	192	0	99 28 0 
111360	192	0	99 2d 7f 
111552	192	0	99 2d 0 
111552	0	0	99 2d 7f 
111744	192	0	99 2d 0 
111744	0	0	99 28 7f 
111936	192	0	99 28 0 
112128	192	0	99 2d 7f 
112320	192	0	99 2d 0 
112320	0	0	99 2d 7f 
112512	192	0	99 2d 0 
112512	0	0	99 28 7f 
112704	192	0	99 28 0 
112896	192	0	99 2d 7f 
113088	192	0	99 2d 0 
113088	0	0	99 2d 7f 
113280	192	0	99 2d 0 
113280	0	0	99 28 7f 
113472	192	0	99 28 0 
113664	192	0	90 2c 0 
113664	0	0	90 33 0 
113664	0	0	90 38 0 
113664	0	0	90 3b 0 
113664	0	0	90 3f 0 
113664	0	0	90 3f 64 
113664	0	0	90 3b 64 
113664	0	0	90 38 64 
113664	0	0	90 33 64 
113664	0	0	90 2c 64 
113664	0	0	99 2d 7f 
113856	192	0	99 2d 0 
113856	0	0	99 2d 7f 
114048	192	0	99 2d 0 
114048	0	0	99 28 7f 
114240	192	0	99 28 0 
114432	192	0	99 2d 7f 
114624	192	0	99 2d 0 
114624	0	0	99 2d 7f 
114816	192	0	99 2d 0 
114816	0	0	99 28 7f 
115008	192	0	99 28 0 
115200	192	0	99 2d 7f 
115392	192	0	99 2d 0 
115392	0	0	99 2d 7f 
115584	192	0	99 2d 0 
115584	0	0	99 28 7f 
115776	192	0	99 28 0 
115968	192	0	99 2d 7f 
116160	192	0	99 2d 0 
116160	0	0	99 2d 7f 
116352	192	0	99 2d 0 
116352	0	0	99 28 7f 
116544	192	0	99 28 0 
116736	192	0	90 2c 0 
116736	0	0	90 33 0 
116736	0	0	90 38 0 
116736	0	0	90 3b 0 
116736	0	0	90 3f 0 
116736	0	0	90 3f 64 
116736	0	0	90 3b 64 
116736	0	0	90 38 64 
116736	0	0	90 33 64 
116736	0	0	90 2c 64 
116736	0	0	99 2d 7f 
116928	192	0	99 2d 0 
116928	0	0	99 2d 7f 
117120	192	0	99 2d 0 
117120	0	0	99 28 7f 
117312	192	0	99 28 0 
117504	192	0	99 2d 7f 
117696	192	0	99 2d 0 
117696	0	0	99 2d 7f 
117888	192	0	99 2d 0 
117888	0	0	99 28 7f 
118080	192	0	99 28 0 
118272	192	0	99 2d 7f 
118464	192	0	99 2d 0 
118464	0	0	99 2d 7f 
118656	192	0	99 2d 0 
118656	0	0	99 28 7f 
118848	192	0	99 28 0 
119040	192	0	99 2d 7f 
119232	192	0	90 2c 0 
119232	0	0	90 33 0 
119232	0	0	90 38 0 
119232	0	0	90 3b 0 
119232	0	0	90 3f 0 
119232	0	0	90 2c 64 
119232	0	0	99 2d 0 
119232	0	0	99 2d 7f 
119424	192	0	90 2c 0 
119424	0	0	90 2e 64 
119424	0	0	99 2d 0 
119424	0	0	99 28 7f 
119616	192	0	90 2e 0 
119616	0	0	90 2f 64 
119616	0	0	99 28 0 
119808	192	0	90 2f 0 
119808	0	0	90 2c 64 
119808	0	0	99 2d 7f 
120000	192	0	90 2c 0 
120000	0	0	90 33 64 
120000	0	0	99 2d 0 
120000	0	0	99 2d 7f 
120192	192	0	90 33 0 
120192	0	0	90 3f 64 
120192	0	0	99 2d 0 
120192	0	0	99 28 7f 
120384	192	0	90 3f 0 
120384	0	0	90 3d 64 
120384	0	0	99 28 0 
120576	192	0	99 2d 7f 
120768	192	0	90 3d 0 
120768	0	0	90 3b 64 
120768	0	0	99 2d 0 
120768	0	0	99 2d 7f 
120960	192	0	99 2d 0 
120960	0	0	99 28 7f 
121152	192	0	90 3b 0 
121152	0	0	90 3a 64 
121152	0	0	99 28 0 
121344	192	0	99 2d 7f 
121536	192	0	90 3a 0 
121536	0	0	90 38 64 
121536	0	0	99 2d 0 
121536	0	0	99 2d 7f 
121728	192	0	99 2d 0 
121728	0	0	99 28 7f 
121920	192	0	99 28 0 
122112	192	0	99 2d 7f 
122304	192	0	99 2d 0 
122304	0	0	99 2d 7f 
122496	192	0	99 2d 0 
122496	0	0	99 28 7f 
122688	192	0	99 28 0 
122880	192	0	90 38 0 
122880	0	0	90 2c 64 
122880	0	0	99 2d 7f 
123072	192	0	90 2c 0 
123072	0	0	90 33 64 
123072	0	0	99 2d 0 
123072	0	0	99 2d 7f 
123264	192	0	90 33 0 
123264	0	0	90 3f 64 
123264	0	0	99 2d 0 
123264	0	0	99 28 7f 
123456	192	0	90 3f 0 
123456	0	0	90 3d 64 
123456	0	0	99 28 0 
123648	192	0	99 2d 7f 
123840	192	0	90 3d 0 
123840	0	0	90 3b 64 
123840	0	0	99 2d 0 
123840	0	0	99 2d 7f 
124032	192	0	99 2d 0 
124032	0	0	99 28 7f 
124224	192	0	90 3b 0 
124224	0	0	90 3a 64 
124224	0	0	99 28 0 
124416	192	0	99 2d 7f 
124608	192	0	90 3a 0 
124608	0	0	90 38 64 
124608	0	0	99 2d 0 
124608	0	0	99 2d 7f 
124800	192	0	99 2d 0 
124800	0	0	99 28 7f 
124992	192	0	99 28 0 
125184	192	0	99 2d 7f 
125376	192	0	99 2d 0 
125376	0	0	99 2d 7f 
125568	192	0	99 2d 0 
125568	0	0	99 28 7f 
125760	192	0	99 28 0 
125952	192	0	90 38 0 
125952	0	0	90 2c 64 
125952	0	0	99 2d 7f 
126144	192	0	90 2c 0 
126144	0	0	90 33 64 
126144	0	0	99 2d 0 
126144	0	0	99 2d 7f 
126336	192	0	90 33 0 
126336	0	0	90 3f 64 
126336	0	0	99 2d 0 
126336	0	0	99 28 7f 
126528	192	0	90 3f 0 
126528	0	0	90 3d 64 
126528	0	0	99 28 0 
126720	192	0	99 2d 7f 
126912	192	0	90 3d 0 
126912	0	0	90 3b 64 
126912	0	0	99 2d 0 
126912	0	0	99 2d 7f 
127104	192	0	99 2d 0 
127104	0	0	99 28 7f 
127296	192	0	90 3b 0 
127296	0	0	90 3a 64 
127296	0	0	99 28 0 
127488	192	0	99 2d 7f 
127680	192	0	90 3a 0 
127680	0	0	90 38 64 
127680	0	0	99 2d 0 
127680	0	0	99 2d 7f 
127872	192	0	99 2d 0 
127872	0	0	99 28 7f 
128064	192	0	99 28 0 
128256	192	0	99 2d 7f 
128448	192	0	99 2d 0 
128448	0	0	99 2d 7f 
128640	192	0	99 2d 0 
128640	0	0	99 28 7f 
128832	192	0	99 28 0 
129024	192	0	90 38 0 
129024	0	0	90 2c 64 
129024	0	0	99 2d 7f 
129216	192	0	90 2c 0 
129216	0	0	90 33 64 
129216	0	0	99 2d 0 
129216	0	0	99 2d 7f 
129408	192	0	90 33 0 
129408	0	0	90 3f 64 
129408	0	0	99 2d 0 
129408	0	0	99 28 7f 
129600	192	0	90 3f 0 
129600	0	0	90 3d 64 
129600	0	0	99 28 0 
129792	192	0	99 2d 7f 
129984	192	0	90 3d 0 
129984	0	0	90 3b 64 
129984	0	0	99 2d 0 
129984	0	0	99 2d 7f 
130176	192	0	99 2d 0 
130176	0	0	99 28 7f 
130368	192	0	90 3b 0 
130368	0	0	90 3a 64 
130368	0	0	99 28 0 
130560	192	0	99 2d 7f 
130752	192	0	90 3a 0 
130752	0	0	90 3a 64 
130752	0	0	90 33 64 
130752	0	0	90 2c 64 
130752	0	0	90 38 64 
130752	0	0	90 3f 64 
130752	0	0	99 2d 0 
130752	0	0	99 2d 7f 
130944	192	0	99 2d 0 
130944	0	0	99 28 7f 
131136	192	0	99 28 0 
131328	192	0	99 2d 7f 
131520	192	0	99 2d 0 
131520	0	0	99 2d 7f 
131712	192	0	99 2d 0 
131712	0	0	99 28 7f 
131904	192	0	99 28 0 
132096	192	0	90 2c 0 
132096	0	0	90 33 0 
132096	0	0	90 38 0 
132096	0	0	90 3a 0 
132096	0	0	90 3f 0 
132096	0	0	90 3b 64 
132096	0	0	90 3f 64 
132096	0	0	90 38 64 
132096	0	0	90 33 64 
132096	0	0	90 2c 64 
132096	0	0	99 2d 7f 
132288	192	0	99 2d 0 
132288	0	0	99 2d 7f 
132480	192	0	99 2d 0 
132480	0	0	99 28 7f 
132672	192	0	99 28 0 
132864	192	0	99 2d 7f 
133056	192	0	99 2d 0 
133056	0	0	99 2d 7f 
133248	192	0	99 2d 0 
133248	0	0	99 28 7f 
133440	192	0	99 28 0 
133632	192	0	91 33 64 
133632	0	0	91 2c 64 
133632	0	0	99 2d 7f 
133824	192	0	91 33 0 
133824	0	0	91 2c 0 
133824	0	0	91 2c 64 
133824	0	0	99 2d 0 
133824	0	0	99 2d 7f 
134016	192	0	91 2c 0 
134016	0	0	91 3b 64 
134016	0	0	91 38 64 
134016	0	0	99 2d 0 
134016	0	0	99 28 7f 
134208	192	0	91 3b 0 
134208	0	0	91 38 0 
134208	0	0	91 2c 64 
134208	0	0	99 28 0 
134400	192	0	91 2c 0 
134400	0	0	91 3d 64 
134400	0	0	91 38 64 
134400	0	0	99 2d 7f 
134592	192	0	91 3d 0 
134592	0	0	91 38 0 
134592	0	0	91 3b 64 
134592	0	0	91 37 64 
134592	0	0	99 2d 0 
134592	0	0	99 2d 7f 
134784	192	0	91 3b 0 
134784	0	0	91 37 0 
134784	0	0	91 2c 64 
134784	0	0	99 2d 0 
134784	0	0	99 28 7f 
134976	192	0	91 2c 0 
134976	0	0	91 36 64 
134976	0	0	91 3a 64 
134976	0	0	99 28 0 
135168	192	0	90 2c 0 
135168	0	0	90 33 0 
135168	0	0	90 38 0 
135168	0	0	90 3b 0 
135168	0	0	90 3f 0 
135168	0	0	91 36 0 
135168	0	0	99 2d 7f 
135360	192	0	91 3a 0 
135360	0	0	91 3b 64 
135360	0	0	91 36 64 
135360	0	0	99 2d 0 
135360	0	0	99 2d 7f 
135552	192	0	91 3b 0 
135552	0	0	91 36 0 
135552	0	0	91 2c 64 
135552	0	0	99 2d 0 
135552	0	0	99 28 7f 
135744	192	0	91 2c 0 
135744	0	0	91 36 64 
135744	0	0	91 3a 64 
135744	0	0	99 28 0 
135936	192	0	99 2d 7f 
136128	192	0	91 36 0 
136128	0	0	91 3a 0 
136128	0	0	91 3b 64 
136128	0	0	99 2d 0 
136128	0	0	99 2d 7f 
136320	192	0	91 3b 0 
136320	0	0	91 3a 64 
136320	0	0	99 2d 0 
136320	0	0	99 28 7f 
136512	192	0	99 28 0 
136704	192	0	91 3a 0 
136704	0	0	91 33 64 
136704	0	0	91 2c 64 
136704	0	0	99 2d 7f 
136896	192	0	91 33 0 
136896	0	0	91 2c 0 
136896	0	0	91 2c 64 
136896	0	0	99 2d 0 
136896	0	0	99 2d 7f 
137088	192	0	91 2c 0 
137088	0	0	91 3b 64 
137088	0	0	91 38 64 
137088	0	0	99 2d 0 
137088	0	0	99 28 7f 
137280	192	0	91 3b 0 
137280	0	0	91 38 0 
137280	0	0	91 2c 64 
137280	0	0	99 28 0 
137472	192	0	91 2c 0 
137472	0	0	91 3d 64 
137472	0	0	91 38 64 
137472	0	0	99 2d 7f 
137664	192	0	91 3d 0 
137664	0	0	91 38 0 
137664	0	0	91 3b 64 
137664	0	0	91 37 64 
137664	0	0	99 2d 0 
137664	0	0	99 2d 7f 
137856	192	0	91 3b 0 
137856	0	0	91 37 0 
137856	0	0	91 2c 64 
137856	0	0	99 2d 0 
137856	0	0	99 28 7f 
138048	192	0	91 2c 0 
138048	0	0	91 3d 64 
138048	0	0	99 28 0 
138240	192	0	91 3d 0 
138240	0	0	91 3f 64 
138240	0	0	99 2d 7f 
138432	192	0	91 3f 0 
138432	0	0	91 3d 64 
138432	0	0	99 2d 0 
138432	0	0	99 2d 7f 
138624	192	0	91 3d 0 
138624	0	0	91 3b 64 
138624	0	0	99 2d 0 
138624	0	0	99 28 7f 
138816	192	0	91 3b 0 
138816	0	0	91 3d 64 
138816	0	0	99 28 0 
139008	192	0	91 3d 0 
139008	0	0	91 3f 64 
139008	0	0	99 2d 7f 
139200	192	0	91 3f 0 
139200	0	0	91 3d 64 
139200	0	0	99 2d 0 
139200	0	0	99 2d 7f 
139392	192	0	91 3d 0 
139392	0	0	91 3b 64 
139392	0	0	99 2d 0 
139392	0	0	99 28 7f 
139488	96	0	91 3b 0 
139488	0	0	91 3d 64 
139584	96	0	91 3d 0 
139584	0	0	91 3b 64 
139584	0	0	99 28 0 
139680	96	0	91 3b 0 
139680	0	0	91 3d 64 
139776	96	0	91 3d 0 
139776	0	0	91 33 64 
139776	0	0	91 2c 64 
139776	0	0	99 2d 7f 
139968	192	0	91 33 0 
139968	0	0	91 2c 0 
139968	0	0	91 2c 64 
139968	0	0	99 2d 0 
139968	0	0	99 2d 7f 
140160	192	0	91 2c 0 
140160	0	0	91 3b 64 
140160	0	0	91 38 64 
140160	0	0	99 2d 0 
140160	0	0	99 28 7f 
140352	192	0	91 3b 0 
140352	0	0	91 38 0 
140352	0	0	91 2c 64 
140352	0	0	99 28 0 
140544	192	0	91 2c 0 
140544	0	0	91 3d 64 
140544	0	0	91 38 64 
140544	0	0	99 2d 7f 
140736	192	0	91 3d 0 
140736	0	0	91 38 0 
140736	0	0	91 3b 64 
140736	0	0	91 37 64 
140736	0	0	99 2d 0 
140736	0	0	99 2d 7f 
140928	192	0	91 3b 0 
140928	0	0	91 37 0 
140928	0	0	91 2c 64 
140928	0	0	99 2d 0 
140928	0	0	99 28 7f 
141120	192	0	91 2c 0 
141120	0	0	91 36 64 
141120	0	0	91 3a 64 
141120	0	0	99 28 0 
141312	192	0	91 36 0 
141312	0	0	99 2d 7f 
141504	192	0	91 3a 0 
141504	0	0	91 3b 64 
141504	0	0	91 36 64 
141504	0	0	99 2d 0 
141504	0	0	99 2d 7f 
141696	192	0	91 3b 0 
141696	0	0	91 36 0 
141696	0	0	91 2c 64 
141696	0	0	99 2d 0 
141696	0	0	99 28 7f 
141888	192	0	91 2c 0 
141888	0	0	91 36 64 
141888	0	0	91 3a 64 
141888	0	0	99 28 0 
142080	192	0	99 2d 7f 
142272	192	0	91 36 0 
142272	0	0	91 3a 0 
142272	0	0	91 3b 64 
142272	0	0	99 2d 0 
142272	0	0	99 2d 7f 
142464	192	0	91 3b 0 
142464	0	0	91 3a 64 
142464	0	0	99 2d 0 
142464	0	0	99 28 7f 
142656	192	0	99 28 0 
142848	192	0	91 3a 0 
142848	0	0	91 33 64 
142848	0	0	91 2c 64 
142848	0	0	99 2d 7f 
143040	192	0	91 33 0 
143040	0	0	91 2c 0 
143040	0	0	91 2c 64 
143040	0	0	99 2d 0 
143040	0	0	99 2d 7f 
143232	192	0	91 2c 0 
143232	0	0	91 3b 64 
143232	0	0	91 38 64 
143232	0	0	99 2d 0 
143232	0	0	99 28 7f 
143424	192	0	91 3b 0 
143424	0	0	91 38 0 
143424	0	0	91 2c 64 
143424	0	0	99 28 0 
143616	192	0	91 2c 0 
143616	0	0	91 3d 64 
143616	0	0	91 38 64 
143616	0	0	99 2d 7f 
143808	192	0	91 3d 0 
143808	0	0	91 38 0 
143808	0	0	91 3b 64 
143808	0	0	91 37 64 
143808	0	0	99 2d 0 
143808	0	0	99 2d 7f 
144000	192	0	91 3b 0 
144000	0	0	91 37 0 
144000	0	0	91 2c 64 
144000	0	0	99 2d 0 
144000	0	0	99 28 7f 
144192	192	0	91 2c 0 
144192	0	0	91 36 64 
144192	0	0	91 3a 64 
144192	0	0	99 28 0 
144384	192	0	99 2d 7f 
144576	192	0	91 36 0 
144576	0	0	91 3a 0 
144576	0	0	91 3b 64 
144576	0	0	91 36 64 
144576	0	0	99 2d 0 
144576	0	0	99 2d 7f 
144768	192	0	91 3b 0 
144768	0	0	91 36 0 
144768	0	0	91 2c 64 
144768	0	0	99 2d 0 
144768	0	0	99 28 7f 
144960	192	0	91 2c 0 
144960	0	0	91 38 64 
144960	0	0	91 34 64 
144960	0	0	99 28 0 
145152	192	0	99 2d 7f 
145344	192	0	91 38 0 
145344	0	0	91 34 0 
145344	0	0	91 39 64 
145344	0	0	91 34 64 
145344	0	0	99 2d 0 
145344	0	0	99 2d 7f 
145536	192	0	99 2d 0 
145536	0	0	99 28 7f 
145728	192	0	91 39 0 
145728	0	0	91 34 0 
145728	0	0	91 31 64 
145728	0	0	91 2a 64 
145728	0	0	99 28 0 
145920	192	0	91 2a 0 
145920	0	0	91 31 0 
145920	0	0	91 33 64 
145920	0	0	91 2c 64 
145920	0	0	99 2d 7f 
146112	192	0	91 33 0 
146112	0	0	91 2c 0 
146112	0	0	91 33 64 
146112	0	0	91 2c 64 
146112	0	0	99 2d 0 
146112	0	0	99 2d 7f 
146304	192	0	91 33 0 
146304	0	0	91 2c 0 
146304	0	0	91 31 64 
146304	0	0	91 2c 64 
146304	0	0	99 2d 0 
146304	0	0	99 28 7f 
146496	192	0	91 31 0 
146496	0	0	91 2c 0 
146496	0	0	91 33 64 
146496	0	0	91 2c 64 
146496	0	0	99 28 0 
146688	192	0	91 33 0 
146688	0	0	91 2c 0 
146688	0	0	91 33 64 
146688	0	0	91 2c 64 
146688	0	0	99 2d 7f 
146880	192	0	91 33 0 
146880	0	0	91 2c 0 
146880	0	0	91 33 64 
146880	0	0	91 2c 64 
146880	0	0	99 2d 0 
146880	0	0	99 2d 7f 
147072	192	0	99 2d 0 
147072	0	0	99 28 7f 
147264	192	0	91 33 0 
147264	0	0	91 2c 0 
147264	0	0	91 31 64 
147264	0	0	91 2a 64 
147264	0	0	99 28 0 
147456	192	0	91 2a 0 
147456	0	0	91 31 0 
147456	0	0	91 33 64 
147456	0	0	91 2c 64 
147456	0	0	92 20 0 
147456	0	0	92 27 0 
147456	0	0	92 2c 0 
147456	0	0	92 2f 0 
147456	0	0	99 2d 7f 
147648	192	0	91 33 0 
147648	0	0	91 2c 0 
147648	0	0	91 33 64 
147648	0	0	91 2c 64 
147648	0	0	99 2d 0 
147648	0	0	99 2d 7f 
147840	192	0	91 33 0 
147840	0	0	91 2c 0 
147840	0	0	91 31 64 
147840	0	0	91 2c 64 
147840	0	0	99 2d 0 
147840	0	0	99 28 7f 
148032	192	0	91 31 0 
148032	0	0	91 2c 0 
148032	0	0	91 34 64 
148032	0	0	91 2c 64 
148032	0	0	99 28 0 
148224	192	0	91 34 0 
148224	0	0	91 2c 0 
148224	0	0	91 34 64 
148224	0	0	91 2c 64 
148224	0	0	99 2d 7f 
148416	192	0	91 34 0 
148416	0	0	91 2c 0 
148416	0	0	91 34 64 
148416	0	0	91 2c 64 
148416	0	0	99 2d 0 
148416	0	0	99 2d 7f 
148608	192	0	99 2d 0 
148608	0	0	99 28 7f 
148800	192	0	91 34 0 
148800	0	0	91 2c 0 
148800	0	0	91 31 64 
148800	0	0	91 2a 64 
148800	0	0	99 28 0 
148992	192	0	91 2a 0 
148992	0	0	91 31 0 
148992	0	0	91 33 64 
148992	0	0	91 2c 64 
148992	0	0	99 2d 7f 
149184	192	0	91 33 0 
149184	0	0	91 2c 0 
149184	0	0	91 33 64 
149184	0	0	91 2c 64 
149184	0	0	99 2d 0 
149184	0	0	99 2d 7f 
149376	192	0	91 33 0 
149376	0	0	91 2c 0 
149376	0	0	91 31 64 
149376	0	0	91 2c 64 
149376	0	0	99 2d 0 
149376	0	0	99 28 7f 
149568	192	0	91 31 0 
149568	0	0	91 2c 0 
149568	0	0	91 33 64 
149568	0	0	91 2c 64 
149568	0	0	99 28 0 
149760	192	0	91 33 0 
149760	0	0	91 2c 0 
149760	0	0	91 33 64 
149760	0	0	91 2c 64 
149760	0	0	99 2d 7f 
149952	192	0	91 33 0 
149952	0	0	91 2c 0 
149952	0	0	91 33 64 
149952	0	0	91 2c 64 
149952	0	0	99 2d 0 
149952	0	0	99 2d 7f 
150144	192	0	99 2d 0 
150144	0	0	99 28 7f 
150336	192	0	91 33 0 
150336	0	0	91 2c 0 
150336	0	0	91 31 64 
150336	0	0	91 2a 64 
150336	0	0	99 28 0 
150528	192	0	91 2a 0 
150528	0	0	91 31 0 
150528	0	0	91 33 64 
150528	0	0	91 2c 64 
150528	0	0	99 2d 7f 
150720	192	0	91 33 0 
150720	0	0	91 2c 0 
150720	0	0	91 33 64 
150720	0	0	91 2c 64 
150720	0	0	99 2d 0 
150720	0	0	99 2d 7f 
150912	192	0	91 33 0 
150912	0	0	91 2c 0 
150912	0	0	91 31 64 
150912	0	0	91 2c 64 
150912	0	0	99 2d 0 
150912	0	0	99 28 7f 
151104	192	0	91 31 0 
151104	0	0	91 2c 0 
151104	0	0	91 34 64 
151104	0	0	91 2c 64 
151104	0	0	99 28 0 
151296	192	0	91 34 0 
151296	0	0	91 2c 0 
151296	0	0	91 34 64 
151296	0	0	91 2c 64 
151296	0	0	99 2d 7f 
151488	192	0	91 34 0 
151488	0	0	91 2c 0 
151488	0	0	91 34 64 
151488	0	0	91 2c 64 
151488	0	0	99 2d 0 
151488	0	0	99 2d 7f 
151680	192	0	99 2d 0 
151680	0	0	99 28 7f 
151872	192	0	91 34 0 
151872	0	0	91 2c 0 
151872	0	0	91 31 64 
151872	0	0	91 2a 64 
151872	0	0	99 28 0 
152064	192	0	91 2a 0 
152064	0	0	91 31 0 
152064	0	0	91 33 64 
152064	0	0	91 2c 64 
152064	0	0	99 2d 7f 
152256	192	0	91 33 0 
152256	0	0	91 2c 0 
152256	0	0	91 33 64 
152256	0	0	91 2c 64 
152256	0	0	99 2d 0 
152256	0	0	99 2d 7f 
152448	192	0	91 33 0 
152448	0	0	91 2c 0 
152448	0	0	91 31 64 
152448	0	0	91 2c 64 
152448	0	0	99 2d 0 
152448	0	0	99 28 7f 
152640	192	0	91 31 0 
152640	0	0	91 2c 0 
152640	0	0	91 33 64 
152640	0	0	91 2c 64 
152640	0	0	99 28 0 
152832	192	0	91 33 0 
152832	0	0	91 2c 0 
152832	0	0	91 33 64 
152832	0	0	91 2c 64 
152832	0	0	99 2d 7f 
153024	192	0	91 33 0 
153024	0	0	91 2c 0 
153024	0	0	91 33 64 
153024	0	0	91 2c 64 
153024	0	0	99 2d 0 
153024	0	0	99 2d 7f 
153216	192	0	99 2d 0 
153216	0	0	99 28 7f 
153408	192	0	91 33 0 
153408	0	0	91 2c 0 
153408	0	0	91 31 64 
153408	0	0	91 2a 64 
153408	0	0	99 28 0 
153600	192	0	91 2a 0 
153600	0	0	91 31 0 
153600	0	0	91 33 64 
153600	0	0	91 2c 64 
153600	0	0	99 2d 7f 
153792	192	0	91 33 0 
153792	0	0	91 2c 0 
153792	0	0	91 33 64 
153792	0	0	91 2c 64 
153792	0	0	99 2d 0 
153792	0	0	99 2d 7f 
153984	192	0	91 33 0 
153984	0	0	91 2c 0 
153984	0	0	91 31 64 
153984	0	0	91 2c 64 
153984	0	0	99 2d 0 
153984	0	0	99 28 7f 
154176	192	0	91 31 0 
154176	0	0	91 2c 0 
154176	0	0	91 34 64 
154176	0	0	91 2c 64 
154176	0	0	99 28 0 
154368	192	0	91 34 0 
154368	0	0	91 2c 0 
154368	0	0	91 34 64 
154368	0	0	91 2c 64 
154368	0	0	99 2d 7f 
154560	192	0	91 34 0 
154560	0	0	91 2c 0 
154560	0	0	91 34 64 
154560	0	0	91 2c 64 
154560	0	0	99 2d 0 
154560	0	0	99 2d 7f 
154752	192	0	99 2d 0 
154752	0	0	99 28 7f 
154944	192	0	91 34 0 
154944	0	0	91 2c 0 
154944	0	0	91 31 64 
154944	0	0	91 2a 64 
154944	0	0	99 28 0 
155136	192	0	91 2a 0 
155136	0	0	91 31 0 
155136	0	0	91 33 64 
155136	0	0	91 2c 64 
155136	0	0	99 2d 7f 
155328	192	0	91 33 0 
155328	0	0	91 2c 0 
155328	0	0	91 33 64 
155328	0	0	91 2c 64 
155328	0	0	99 2d 0 
155328	0	0	99 2d 7f 
155520	192	0	91 33 0 
155520	0	0	91 2c 0 
155520	0	0	91 31 64 
155520	0	0	91 2c 64 
155520	0	0	99 2d 0 
155520	0	0	99 28 7f 
155712	192	0	91 31 0 
155712	0	0	91 2c 0 
155712	0	0	91 33 64 
155712	0	0	91 2c 64 
155712	0	0	99 28 0 
155904	192	0	91 33 0 
155904	0	0	91 2c 0 
155904	0	0	91 33 64 
155904	0	0	91 2c 64 
155904	0	0	99 2d 7f 
156096	192	0	91 33 0 
156096	0	0	91 2c 0 
156096	0	0	91 33 64 
156096	0	0	91 2c 64 
156096	0	0	99 2d 0 
156096	0	0	99 2d 7f 
156288	192	0	99 2d 0 
156288	0	0	99 28 7f 
156480	192	0	91 33 0 
156480	0	0	91 2c 0 
156480	0	0	91 31 64 
156480	0	0	91 2a 64 
156480	0	0	99 28 0 
156672	192	0	91 2a 0 
156672	0	0	91 31 0 
156672	0	0	91 33 64 
156672	0	0	91 2c 64 
156672	0	0	99 2d 7f 
156864	192	0	91 33 0 
156864	0	0	91 2c 0 
156864	0	0	91 33 64 
156864	0	0	91 2c 64 
156864	0	0	99 2d 0 
156864	0	0	99 2d 7f 
157056	192	0	91 33 0 
157056	0	0	91 2c 0 
157056	0	0	91 31 64 
157056	0	0	91 2c 64 
157056	0	0	99 2d 0 
157056	0	0	99 28 7f 
157248	192	0	91 31 0 
157248	0	0	91 2c 0 
157248	0	0	91 34 64 
157248	0	0	91 2c 64 
157248	0	0	99 28 0 
157440	192	0	91 34 0 
157440	0	0	91 2c 0 
157440	0	0	91 34 64 
157440	0	0	91 2c 64 
157440	0	0	99 2d 7f 
157632	192	0	91 34 0 
157632	0	0	91 2c 0 
157632	0	0	91 34 64 
157632	0	0	91 2c 64 
157632	0	0	99 2d 0 
157632	0	0	99 2d 7f 
157824	192	0	99 2d 0 
157824	0	0	99 28 7f 
158016	192	0	91 34 0 
158016	0	0	91 2c 0 
158016	0	0	91 31 64 
158016	0	0	91 2a 64 
158016	0	0	99 28 0 
158208	192	0	90 2c 64 
158208	0	0	91 31 0 
158208	0	0	91 2a 0 
158208	0	0	99 2d 7f 
158400	192	0	90 2c 0 
158400	0	0	90 33 64 
158400	0	0	99 2d 0 
158400	0	0	99 2d 7f 
158592	192	0	90 33 0 
158592	0	0	90 3f 64 
158592	0	0	99 2d 0 
158592	0	0	99 28 7f 
158784	192	0	90 3f 0 
158784	0	0	90 3d 64 
158784	0	0	99 28 0 
158976	192	0	99 2d 7f 
159168	192	0	90 3d 0 
159168	0	0	90 3b 64 
159168	0	0	99 2d 0 
159168	0	0	99 2d 7f 
159360	192	0	99 2d 0 
159360	0	0	99 28 7f 
159552	192	0	90 3b 0 
159552	0	0	90 3a 64 
159552	0	0	99 28 0 
159744	192	0	99 2d 7f 
159936	192	0	90 3a 0 
159936	0	0	90 38 64 
159936	0	0	99 2d 0 
159936	0	0	99 2d 7f 
160128	192	0	99 2d 0 
160128	0	0	99 28 7f 
160320	192	0	90 38 0 
160320	0	0	90 36 64 
160320	0	0	99 28 0 
160512	192	0	99 2d 7f 
160704	192	0	90 36 0 
160704	0	0	90 38 64 
160704	0	0	99 2d 0 
160704	0	0	99 2d 7f 
160896	192	0	90 38 0 
160896	0	0	90 27 64 
160896	0	0	99 2d 0 
160896	0	0	99 28 7f 
161088	192	0	90 27 0 
161088	0	0	90 2a 64 
161088	0	0	99 28 0 
161280	192	0	90 2a 0 
161280	0	0	90 2c 64 
161280	0	0	99 2d 7f 
161472	192	0	90 2c 0 
161472	0	0	90 33 64 
161472	0	0	99 2d 0 
161472	0	0	99 2d 7f 
161664	192	0	90 33 0 
161664	0	0	90 3f 64 
161664	0	0	99 2d 0 
161664	0	0	99 28 7f 
161856	192	0	90 3f 0 
161856	0	0	90 3d 64 
161856	0	0	99 28 0 
162048	192	0	99 2d 7f 
162240	192	0	90 3d 0 
162240	0	0	90 3b 64 
162240	0	0	99 2d 0 
162240	0	0	99 2d 7f 
162432	192	0	99 2d 0 
162432	0	0	99 28 7f 
162624	192	0	90 3b 0 
162624	0	0	90 3a 64 
162624	0	0	99 28 0 
162816	192	0	99 2d 7f 
163008	192	0	90 3a 0 
163008	0	0	90 38 64 
163008	0	0	99 2d 0 
163008	0	0	99 2d 7f 
163200	192	0	99 2d 0 
163200	0	0	99 28 7f 
163392	192	0	90 38 0 
163392	0	0	90 36 64 
163392	0	0	99 28 0 
163584	192	0	99 2d 7f 
163776	192	0	90 36 0 
163776	0	0	90 38 64 
163776	0	0	99 2d 0 
163776	0	0	99 2d 7f 
163968	192	0	99 2d 0 
163968	0	0	99 28 7f 
164160	192	0	99 28 0 
164352	192	0	90 38 0 
164352	0	0	90 3f 64 
164352	0	0	90 3b 64 
164352	0	0	90 38 64 
164352	0	0	90 33 64 
164352	0	0	90 2c 64 
164352	0	0	99 2d 7f 
164544	192	0	99 2d 0 
164544	0	0	99 2d 7f 
164736	192	0	99 2d 0 
164736	0	0	99 28 7f 
164928	192	0	99 28 0 
165120	192	0	99 2d 7f 
165312	192	0	99 2d 0 
165312	0	0	99 2d 7f 
165504	192	0	99 2d 0 
165504	0	0	99 28 7f 
165696	192	0	99 28 0 
167424	1728	0	90 2c 0 
167424	0	0	90 33 0 
167424	0	0	90 38 0 
167424	0	0	90 3b 0 
167424	0	0	90 3f 0 
167424	0	0	ff 2f 0 
