TPQ: 192
TRACKS: 2
0	0	0	ff 1 4 4d 65 73 73 
0	0	0	ff 1 e 42 79 20 4d 61 72 6b 20 48 61 6d 6d 65 72 
0	0	0	ff 2 33 43 6f 70 79 72 69 67 68 74 20 a9 20 31 39 39 35 20 62 79 20 4d 61 72 6b 20 48 61 6d 6d 65 72 d 41 6c 6c 20 52 69 67 68 74 73 20 52 65 73 65 72 76 65 64 
0	0	0	ff 1 1b 47 65 6e 65 72 61 74 65 64 20 62 79 20 4e 6f 74 65 57 6f 72 74 68 79 20 31 2e 30 
0	0	0	ff 58 4 2 2 18 8 
0	0	1	ff 21 1 0 
0	0	1	ff 1 b 55 6e 6e 61 6d 65 64 2d 30 30 30 
0	0	1	ff 3 b 55 6e 6e 61 6d 65 64 2d 30 30 30 
0	0	1	ff 4 b 55 6e 6e 61 6d 65 64 2d 30 30 30 
0	0	1	c0 38 
0	0	1	b0 7 7f 
0	0	1	b0 a 40 
0	0	1	90 48 6e 
0	0	0	ff 2f 0 
94	94	1	90 48 0 
96	2	1	90 4c 6e 
190	94	1	90 4c 0 
192	2	1	90 48 6e 
286	94	1	90 48 0 
288	2	1	90 4c 6e 
382	94	1	90 4c 0 
384	2	1	90 48 6e 
544	160	1	90 48 0 
576	32	1	90 48 6e 
670	94	1	90 48 0 
768	98	1	90 48 6e 
862	94	1	90 48 0 
864	2	1	90 48 6e 
885	21	1	90 48 0 
896	11	1	90 48 6e 
917	21	1	90 48 0 
928	11	1	90 48 6e 
949	21	1	90 48 0 
960	11	1	90 48 6e 
1054	94	1	90 48 0 
1056	2	1	90 4c 6e 
1150	94	1	90 4c 0 
1152	2	1	90 48 6e 
1312	160	1	90 48 0 
1536	224	1	90 4c 6e 
1630	94	1	90 4c 0 
1632	2	1	90 4f 6e 
1726	94	1	90 4f 0 
1728	2	1	90 4c 6e 
1822	94	1	90 4c 0 
1824	2	1	90 4f 6e 
1918	94	1	90 4f 0 
1920	2	1	90 4c 6e 
2080	160	1	90 4c 0 
2112	32	1	90 4c 6e 
2206	94	1	90 4c 0 
2304	98	1	90 4c 6e 
2398	94	1	90 4c 0 
2400	2	1	90 4c 6e 
2421	21	1	90 4c 0 
2432	11	1	90 4c 6e 
2453	21	1	90 4c 0 
2464	11	1	90 4c 6e 
2485	21	1	90 4c 0 
2496	11	1	90 4c 6e 
2590	94	1	90 4c 0 
2592	2	1	90 4f 6e 
2686	94	1	90 4f 0 
2688	2	1	90 4c 6e 
2848	160	1	90 4c 0 
3072	224	1	90 43 6e 
3166	94	1	90 43 0 
3168	2	1	90 48 6e 
3262	94	1	90 48 0 
3264	2	1	90 43 6e 
3358	94	1	90 43 0 
3360	2	1	90 48 6e 
3454	94	1	90 48 0 
3456	2	1	90 43 6e 
3616	160	1	90 43 0 
3648	32	1	90 43 6e 
3742	94	1	90 43 0 
3840	98	1	90 43 6e 
3934	94	1	90 43 0 
3936	2	1	90 43 6e 
3957	21	1	90 43 0 
3968	11	1	90 43 6e 
3989	21	1	90 43 0 
4000	11	1	90 43 6e 
4021	21	1	90 43 0 
4032	11	1	90 43 6e 
4126	94	1	90 43 0 
4128	2	1	90 48 6e 
4222	94	1	90 48 0 
4224	2	1	90 43 6e 
4384	160	1	90 43 0 
4384	0	1	ff 2f 0 
