TPQ: 480
TRACKS: 7
0	0	0	ff 51 3 6 c8 1c 
0	0	0	ff 58 4 4 2 18 8 
0	0	0	ff 59 2 0 0 
0	0	1	ff 3 6 71 2d 62 61 73 73 
0	0	1	ff 21 1 0 
0	0	1	ff 20 1 2 
0	0	2	ff 3 9 71 2d 6d 65 6c 6f 64 79 31 
0	0	2	ff 21 1 0 
0	0	2	ff 20 1 1 
0	0	3	ff 3 7 71 2d 63 6d 62 6c 73 
0	0	3	ff 21 1 0 
0	0	3	ff 20 1 9 
0	0	4	ff 3 9 71 2d 6b 69 20 26 20 73 6e 
0	0	4	ff 21 1 0 
0	0	4	ff 20 1 9 
0	0	5	ff 3 9 71 2d 63 6f 6d 70 20 68 69 
0	0	5	ff 21 1 0 
0	0	5	ff 20 1 3 
0	0	6	ff 3 9 71 2d 63 6f 6d 70 20 6c 6f 
0	0	6	ff 21 1 0 
0	0	6	ff 20 1 0 
0	0	1	c2 20 
0	0	2	c1 16 
0	0	5	c3 3b 
0	0	6	c0 2d 
0	0	4	99 26 52 
0	0	1	92 43 5b 
0	0	0	ff 2f 0 
70	70	4	89 26 40 
70	0	1	82 43 40 
160	90	4	99 26 49 
160	0	1	92 42 49 
230	70	4	89 26 40 
230	0	1	82 42 40 
320	90	4	99 26 49 
320	0	1	92 41 40 
390	70	4	89 26 40 
390	0	1	82 41 40 
480	90	4	99 26 52 
480	0	1	92 3e 3c 
550	70	4	89 26 40 
550	0	1	82 3e 40 
640	90	4	99 26 49 
640	0	1	92 3a 52 
710	70	4	89 26 40 
780	70	1	82 3a 40 
800	20	4	99 26 49 
800	0	1	92 3b 3c 
870	70	4	89 26 40 
870	0	1	82 3b 40 
960	90	4	99 26 49 
960	0	1	92 37 40 
1030	70	4	89 26 40 
1030	0	1	82 37 40 
1120	90	4	99 26 49 
1120	0	1	92 35 40 
1190	70	4	89 26 40 
1270	80	1	82 35 40 
1280	10	4	99 26 40 
1280	0	1	92 32 30 
1310	30	2	91 4f 64 
1350	40	4	89 26 40 
1350	0	1	82 32 40 
1420	70	2	81 4f 40 
1440	20	4	99 26 5b 
1440	0	2	91 52 5b 
1440	0	1	92 30 49 
1510	70	4	89 26 40 
1510	0	1	82 30 40 
1550	40	2	81 52 40 
1600	50	4	99 26 52 
1600	0	2	91 53 5b 
1600	0	1	92 2e 52 
1670	70	4	89 26 40 
1710	40	2	81 53 40 
1750	40	1	82 2e 40 
1760	10	4	99 26 5b 
1760	0	2	91 54 5b 
1760	0	1	92 2f 40 
1800	40	5	93 37 40 
1830	30	4	89 26 40 
1830	0	1	82 2f 40 
1870	40	2	81 54 40 
1910	40	5	83 37 40 
1920	10	5	93 3a 52 
1920	0	1	92 2b 5b 
1930	10	4	99 24 5b 
1940	10	3	99 31 6d 
1940	0	2	91 56 64 
2000	60	4	89 24 40 
2020	20	3	89 31 40 
2030	10	5	83 3a 40 
2070	40	5	93 3b 34 
2270	200	2	81 56 40 
2270	0	1	82 2b 40 
2280	10	3	99 2a 5b 
2290	10	5	83 3b 40 
2360	70	3	89 2a 40 
2400	40	5	93 3b 52 
2400	0	4	99 26 6d 
2400	0	3	99 2a 5b 
2400	0	2	91 56 64 
2400	0	1	92 2b 5b 
2470	70	4	89 26 40 
2480	10	3	89 2a 40 
2620	140	2	81 56 40 
2700	80	2	91 53 64 
2720	20	4	99 24 52 
2730	10	5	83 3b 40 
2750	20	1	82 2b 40 
2760	10	3	99 2c 52 
2790	30	4	89 24 40 
2800	10	2	91 52 5b 
2810	10	2	81 53 40 
2840	30	3	89 2c 40 
2880	40	5	93 3c 52 
2880	0	4	99 24 49 
2880	0	3	99 2a 52 
2880	0	1	92 2d 5b 
2900	20	2	91 4f 5b 
2910	10	2	81 52 40 
2950	40	4	89 24 40 
2960	10	3	89 2a 40 
3200	240	4	99 24 64 
3210	10	5	83 3c 40 
3230	20	2	81 4f 40 
3230	0	1	82 2d 40 
3240	10	3	99 2c 49 
3270	30	4	89 24 40 
3320	50	3	89 2c 40 
3360	40	5	93 3c 52 
3360	0	4	99 26 64 
3360	0	3	99 2a 49 
3360	0	1	92 2d 5b 
3430	70	4	89 26 40 
3440	10	3	89 2a 40 
3680	240	4	99 24 5b 
3690	10	5	83 3c 40 
3710	20	1	82 2d 40 
3720	10	3	99 2a 52 
3720	0	2	91 4d 5b 
3750	30	4	89 24 40 
3800	50	3	89 2a 40 
3830	30	2	81 4d 40 
3840	10	5	93 3d 5b 
3840	0	4	99 24 49 
3840	0	3	99 2a 5b 
3840	0	2	91 4e 64 
3840	0	1	92 2e 64 
3875	35	2	81 4e 40 
3880	5	2	91 4f 5b 
3910	30	4	89 24 40 
3920	10	3	89 2a 40 
4060	140	5	83 3d 40 
4100	40	2	81 4f 40 
4160	60	5	93 3b 1b 
4160	0	4	99 24 64 
4190	30	1	82 2e 40 
4200	10	3	99 2c 64 
4200	0	2	91 4d 49 
4230	30	4	89 24 40 
4270	40	5	83 3b 40 
4280	10	3	89 2c 40 
4310	30	2	81 4d 40 
4320	10	5	93 3d 5b 
4320	0	4	99 26 64 
4320	0	3	99 2a 5b 
4320	0	2	91 4e 64 
4320	0	1	92 2e 5b 
4355	35	2	81 4e 40 
4360	5	2	91 4f 5b 
4390	30	4	89 26 40 
4400	10	3	89 2a 40 
4530	130	1	82 2e 40 
4540	10	5	83 3d 40 
4580	40	2	81 4f 40 
4640	60	5	93 3e 52 
4640	0	4	99 24 5b 
4640	0	2	91 4d 34 
4640	0	1	92 2f 5b 
4680	40	3	99 2c 5b 
4710	30	4	89 24 40 
4720	10	4	99 26 52 
4750	30	2	81 4d 40 
4760	10	3	89 2c 40 
4790	30	4	89 26 40 
4800	10	4	99 26 6d 
4800	0	3	99 2a 5b 
4800	0	2	91 4a 52 
4870	70	4	89 26 40 
4880	10	3	89 2a 40 
5120	240	4	99 26 6d 
5120	0	2	91 4c 5b 
5130	10	2	81 4a 40 
5130	0	1	82 2f 40 
5160	30	3	99 2c 64 
5190	30	4	89 26 40 
5230	40	5	83 3e 40 
5230	0	2	81 4c 40 
5240	10	3	89 2c 40 
5280	40	5	93 3e 5b 
5280	0	3	99 2a 5b 
5280	0	2	91 4a 6d 
5280	0	1	92 2f 52 
5360	80	3	89 2a 40 
5600	240	4	99 26 6d 
5600	0	2	91 48 49 
5610	10	5	83 3e 40 
5610	0	2	81 4a 40 
5630	20	1	82 2f 40 
5640	10	3	99 2a 5b 
5670	30	4	89 26 40 
5710	40	2	81 48 40 
5720	10	3	89 2a 40 
5760	40	5	93 3f 5b 
5760	0	4	99 24 5b 
5760	0	3	99 31 5b 
5760	0	1	92 30 52 
5780	20	2	91 4c 64 
5795	15	5	83 3f 40 
5800	5	5	93 40 52 
5830	30	4	89 24 40 
5840	10	3	89 31 40 
6000	160	2	81 4c 40 
6040	40	1	82 30 40 
6100	60	5	83 40 40 
6100	0	2	91 48 64 
6120	20	5	93 3c 24 
6120	0	4	99 24 64 
6120	0	3	99 2c 49 
6190	70	4	89 24 40 
6200	10	3	89 2c 40 
6230	30	5	83 3c 40 
6240	10	5	93 40 5b 
6240	0	4	99 26 6d 
6240	0	3	99 2a 49 
6240	0	1	92 30 5b 
6310	70	4	89 26 40 
6320	10	3	89 2a 40 
6320	0	2	81 48 40 
6570	250	5	83 40 40 
6590	20	1	82 30 40 
6600	10	5	93 3c 30 
6600	0	4	99 24 64 
6600	0	3	99 2c 5b 
6600	0	2	91 43 5b 
6670	70	4	89 24 40 
6680	10	3	89 2c 40 
6710	30	5	83 3c 40 
6710	0	2	81 43 40 
6720	10	5	93 42 5b 
6720	0	4	99 26 6d 
6720	0	3	99 2c 64 
6720	0	1	92 32 5b 
6740	20	2	91 46 64 
6790	50	4	89 26 40 
6800	10	3	89 2c 40 
6880	80	4	99 26 5b 
6950	70	4	89 26 40 
7000	50	1	82 32 40 
7040	40	4	99 26 6d 
7050	10	5	83 42 40 
7070	20	2	81 46 40 
7080	10	3	99 2c 52 
7110	30	4	89 26 40 
7160	50	3	89 2c 40 
7200	40	5	93 42 64 
7200	0	4	99 26 6d 
7200	0	3	99 2a 5b 
7200	0	1	92 32 5b 
7220	20	2	91 47 64 
7270	50	4	89 26 40 
7280	10	3	89 2a 40 
7410	130	1	82 32 40 
7420	10	5	83 42 40 
7440	20	2	81 47 40 
7520	80	4	99 24 5b 
7520	0	3	99 31 6d 
7520	0	2	91 43 5b 
7520	0	1	92 2b 64 
7560	40	5	93 43 52 
7590	30	4	89 24 40 
7590	0	4	ff 2f 0 
7600	10	3	89 31 40 
7600	0	3	ff 2f 0 
7850	250	2	81 43 40 
7850	0	2	ff 2f 0 
8000	150	5	83 43 40 
8010	10	1	82 2b 40 
8160	150	6	90 42 38 
8160	0	5	93 46 38 
8160	0	1	92 2c 40 
8380	220	6	80 42 40 
8380	0	5	83 46 40 
8440	60	1	82 2c 40 
8480	40	1	92 2b 38 
8520	40	6	90 41 38 
8520	0	5	93 45 38 
9770	1250	1	82 2b 40 
9770	0	1	ff 2f 0 
9810	40	6	80 41 40 
9810	0	5	83 45 40 
9810	0	6	ff 2f 0 
9810	0	5	ff 2f 0 
