TPQ: 96
TRACKS: 14
0	0	0	ff 3 f 4a 6f 68 6e 6e 79 20 53 63 68 6d 6f 6b 65 72 
0	0	0	ff 2 32 43 6f 70 79 72 69 67 68 74 20 28 43 29 20 32 30 30 38 20 28 41 75 67 20 39 29 20 62 79 20 42 65 6e 6a 61 6d 69 6e 20 52 6f 62 65 72 74 20 54 75 62 62 
0	0	0	ff 1 15 41 20 44 65 73 63 72 69 6f 74 69 76 65 20 43 68 6f 72 75 73 a 
0	0	0	ff 1 3f 48 61 72 6d 6f 6e 69 7a 65 64 20 61 6e 64 20 41 72 72 61 6e 67 65 64 20 62 79 20 42 65 6e 6a 61 6d 69 6e 20 46 72 61 6e 6b 6c 69 6e 20 52 69 78 20 28 31 31 20 41 70 72 20 31 38 36 33 29 a 
0	0	0	ff 1 1a 66 6f 72 20 47 65 6e 65 72 61 6c 20 4d 49 44 49 20 70 6c 61 79 62 61 63 6b a 
0	0	0	ff 21 1 0 
0	0	0	ff 58 4 1 2 18 8 
0	0	0	ff 59 2 fd 0 
0	0	0	ff 51 3 7 a1 20 
0	0	1	ff 21 1 0 
0	0	1	ff 3 7 53 6f 70 72 61 6e 6f 
0	0	2	ff 21 1 0 
0	0	2	ff 3 4 41 6c 74 6f 
0	0	3	ff 21 1 0 
0	0	3	ff 3 5 54 65 6e 6f 72 
0	0	4	ff 21 1 0 
0	0	4	ff 3 4 42 61 73 73 
0	0	5	ff 21 1 0 
0	0	5	ff 3 1f 22 4a 6f 68 6e 6e 79 20 53 63 68 6d 6f 6b 65 72 22 20 28 31 31 20 41 70 72 20 31 38 36 33 29 
0	0	6	ff 21 1 0 
0	0	6	ff 3 14 41 20 44 65 73 63 72 69 70 74 69 76 65 20 43 68 6f 72 75 73 
0	0	7	ff 21 1 0 
0	0	7	ff 3 17 48 61 72 6d 6f 6e 69 7a 65 64 20 61 6e 64 20 41 72 72 61 6e 67 65 64 
0	0	8	ff 21 1 0 
0	0	8	ff 3 18 62 79 20 42 65 6e 6a 61 6d 69 6e 20 46 72 61 6e 6b 6c 69 6e 20 52 69 78 
0	0	9	ff 21 1 0 
0	0	9	ff 3 19 53 65 71 75 77 6e 63 65 64 20 6f 6e 20 39 20 41 70 72 69 6c 20 32 30 30 38 
0	0	10	ff 21 1 0 
0	0	10	ff 3 17 62 79 20 42 65 6e 6a 61 6d 69 6e 20 52 6f 62 65 72 74 20 54 75 62 62 
0	0	11	ff 21 1 0 
0	0	11	ff 3 12 62 72 74 75 62 62 40 70 64 6d 75 73 69 63 2e 6f 72 67 
0	0	12	ff 21 1 0 
0	0	12	ff 3 f 77 77 77 2e 70 64 6d 75 73 69 63 2e 6f 72 67 
0	0	13	ff 21 1 0 
0	0	13	ff 3 19 66 6f 72 20 47 65 6e 65 72 61 6c 20 4d 49 44 49 20 70 6c 61 79 62 61 63 6b 
0	0	0	f0 7e 7f 9 1 f7 
0	0	13	ff 2f 0 
0	0	12	ff 2f 0 
0	0	11	ff 2f 0 
0	0	10	ff 2f 0 
0	0	9	ff 2f 0 
0	0	8	ff 2f 0 
0	0	7	ff 2f 0 
0	0	6	ff 2f 0 
0	0	5	ff 2f 0 
98	98	1	c0 40 
99	1	1	b0 7 5a 
99	0	1	b0 a 0 
103	4	2	c1 41 
104	1	2	b1 7 5a 
104	0	2	b1 a 2a 
108	4	3	c2 42 
109	1	3	b2 7 5a 
109	0	3	b2 a 54 
113	4	4	c3 43 
114	1	4	b3 7 5a 
114	0	4	b3 a 7f 
288	174	1	b0 5b 50 
289	1	2	b1 5b 50 
290	1	3	b2 5b 50 
291	1	4	b3 5b 50 
300	9	1	b0 5d 3c 
301	1	2	b1 5d 3c 
302	1	3	b2 5d 30 
303	1	4	b3 5d 18 
312	9	1	b0 1 30 
313	1	2	b1 1 24 
314	1	3	b2 1 18 
315	1	4	b3 1 c 
384	69	4	93 33 66 
384	0	3	92 37 72 
384	0	2	91 3f 66 
384	0	1	90 3f 72 
425	41	3	92 37 0 
425	0	1	90 3f 0 
431	6	4	93 33 0 
431	0	2	91 3f 0 
432	1	4	93 33 63 
432	0	3	92 38 6f 
432	0	2	91 3f 63 
432	0	1	90 41 6f 
474	42	3	92 38 0 
474	0	1	90 41 0 
480	6	0	ff 58 4 3 2 18 8 
480	0	4	93 33 0 
480	0	2	91 3f 0 
480	0	4	93 33 74 
480	0	3	92 3a 74 
480	0	2	91 3f 74 
480	0	1	90 43 74 
576	96	4	93 33 0 
576	0	3	92 3a 0 
576	0	2	91 3f 0 
576	0	1	90 43 0 
576	0	4	93 33 70 
576	0	3	92 3a 70 
576	0	2	91 3f 70 
576	0	1	90 43 70 
672	96	4	93 33 0 
672	0	3	92 3a 0 
672	0	2	91 3f 0 
672	0	1	90 43 0 
672	0	4	93 33 66 
672	0	3	92 3a 66 
672	0	2	91 3f 72 
672	0	1	90 43 72 
714	42	2	91 3f 0 
714	0	1	90 43 0 
720	6	4	93 33 0 
720	0	3	92 3a 0 
720	0	4	93 33 63 
720	0	3	92 3a 63 
720	0	2	91 41 6f 
720	0	1	90 44 6f 
762	42	2	91 41 0 
762	0	1	90 44 0 
768	6	4	93 33 0 
768	0	3	92 3a 0 
768	0	4	93 33 74 
768	0	3	92 3a 74 
768	0	2	91 43 74 
768	0	1	90 46 74 
858	90	3	92 3a 0 
864	6	4	93 33 0 
864	0	2	91 43 0 
864	0	1	90 46 0 
864	0	4	93 33 70 
864	0	3	92 3f 70 
864	0	2	91 43 70 
864	0	1	90 46 70 
960	96	4	93 33 0 
960	0	3	92 3f 0 
960	0	2	91 43 0 
960	0	1	90 46 0 
960	0	4	93 33 66 
960	0	3	92 3f 66 
960	0	2	91 43 66 
960	0	1	90 46 66 
1008	48	4	93 33 0 
1008	0	3	92 3f 0 
1008	0	2	91 43 0 
1008	0	1	90 46 0 
1008	0	4	93 33 63 
1008	0	3	92 3f 63 
1008	0	2	91 43 63 
1008	0	1	90 46 63 
1055	47	4	93 33 0 
1055	0	2	91 43 0 
1055	0	1	90 46 0 
1056	1	3	92 3f 0 
1056	0	4	93 2c 74 
1056	0	3	92 3f 74 
1056	0	2	91 44 74 
1056	0	1	90 48 74 
1146	90	2	91 44 0 
1146	0	1	90 48 0 
1152	6	4	93 2c 0 
1152	0	3	92 3f 0 
1152	0	4	93 2c 70 
1152	0	3	92 3f 70 
1152	0	2	91 48 70 
1152	0	1	90 4b 70 
1242	90	2	91 48 0 
1242	0	1	90 4b 0 
1248	6	4	93 2c 0 
1248	0	3	92 3f 0 
1248	0	4	93 2c 72 
1248	0	3	92 3f 66 
1248	0	2	91 46 72 
1248	0	1	90 4a 72 
1290	42	4	93 2c 0 
1290	0	2	91 46 0 
1290	0	1	90 4a 0 
1296	6	3	92 3f 0 
1296	0	4	93 30 6f 
1296	0	3	92 3f 63 
1296	0	2	91 44 6f 
1296	0	1	90 48 6f 
1338	42	4	93 30 0 
1344	6	3	92 3f 0 
1344	0	2	91 44 0 
1344	0	1	90 48 0 
1344	0	4	93 33 74 
1344	0	3	92 3f 74 
1344	0	2	91 44 74 
1344	0	1	90 48 74 
1434	90	2	91 44 0 
1434	0	1	90 48 0 
1440	6	4	93 33 0 
1440	0	3	92 3f 0 
1440	0	4	93 33 70 
1440	0	3	92 3f 70 
1440	0	2	91 43 70 
1440	0	1	90 46 70 
1530	90	3	92 3f 0 
1530	0	2	91 43 0 
1530	0	1	90 46 0 
1536	6	4	93 33 0 
1536	0	4	93 33 66 
1536	0	3	92 37 72 
1536	0	2	91 3f 66 
1536	0	1	90 3f 72 
1578	42	3	92 37 0 
1578	0	1	90 3f 0 
1584	6	4	93 33 0 
1584	0	2	91 3f 0 
1584	0	4	93 33 63 
1584	0	3	92 38 6f 
1584	0	2	91 3f 63 
1584	0	1	90 41 6f 
1626	42	3	92 38 0 
1626	0	1	90 41 0 
1632	6	4	93 33 0 
1632	0	2	91 3f 0 
1632	0	4	93 33 74 
1632	0	3	92 3a 74 
1632	0	2	91 3f 74 
1632	0	1	90 43 74 
1770	138	2	91 3f 0 
1770	0	1	90 43 0 
1776	6	4	93 33 0 
1776	0	3	92 3a 0 
1776	0	4	93 33 6f 
1776	0	3	92 3a 6f 
1776	0	2	91 43 6f 
1776	0	1	90 46 6f 
1818	42	4	93 33 0 
1818	0	2	91 43 0 
1818	0	1	90 46 0 
1824	6	3	92 3a 0 
1824	0	4	93 2e 72 
1824	0	3	92 3a 72 
1824	0	2	91 41 72 
1824	0	1	90 44 72 
1866	42	3	92 3a 0 
1866	0	2	91 41 0 
1866	0	1	90 44 0 
1872	6	4	93 2e 0 
1872	0	4	93 2e 6f 
1872	0	3	92 38 6f 
1872	0	2	91 3e 6f 
1872	0	1	90 41 6f 
1920	48	0	ff 58 4 2 2 18 8 
1920	0	4	93 2e 0 
1920	0	3	92 38 0 
1920	0	2	91 3e 0 
1920	0	1	90 41 0 
1920	0	4	93 2e 68 
1920	0	3	92 38 74 
1920	0	2	91 3e 74 
1920	0	1	90 41 74 
2010	90	3	92 38 0 
2010	0	2	91 3e 0 
2010	0	1	90 41 0 
2015	5	4	93 2e 0 
2016	1	4	93 33 66 
2016	0	3	92 37 72 
2016	0	2	91 3f 72 
2016	0	1	90 3f 72 
2106	90	3	92 37 0 
2106	0	1	90 3f 0 
2112	6	0	ff 58 4 3 2 18 8 
2112	0	4	93 33 0 
2112	0	2	91 3f 0 
2112	0	4	93 33 68 
2112	0	3	92 3a 68 
2112	0	2	91 3f 68 
2112	0	1	90 43 68 
2136	24	4	93 33 0 
2136	0	3	92 3a 0 
2136	0	2	91 3f 0 
2136	0	1	90 43 0 
2136	0	4	93 33 5b 
2136	0	3	92 3a 5b 
2136	0	2	91 3f 5b 
2136	0	1	90 43 5b 
2160	24	4	93 33 0 
2160	0	3	92 3a 0 
2160	0	2	91 3f 0 
2160	0	1	90 43 0 
2160	0	4	93 33 5b 
2160	0	3	92 3a 5b 
2160	0	2	91 3f 5b 
2160	0	1	90 43 5b 
2184	24	4	93 33 0 
2184	0	3	92 3a 0 
2184	0	2	91 3f 0 
2184	0	1	90 43 0 
2184	0	4	93 33 5b 
2184	0	3	92 3a 5b 
2184	0	2	91 3f 5b 
2184	0	1	90 43 5b 
2208	24	4	93 33 0 
2208	0	3	92 3a 0 
2208	0	2	91 3f 0 
2208	0	1	90 43 0 
2208	0	4	93 33 68 
2208	0	3	92 3a 68 
2208	0	2	91 3f 68 
2208	0	1	90 43 68 
2250	42	2	91 3f 0 
2250	0	1	90 43 0 
2256	6	4	93 33 0 
2256	0	3	92 3a 0 
2256	0	4	93 33 67 
2256	0	3	92 3a 67 
2256	0	2	91 43 67 
2256	0	1	90 46 67 
2298	42	4	93 33 0 
2298	0	2	91 43 0 
2298	0	1	90 46 0 
2304	6	3	92 3a 0 
2304	0	4	93 2e 6a 
2304	0	3	92 3a 6a 
2304	0	2	91 41 6a 
2304	0	1	90 44 6a 
2346	42	3	92 3a 0 
2346	0	2	91 41 0 
2346	0	1	90 44 0 
2352	6	4	93 2e 0 
2352	0	4	93 2e 67 
2352	0	3	92 38 67 
2352	0	2	91 3e 67 
2352	0	1	90 41 67 
2400	48	0	ff 58 4 2 2 18 8 
2400	0	4	93 2e 0 
2400	0	3	92 38 0 
2400	0	2	91 3e 0 
2400	0	1	90 41 0 
2400	0	4	93 2e 60 
2400	0	3	92 38 6c 
2400	0	2	91 3e 6c 
2400	0	1	90 41 6c 
2490	90	3	92 38 0 
2490	0	2	91 3e 0 
2490	0	1	90 41 0 
2495	5	4	93 2e 0 
2496	1	4	93 33 5e 
2496	0	3	92 37 6a 
2496	0	2	91 3f 6a 
2496	0	1	90 3f 6a 
2586	90	3	92 37 0 
2586	0	2	91 3f 0 
2586	0	1	90 3f 0 
2588	2	1	c0 38 
2589	1	2	c1 3c 
2590	1	3	c2 39 
2591	1	4	c3 3a 
2591	0	4	93 33 0 
2592	1	0	ff 58 4 1 2 18 8 
2595	3	4	93 33 66 
2595	0	3	92 37 72 
2595	0	2	91 3f 66 
2595	0	1	90 3f 72 
2633	38	3	92 37 0 
2633	0	1	90 3f 0 
2639	6	4	93 33 0 
2639	0	2	91 3f 0 
2640	1	4	93 33 63 
2640	0	3	92 38 6f 
2640	0	2	91 3f 63 
2640	0	1	90 41 6f 
2682	42	3	92 38 0 
2682	0	1	90 41 0 
2688	6	0	ff 58 4 3 2 18 8 
2688	0	4	93 33 0 
2688	0	2	91 3f 0 
2688	0	4	93 33 74 
2688	0	3	92 3a 74 
2688	0	2	91 3f 74 
2688	0	1	90 43 74 
2784	96	4	93 33 0 
2784	0	3	92 3a 0 
2784	0	2	91 3f 0 
2784	0	1	90 43 0 
2784	0	4	93 33 70 
2784	0	3	92 3a 70 
2784	0	2	91 3f 70 
2784	0	1	90 43 70 
2880	96	4	93 33 0 
2880	0	3	92 3a 0 
2880	0	2	91 3f 0 
2880	0	1	90 43 0 
2880	0	4	93 33 66 
2880	0	3	92 3a 66 
2880	0	2	91 3f 72 
2880	0	1	90 43 72 
2922	42	2	91 3f 0 
2922	0	1	90 43 0 
2928	6	4	93 33 0 
2928	0	3	92 3a 0 
2928	0	4	93 33 63 
2928	0	3	92 3a 63 
2928	0	2	91 41 6f 
2928	0	1	90 44 6f 
2970	42	2	91 41 0 
2970	0	1	90 44 0 
2976	6	4	93 33 0 
2976	0	3	92 3a 0 
2976	0	4	93 33 74 
2976	0	3	92 3a 74 
2976	0	2	91 43 74 
2976	0	1	90 46 74 
3066	90	3	92 3a 0 
3072	6	4	93 33 0 
3072	0	2	91 43 0 
3072	0	1	90 46 0 
3072	0	4	93 33 70 
3072	0	3	92 3f 70 
3072	0	2	91 43 70 
3072	0	1	90 46 70 
3168	96	4	93 33 0 
3168	0	3	92 3f 0 
3168	0	2	91 43 0 
3168	0	1	90 46 0 
3168	0	4	93 33 66 
3168	0	3	92 3f 66 
3168	0	2	91 43 66 
3168	0	1	90 46 66 
3216	48	4	93 33 0 
3216	0	3	92 3f 0 
3216	0	2	91 43 0 
3216	0	1	90 46 0 
3216	0	4	93 33 63 
3216	0	3	92 3f 63 
3216	0	2	91 43 63 
3216	0	1	90 46 63 
3263	47	4	93 33 0 
3263	0	2	91 43 0 
3263	0	1	90 46 0 
3264	1	3	92 3f 0 
3264	0	4	93 2c 74 
3264	0	3	92 3f 74 
3264	0	2	91 44 74 
3264	0	1	90 48 74 
3354	90	2	91 44 0 
3354	0	1	90 48 0 
3360	6	4	93 2c 0 
3360	0	3	92 3f 0 
3360	0	4	93 2c 70 
3360	0	3	92 3f 70 
3360	0	2	91 48 70 
3360	0	1	90 4b 70 
3450	90	2	91 48 0 
3450	0	1	90 4b 0 
3456	6	4	93 2c 0 
3456	0	3	92 3f 0 
3456	0	4	93 2c 72 
3456	0	3	92 3f 66 
3456	0	2	91 46 72 
3456	0	1	90 4a 72 
3498	42	4	93 2c 0 
3498	0	2	91 46 0 
3498	0	1	90 4a 0 
3504	6	3	92 3f 0 
3504	0	4	93 30 6f 
3504	0	3	92 3f 63 
3504	0	2	91 44 6f 
3504	0	1	90 48 6f 
3546	42	4	93 30 0 
3552	6	3	92 3f 0 
3552	0	2	91 44 0 
3552	0	1	90 48 0 
3552	0	4	93 33 74 
3552	0	3	92 3f 74 
3552	0	2	91 44 74 
3552	0	1	90 48 74 
3642	90	2	91 44 0 
3642	0	1	90 48 0 
3648	6	4	93 33 0 
3648	0	3	92 3f 0 
3648	0	4	93 33 70 
3648	0	3	92 3f 70 
3648	0	2	91 43 70 
3648	0	1	90 46 70 
3738	90	3	92 3f 0 
3738	0	2	91 43 0 
3738	0	1	90 46 0 
3744	6	4	93 33 0 
3744	0	4	93 33 66 
3744	0	3	92 37 72 
3744	0	2	91 3f 66 
3744	0	1	90 3f 72 
3786	42	3	92 37 0 
3786	0	1	90 3f 0 
3792	6	4	93 33 0 
3792	0	2	91 3f 0 
3792	0	4	93 33 63 
3792	0	3	92 38 6f 
3792	0	2	91 3f 63 
3792	0	1	90 41 6f 
3834	42	3	92 38 0 
3834	0	1	90 41 0 
3840	6	4	93 33 0 
3840	0	2	91 3f 0 
3840	0	4	93 33 74 
3840	0	3	92 3a 74 
3840	0	2	91 3f 74 
3840	0	1	90 43 74 
3978	138	2	91 3f 0 
3978	0	1	90 43 0 
3984	6	4	93 33 0 
3984	0	3	92 3a 0 
3984	0	4	93 33 6f 
3984	0	3	92 3a 6f 
3984	0	2	91 43 6f 
3984	0	1	90 46 6f 
4026	42	4	93 33 0 
4026	0	2	91 43 0 
4026	0	1	90 46 0 
4032	6	3	92 3a 0 
4032	0	4	93 2e 72 
4032	0	3	92 3a 72 
4032	0	2	91 41 72 
4032	0	1	90 44 72 
4074	42	3	92 3a 0 
4074	0	2	91 41 0 
4074	0	1	90 44 0 
4080	6	4	93 2e 0 
4080	0	4	93 2e 6f 
4080	0	3	92 38 6f 
4080	0	2	91 3e 6f 
4080	0	1	90 41 6f 
4128	48	0	ff 58 4 2 2 18 8 
4128	0	4	93 2e 0 
4128	0	3	92 38 0 
4128	0	2	91 3e 0 
4128	0	1	90 41 0 
4128	0	4	93 2e 68 
4128	0	3	92 38 74 
4128	0	2	91 3e 74 
4128	0	1	90 41 74 
4218	90	3	92 38 0 
4218	0	2	91 3e 0 
4218	0	1	90 41 0 
4223	5	4	93 2e 0 
4224	1	4	93 33 66 
4224	0	3	92 37 72 
4224	0	2	91 3f 72 
4224	0	1	90 3f 72 
4314	90	3	92 37 0 
4314	0	1	90 3f 0 
4320	6	0	ff 58 4 3 2 18 8 
4320	0	4	93 33 0 
4320	0	2	91 3f 0 
4320	0	4	93 33 68 
4320	0	3	92 3a 68 
4320	0	2	91 3f 68 
4320	0	1	90 43 68 
4344	24	4	93 33 0 
4344	0	3	92 3a 0 
4344	0	2	91 3f 0 
4344	0	1	90 43 0 
4344	0	4	93 33 53 
4344	0	3	92 3a 53 
4344	0	2	91 3f 53 
4344	0	1	90 43 53 
4368	24	4	93 33 0 
4368	0	3	92 3a 0 
4368	0	2	91 3f 0 
4368	0	1	90 43 0 
4368	0	4	93 33 53 
4368	0	3	92 3a 53 
4368	0	2	91 3f 53 
4368	0	1	90 43 53 
4392	24	4	93 33 0 
4392	0	3	92 3a 0 
4392	0	2	91 3f 0 
4392	0	1	90 43 0 
4392	0	4	93 33 53 
4392	0	3	92 3a 53 
4392	0	2	91 3f 53 
4392	0	1	90 43 53 
4416	24	4	93 33 0 
4416	0	3	92 3a 0 
4416	0	2	91 3f 0 
4416	0	1	90 43 0 
4416	0	4	93 33 60 
4416	0	3	92 3a 60 
4416	0	2	91 3f 60 
4416	0	1	90 43 60 
4458	42	2	91 3f 0 
4458	0	1	90 43 0 
4464	6	4	93 33 0 
4464	0	3	92 3a 0 
4464	0	4	93 33 5f 
4464	0	3	92 3a 5f 
4464	0	2	91 43 5f 
4464	0	1	90 46 5f 
4506	42	4	93 33 0 
4506	0	2	91 43 0 
4506	0	1	90 46 0 
4512	6	3	92 3a 0 
4512	0	4	93 2e 62 
4512	0	3	92 3a 62 
4512	0	2	91 41 62 
4512	0	1	90 44 62 
4554	42	3	92 3a 0 
4554	0	2	91 41 0 
4554	0	1	90 44 0 
4560	6	4	93 2e 0 
4560	0	4	93 2e 5f 
4560	0	3	92 38 5f 
4560	0	2	91 3e 5f 
4560	0	1	90 43 5f 
4602	42	1	90 43 0 
4608	6	0	ff 58 4 2 2 18 8 
4608	0	4	93 2e 0 
4608	0	3	92 38 0 
4608	0	2	91 3e 0 
4608	0	4	93 2e 58 
4608	0	3	92 38 64 
4608	0	2	91 3e 64 
4608	0	1	90 41 64 
4698	90	3	92 38 0 
4698	0	2	91 3e 0 
4698	0	1	90 41 0 
4703	5	4	93 2e 0 
4704	1	4	93 33 56 
4704	0	3	92 37 62 
4704	0	2	91 3f 62 
4704	0	1	90 3f 62 
4794	90	3	92 37 0 
4794	0	1	90 3f 0 
4800	6	0	ff 58 4 3 2 18 8 
4800	0	4	93 33 0 
4800	0	2	91 3f 0 
4800	0	4	93 33 58 
4800	0	3	92 3a 58 
4800	0	2	91 3f 58 
4800	0	1	90 43 58 
4824	24	4	93 33 0 
4824	0	3	92 3a 0 
4824	0	2	91 3f 0 
4824	0	1	90 43 0 
4824	0	4	93 33 5b 
4824	0	3	92 3a 5b 
4824	0	2	91 3f 5b 
4824	0	1	90 43 5b 
4848	24	4	93 33 0 
4848	0	3	92 3a 0 
4848	0	2	91 3f 0 
4848	0	1	90 43 0 
4848	0	4	93 33 5b 
4848	0	3	92 3a 5b 
4848	0	2	91 3f 5b 
4848	0	1	90 43 5b 
4872	24	4	93 33 0 
4872	0	3	92 3a 0 
4872	0	2	91 3f 0 
4872	0	1	90 43 0 
4872	0	4	93 33 5b 
4872	0	3	92 3a 5b 
4872	0	2	91 3f 5b 
4872	0	1	90 43 5b 
4896	24	4	93 33 0 
4896	0	3	92 3a 0 
4896	0	2	91 3f 0 
4896	0	1	90 43 0 
4896	0	4	93 33 68 
4896	0	3	92 3a 68 
4896	0	2	91 3f 68 
4896	0	1	90 43 68 
4938	42	2	91 3f 0 
4938	0	1	90 43 0 
4944	6	4	93 33 0 
4944	0	3	92 3a 0 
4944	0	4	93 33 67 
4944	0	3	92 3a 67 
4944	0	2	91 43 67 
4944	0	1	90 46 67 
4986	42	4	93 33 0 
4986	0	2	91 43 0 
4986	0	1	90 46 0 
4992	6	3	92 3a 0 
4992	0	4	93 2e 6a 
4992	0	3	92 3a 6a 
4992	0	2	91 41 6a 
4992	0	1	90 44 6a 
5034	42	3	92 3a 0 
5034	0	2	91 41 0 
5034	0	1	90 44 0 
5040	6	4	93 2e 0 
5040	0	4	93 2e 67 
5040	0	3	92 38 67 
5040	0	2	91 3e 67 
5040	0	1	90 41 67 
5088	48	0	ff 58 4 2 2 18 8 
5088	0	4	93 2e 0 
5088	0	3	92 38 0 
5088	0	2	91 3e 0 
5088	0	1	90 41 0 
5088	0	4	93 2e 6c 
5088	0	3	92 38 6c 
5088	0	2	91 3e 6c 
5088	0	1	90 41 6c 
5178	90	4	93 2e 0 
5178	0	3	92 38 0 
5178	0	2	91 3e 0 
5178	0	1	90 41 0 
5184	6	4	93 33 6a 
5184	0	3	92 37 6a 
5184	0	2	91 3f 6a 
5184	0	1	90 3f 6a 
5226	42	4	93 33 0 
5226	0	3	92 37 0 
5226	0	2	91 3f 0 
5226	0	1	90 3f 0 
5232	6	4	93 2e 67 
5232	0	3	92 2e 67 
5232	0	2	91 3a 67 
5232	0	1	90 3a 67 
5274	42	4	93 2e 0 
5274	0	3	92 2e 0 
5274	0	2	91 3a 0 
5274	0	1	90 3a 0 
5280	6	4	93 33 60 
5280	0	3	92 3a 60 
5280	0	2	91 3f 60 
5280	0	1	90 43 60 
5304	24	4	93 33 0 
5304	0	3	92 3a 0 
5304	0	2	91 3f 0 
5304	0	1	90 43 0 
5304	0	4	93 33 5b 
5304	0	3	92 3a 5b 
5304	0	2	91 3f 5b 
5304	0	1	90 43 5b 
5328	24	4	93 33 0 
5328	0	3	92 3a 0 
5328	0	2	91 3f 0 
5328	0	1	90 43 0 
5328	0	4	93 33 5b 
5328	0	3	92 3a 5b 
5328	0	2	91 3f 5b 
5328	0	1	90 43 5b 
5352	24	4	93 33 0 
5352	0	3	92 3a 0 
5352	0	2	91 3f 0 
5352	0	1	90 43 0 
5352	0	4	93 33 5b 
5352	0	3	92 3a 5b 
5352	0	2	91 3f 5b 
5352	0	1	90 43 5b 
5376	24	4	93 33 0 
5376	0	3	92 3a 0 
5376	0	2	91 3f 0 
5376	0	1	90 43 0 
5376	0	4	93 33 6a 
5376	0	3	92 3a 6a 
5376	0	2	91 3f 6a 
5376	0	1	90 43 6a 
5418	42	4	93 33 0 
5418	0	3	92 3a 0 
5418	0	2	91 3f 0 
5418	0	1	90 43 0 
5424	6	4	93 2e 67 
5424	0	3	92 2e 67 
5424	0	2	91 3a 67 
5424	0	1	90 3a 67 
5466	42	4	93 2e 0 
5466	0	3	92 2e 0 
5466	0	2	91 3a 0 
5466	0	1	90 3a 0 
5472	6	0	ff 58 4 3 2 18 8 
5472	0	4	93 33 60 
5472	0	3	92 3a 60 
5472	0	2	91 3f 60 
5472	0	1	90 43 60 
5496	24	4	93 33 0 
5496	0	3	92 3a 0 
5496	0	2	91 3f 0 
5496	0	1	90 43 0 
5496	0	4	93 33 53 
5496	0	3	92 3a 53 
5496	0	2	91 3f 53 
5496	0	1	90 43 53 
5520	24	4	93 33 0 
5520	0	3	92 3a 0 
5520	0	2	91 3f 0 
5520	0	1	90 43 0 
5520	0	4	93 33 53 
5520	0	3	92 3a 53 
5520	0	2	91 3f 53 
5520	0	1	90 43 53 
5544	24	4	93 33 0 
5544	0	3	92 3a 0 
5544	0	2	91 3f 0 
5544	0	1	90 43 0 
5544	0	4	93 33 53 
5544	0	3	92 3a 53 
5544	0	2	91 3f 53 
5544	0	1	90 43 53 
5568	24	4	93 33 0 
5568	0	3	92 3a 0 
5568	0	2	91 3f 0 
5568	0	1	90 43 0 
5568	0	4	93 33 60 
5568	0	3	92 3a 60 
5568	0	2	91 3f 60 
5568	0	1	90 43 60 
5610	42	2	91 3f 0 
5610	0	1	90 43 0 
5616	6	4	93 33 0 
5616	0	3	92 3a 0 
5616	0	4	93 33 5f 
5616	0	3	92 3a 5f 
5616	0	2	91 43 5f 
5616	0	1	90 46 5f 
5658	42	4	93 33 0 
5658	0	2	91 43 0 
5658	0	1	90 46 0 
5664	6	3	92 3a 0 
5664	0	4	93 2e 62 
5664	0	3	92 3a 62 
5664	0	2	91 41 62 
5664	0	1	90 44 62 
5706	42	3	92 3a 0 
5706	0	2	91 41 0 
5706	0	1	90 44 0 
5712	6	4	93 2e 0 
5712	0	4	93 2e 5f 
5712	0	3	92 38 5f 
5712	0	2	91 3e 5f 
5712	0	1	90 41 5f 
5760	48	0	ff 58 4 2 2 18 8 
5760	0	4	93 2e 0 
5760	0	3	92 38 0 
5760	0	2	91 3e 0 
5760	0	1	90 41 0 
5760	0	4	93 2e 58 
5760	0	3	92 38 64 
5760	0	2	91 3e 64 
5760	0	1	90 41 64 
5850	90	3	92 38 0 
5850	0	2	91 3e 0 
5850	0	1	90 41 0 
5855	5	4	93 2e 0 
5856	1	4	93 33 56 
5856	0	3	92 37 62 
5856	0	2	91 3f 62 
5856	0	1	90 3f 62 
5946	90	3	92 37 0 
5946	0	2	91 3f 0 
5946	0	1	90 3f 0 
5948	2	1	c0 28 
5949	1	2	c1 28 
5950	1	3	c2 29 
5951	1	4	c3 2a 
5951	0	4	93 33 0 
5952	1	0	ff 58 4 1 2 18 8 
5955	3	4	93 33 66 
5955	0	3	92 37 72 
5955	0	2	91 3f 66 
5955	0	1	90 3f 72 
5993	38	3	92 37 0 
5993	0	1	90 3f 0 
5999	6	4	93 33 0 
5999	0	2	91 3f 0 
6000	1	4	93 33 63 
6000	0	3	92 38 6f 
6000	0	2	91 3f 63 
6000	0	1	90 41 6f 
6042	42	3	92 38 0 
6042	0	1	90 41 0 
6048	6	0	ff 58 4 3 2 18 8 
6048	0	4	93 33 0 
6048	0	2	91 3f 0 
6048	0	4	93 33 74 
6048	0	3	92 3a 74 
6048	0	2	91 3f 74 
6048	0	1	90 43 74 
6144	96	4	93 33 0 
6144	0	3	92 3a 0 
6144	0	2	91 3f 0 
6144	0	1	90 43 0 
6144	0	4	93 33 70 
6144	0	3	92 3a 70 
6144	0	2	91 3f 70 
6144	0	1	90 43 70 
6240	96	4	93 33 0 
6240	0	3	92 3a 0 
6240	0	2	91 3f 0 
6240	0	1	90 43 0 
6240	0	4	93 33 66 
6240	0	3	92 3a 66 
6240	0	2	91 3f 72 
6240	0	1	90 43 72 
6282	42	2	91 3f 0 
6282	0	1	90 43 0 
6288	6	4	93 33 0 
6288	0	3	92 3a 0 
6288	0	4	93 33 63 
6288	0	3	92 3a 63 
6288	0	2	91 41 6f 
6288	0	1	90 44 6f 
6330	42	2	91 41 0 
6330	0	1	90 44 0 
6336	6	4	93 33 0 
6336	0	3	92 3a 0 
6336	0	4	93 33 74 
6336	0	3	92 3a 74 
6336	0	2	91 43 74 
6336	0	1	90 46 74 
6426	90	3	92 3a 0 
6432	6	4	93 33 0 
6432	0	2	91 43 0 
6432	0	1	90 46 0 
6432	0	4	93 33 70 
6432	0	3	92 3f 70 
6432	0	2	91 43 70 
6432	0	1	90 46 70 
6528	96	4	93 33 0 
6528	0	3	92 3f 0 
6528	0	2	91 43 0 
6528	0	1	90 46 0 
6528	0	4	93 33 66 
6528	0	3	92 3f 66 
6528	0	2	91 43 66 
6528	0	1	90 46 66 
6576	48	4	93 33 0 
6576	0	3	92 3f 0 
6576	0	2	91 43 0 
6576	0	1	90 46 0 
6576	0	4	93 33 63 
6576	0	3	92 3f 63 
6576	0	2	91 43 63 
6576	0	1	90 46 63 
6623	47	4	93 33 0 
6623	0	2	91 43 0 
6623	0	1	90 46 0 
6624	1	3	92 3f 0 
6624	0	4	93 2c 74 
6624	0	3	92 3f 74 
6624	0	2	91 44 74 
6624	0	1	90 48 74 
6714	90	2	91 44 0 
6714	0	1	90 48 0 
6720	6	4	93 2c 0 
6720	0	3	92 3f 0 
6720	0	4	93 2c 70 
6720	0	3	92 3f 70 
6720	0	2	91 48 70 
6720	0	1	90 4b 70 
6810	90	2	91 48 0 
6810	0	1	90 4b 0 
6816	6	4	93 2c 0 
6816	0	3	92 3f 0 
6816	0	4	93 2c 72 
6816	0	3	92 3f 66 
6816	0	2	91 46 72 
6816	0	1	90 4a 72 
6858	42	4	93 2c 0 
6858	0	2	91 46 0 
6858	0	1	90 4a 0 
6864	6	3	92 3f 0 
6864	0	4	93 30 6f 
6864	0	3	92 3f 63 
6864	0	2	91 44 6f 
6864	0	1	90 48 6f 
6906	42	4	93 30 0 
6912	6	3	92 3f 0 
6912	0	2	91 44 0 
6912	0	1	90 48 0 
6912	0	4	93 33 74 
6912	0	3	92 3f 74 
6912	0	2	91 44 74 
6912	0	1	90 48 74 
7002	90	2	91 44 0 
7002	0	1	90 48 0 
7008	6	4	93 33 0 
7008	0	3	92 3f 0 
7008	0	4	93 33 70 
7008	0	3	92 3f 70 
7008	0	2	91 43 70 
7008	0	1	90 46 70 
7098	90	3	92 3f 0 
7098	0	2	91 43 0 
7098	0	1	90 46 0 
7104	6	4	93 33 0 
7104	0	4	93 33 66 
7104	0	3	92 37 72 
7104	0	2	91 3f 66 
7104	0	1	90 3f 72 
7146	42	3	92 37 0 
7146	0	1	90 3f 0 
7152	6	4	93 33 0 
7152	0	2	91 3f 0 
7152	0	4	93 33 63 
7152	0	3	92 38 6f 
7152	0	2	91 3f 63 
7152	0	1	90 41 6f 
7194	42	3	92 38 0 
7194	0	1	90 41 0 
7200	6	4	93 33 0 
7200	0	2	91 3f 0 
7200	0	4	93 33 74 
7200	0	3	92 3a 74 
7200	0	2	91 3f 74 
7200	0	1	90 43 74 
7338	138	2	91 3f 0 
7338	0	1	90 43 0 
7344	6	4	93 33 0 
7344	0	3	92 3a 0 
7344	0	4	93 33 6f 
7344	0	3	92 3a 6f 
7344	0	2	91 43 6f 
7344	0	1	90 46 6f 
7386	42	4	93 33 0 
7386	0	2	91 43 0 
7386	0	1	90 46 0 
7392	6	3	92 3a 0 
7392	0	4	93 2e 72 
7392	0	3	92 3a 72 
7392	0	2	91 41 72 
7392	0	1	90 44 72 
7434	42	3	92 3a 0 
7434	0	2	91 41 0 
7434	0	1	90 44 0 
7440	6	4	93 2e 0 
7440	0	4	93 2e 6f 
7440	0	3	92 38 6f 
7440	0	2	91 3e 6f 
7440	0	1	90 41 6f 
7488	48	0	ff 58 4 2 2 18 8 
7488	0	4	93 2e 0 
7488	0	3	92 38 0 
7488	0	2	91 3e 0 
7488	0	1	90 41 0 
7488	0	4	93 2e 68 
7488	0	3	92 38 74 
7488	0	2	91 3e 74 
7488	0	1	90 41 74 
7578	90	3	92 38 0 
7578	0	2	91 3e 0 
7578	0	1	90 41 0 
7583	5	4	93 2e 0 
7584	1	4	93 33 66 
7584	0	3	92 37 72 
7584	0	2	91 3f 72 
7584	0	1	90 3f 72 
7674	90	3	92 37 0 
7674	0	1	90 3f 0 
7680	6	0	ff 58 4 3 2 18 8 
7680	0	4	93 33 0 
7680	0	2	91 3f 0 
7680	0	4	93 33 68 
7680	0	3	92 3a 68 
7680	0	2	91 3f 74 
7680	0	1	90 43 74 
7728	48	4	93 33 0 
7728	0	3	92 3a 0 
7728	0	2	91 3f 0 
7728	0	1	90 43 0 
7728	0	4	93 33 53 
7728	0	3	92 3a 53 
7728	0	2	91 3f 5f 
7728	0	1	90 43 5f 
7776	48	4	93 33 0 
7776	0	3	92 3a 0 
7776	0	2	91 3f 0 
7776	0	1	90 43 0 
7776	0	4	93 33 54 
7776	0	3	92 3a 54 
7776	0	2	91 3f 60 
7776	0	1	90 43 60 
7818	42	2	91 3f 0 
7818	0	1	90 43 0 
7824	6	4	93 33 0 
7824	0	3	92 3a 0 
7824	0	4	93 33 53 
7824	0	3	92 3a 53 
7824	0	2	91 43 5f 
7824	0	1	90 46 5f 
7866	42	2	91 43 0 
7866	0	1	90 46 0 
7871	5	4	93 33 0 
7872	1	3	92 3a 0 
7872	0	4	93 2e 56 
7872	0	3	92 3a 56 
7872	0	2	91 41 62 
7872	0	1	90 44 62 
7914	42	2	91 41 0 
7914	0	1	90 44 0 
7919	5	3	92 3a 0 
7920	1	4	93 2e 0 
7920	0	4	93 2e 53 
7920	0	3	92 38 53 
7920	0	2	91 3e 5f 
7920	0	1	90 41 5f 
7968	48	0	ff 58 4 2 2 18 8 
7968	0	4	93 2e 0 
7968	0	3	92 38 0 
7968	0	2	91 3e 0 
7968	0	1	90 41 0 
7968	0	4	93 2e 58 
7968	0	3	92 38 64 
7968	0	2	91 3e 64 
7968	0	1	90 41 64 
8058	90	3	92 38 0 
8058	0	2	91 3e 0 
8058	0	1	90 41 0 
8063	5	4	93 2e 0 
8064	1	4	93 33 56 
8064	0	3	92 37 62 
8064	0	2	91 3f 62 
8064	0	1	90 3f 62 
8154	90	3	92 37 0 
8154	0	1	90 3f 0 
8160	6	0	ff 58 4 3 2 18 8 
8160	0	4	93 33 0 
8160	0	2	91 3f 0 
8160	0	4	93 33 58 
8160	0	3	92 3a 58 
8160	0	2	91 3f 64 
8160	0	1	90 43 64 
8208	48	4	93 33 0 
8208	0	3	92 3a 0 
8208	0	2	91 3f 0 
8208	0	1	90 43 0 
8208	0	4	93 33 53 
8208	0	3	92 3a 53 
8208	0	2	91 3f 5f 
8208	0	1	90 43 5f 
8256	48	4	93 33 0 
8256	0	3	92 3a 0 
8256	0	2	91 3f 0 
8256	0	1	90 43 0 
8256	0	4	93 33 54 
8256	0	3	92 3a 54 
8256	0	2	91 3f 60 
8256	0	1	90 43 60 
8298	42	2	91 3f 0 
8298	0	1	90 43 0 
8304	6	4	93 33 0 
8304	0	3	92 3a 0 
8304	0	4	93 33 53 
8304	0	3	92 3a 53 
8304	0	2	91 43 5f 
8304	0	1	90 46 5f 
8346	42	2	91 43 0 
8346	0	1	90 46 0 
8351	5	4	93 33 0 
8352	1	3	92 3a 0 
8352	0	4	93 2e 56 
8352	0	3	92 3a 56 
8352	0	2	91 41 62 
8352	0	1	90 44 62 
8394	42	2	91 41 0 
8394	0	1	90 44 0 
8399	5	3	92 3a 0 
8400	1	4	93 2e 0 
8400	0	4	93 2e 53 
8400	0	3	92 38 53 
8400	0	2	91 3e 5f 
8400	0	1	90 41 5f 
8448	48	0	ff 58 4 2 2 18 8 
8448	0	4	93 2e 0 
8448	0	3	92 38 0 
8448	0	2	91 3e 0 
8448	0	1	90 41 0 
8448	0	4	93 2e 58 
8448	0	3	92 38 64 
8448	0	2	91 3e 64 
8448	0	1	90 41 64 
8538	90	3	92 38 0 
8538	0	2	91 3e 0 
8538	0	1	90 41 0 
8543	5	4	93 2e 0 
8544	1	4	93 33 56 
8544	0	3	92 37 62 
8544	0	2	91 3f 62 
8544	0	1	90 3f 62 
8634	90	3	92 37 0 
8634	0	1	90 3f 0 
8640	6	0	ff 58 4 3 2 18 8 
8640	0	4	93 33 0 
8640	0	2	91 3f 0 
8640	0	4	93 33 58 
8640	0	3	92 3a 58 
8640	0	2	91 3f 58 
8640	0	1	90 43 58 
8664	24	4	93 33 0 
8664	0	3	92 3a 0 
8664	0	2	91 3f 0 
8664	0	1	90 43 0 
8664	0	4	93 33 53 
8664	0	3	92 3a 53 
8664	0	2	91 3f 53 
8664	0	1	90 43 53 
8688	24	4	93 33 0 
8688	0	3	92 3a 0 
8688	0	2	91 3f 0 
8688	0	1	90 43 0 
8688	0	4	93 33 53 
8688	0	3	92 3a 53 
8688	0	2	91 3f 53 
8688	0	1	90 43 53 
8712	24	4	93 33 0 
8712	0	3	92 3a 0 
8712	0	2	91 3f 0 
8712	0	1	90 43 0 
8712	0	4	93 33 53 
8712	0	3	92 3a 53 
8712	0	2	91 3f 53 
8712	0	1	90 43 53 
8736	24	4	93 33 0 
8736	0	3	92 3a 0 
8736	0	2	91 3f 0 
8736	0	1	90 43 0 
8736	0	4	93 33 60 
8736	0	3	92 3a 60 
8736	0	2	91 3f 60 
8736	0	1	90 43 60 
8778	42	2	91 3f 0 
8778	0	1	90 43 0 
8784	6	4	93 33 0 
8784	0	3	92 3a 0 
8784	0	4	93 33 5f 
8784	0	3	92 3a 5f 
8784	0	2	91 43 5f 
8784	0	1	90 46 5f 
8826	42	4	93 33 0 
8826	0	2	91 43 0 
8826	0	1	90 46 0 
8832	6	3	92 3a 0 
8832	0	4	93 2e 62 
8832	0	3	92 3a 62 
8832	0	2	91 41 62 
8832	0	1	90 44 62 
8874	42	3	92 3a 0 
8874	0	2	91 41 0 
8874	0	1	90 44 0 
8880	6	4	93 2e 0 
8880	0	4	93 2e 5f 
8880	0	3	92 38 5f 
8880	0	2	91 3e 5f 
8880	0	1	90 41 5f 
8928	48	0	ff 58 4 2 2 18 8 
8928	0	4	93 2e 0 
8928	0	3	92 38 0 
8928	0	2	91 3e 0 
8928	0	1	90 41 0 
8928	0	4	93 2e 58 
8928	0	3	92 38 64 
8928	0	2	91 3e 64 
8928	0	1	90 41 64 
9018	90	3	92 38 0 
9018	0	2	91 3e 0 
9018	0	1	90 41 0 
9023	5	4	93 2e 0 
9024	1	4	93 33 56 
9024	0	3	92 37 62 
9024	0	2	91 3f 62 
9024	0	1	90 3f 62 
9114	90	3	92 37 0 
9114	0	1	90 3f 0 
9120	6	0	ff 58 4 3 2 18 8 
9120	0	4	93 33 0 
9120	0	2	91 3f 0 
9120	0	4	93 33 58 
9120	0	3	92 3a 58 
9120	0	2	91 3f 58 
9120	0	1	90 43 58 
9144	24	4	93 33 0 
9144	0	3	92 3a 0 
9144	0	2	91 3f 0 
9144	0	1	90 43 0 
9144	0	4	93 33 5b 
9144	0	3	92 3a 5b 
9144	0	2	91 3f 5b 
9144	0	1	90 43 5b 
9168	24	4	93 33 0 
9168	0	3	92 3a 0 
9168	0	2	91 3f 0 
9168	0	1	90 43 0 
9168	0	4	93 33 5b 
9168	0	3	92 3a 5b 
9168	0	2	91 3f 5b 
9168	0	1	90 43 5b 
9192	24	4	93 33 0 
9192	0	3	92 3a 0 
9192	0	2	91 3f 0 
9192	0	1	90 43 0 
9192	0	4	93 33 5b 
9192	0	3	92 3a 5b 
9192	0	2	91 3f 5b 
9192	0	1	90 43 5b 
9216	24	4	93 33 0 
9216	0	3	92 3a 0 
9216	0	2	91 3f 0 
9216	0	1	90 43 0 
9216	0	4	93 33 68 
9216	0	3	92 3a 68 
9216	0	2	91 3f 68 
9216	0	1	90 43 68 
9258	42	2	91 3f 0 
9258	0	1	90 43 0 
9264	6	4	93 33 0 
9264	0	3	92 3a 0 
9264	0	4	93 33 67 
9264	0	3	92 3a 67 
9264	0	2	91 43 67 
9264	0	1	90 46 67 
9306	42	4	93 33 0 
9306	0	2	91 43 0 
9306	0	1	90 46 0 
9312	6	3	92 3a 0 
9312	0	4	93 2e 6a 
9312	0	3	92 3a 6a 
9312	0	2	91 41 6a 
9312	0	1	90 44 6a 
9354	42	3	92 3a 0 
9354	0	2	91 41 0 
9354	0	1	90 44 0 
9360	6	4	93 2e 0 
9360	0	4	93 2e 67 
9360	0	3	92 38 67 
9360	0	2	91 3e 67 
9360	0	1	90 41 67 
9408	48	0	ff 58 4 2 2 18 8 
9408	0	4	93 2e 0 
9408	0	3	92 38 0 
9408	0	2	91 3e 0 
9408	0	1	90 41 0 
9408	0	4	93 2e 6c 
9408	0	3	92 38 6c 
9408	0	2	91 3e 6c 
9408	0	1	90 41 6c 
9498	90	4	93 2e 0 
9498	0	3	92 38 0 
9498	0	2	91 3e 0 
9498	0	1	90 41 0 
9504	6	4	93 33 6a 
9504	0	3	92 37 6a 
9504	0	2	91 3f 6a 
9504	0	1	90 3f 6a 
9546	42	4	93 33 0 
9546	0	3	92 37 0 
9546	0	2	91 3f 0 
9546	0	1	90 3f 0 
9552	6	4	93 2e 67 
9552	0	3	92 2e 67 
9552	0	2	91 3a 67 
9552	0	1	90 3a 67 
9594	42	4	93 2e 0 
9594	0	3	92 2e 0 
9594	0	2	91 3a 0 
9594	0	1	90 3a 0 
9600	6	4	93 33 60 
9600	0	3	92 3a 60 
9600	0	2	91 3f 60 
9600	0	1	90 43 60 
9624	24	4	93 33 0 
9624	0	3	92 3a 0 
9624	0	2	91 3f 0 
9624	0	1	90 43 0 
9624	0	4	93 33 5b 
9624	0	3	92 3a 5b 
9624	0	2	91 3f 5b 
9624	0	1	90 43 5b 
9648	24	4	93 33 0 
9648	0	3	92 3a 0 
9648	0	2	91 3f 0 
9648	0	1	90 43 0 
9648	0	4	93 33 5b 
9648	0	3	92 3a 5b 
9648	0	2	91 3f 5b 
9648	0	1	90 43 5b 
9672	24	4	93 33 0 
9672	0	3	92 3a 0 
9672	0	2	91 3f 0 
9672	0	1	90 43 0 
9672	0	4	93 33 5b 
9672	0	3	92 3a 5b 
9672	0	2	91 3f 5b 
9672	0	1	90 43 5b 
9696	24	4	93 33 0 
9696	0	3	92 3a 0 
9696	0	2	91 3f 0 
9696	0	1	90 43 0 
9696	0	4	93 33 6a 
9696	0	3	92 3a 6a 
9696	0	2	91 3f 6a 
9696	0	1	90 43 6a 
9738	42	4	93 33 0 
9738	0	3	92 3a 0 
9738	0	2	91 3f 0 
9738	0	1	90 43 0 
9744	6	4	93 2e 67 
9744	0	3	92 2e 67 
9744	0	2	91 3a 67 
9744	0	1	90 3a 67 
9786	42	4	93 2e 0 
9786	0	3	92 2e 0 
9786	0	2	91 3a 0 
9786	0	1	90 3a 0 
9792	6	4	93 33 60 
9792	0	3	92 3a 60 
9792	0	2	91 3f 60 
9792	0	1	90 43 60 
9816	24	4	93 33 0 
9816	0	3	92 3a 0 
9816	0	2	91 3f 0 
9816	0	1	90 43 0 
9816	0	4	93 33 53 
9816	0	3	92 3a 53 
9816	0	2	91 3f 53 
9816	0	1	90 43 53 
9840	24	4	93 33 0 
9840	0	3	92 3a 0 
9840	0	2	91 3f 0 
9840	0	1	90 43 0 
9840	0	4	93 33 53 
9840	0	3	92 3a 53 
9840	0	2	91 3f 53 
9840	0	1	90 43 53 
9864	24	4	93 33 0 
9864	0	3	92 3a 0 
9864	0	2	91 3f 0 
9864	0	1	90 43 0 
9864	0	4	93 33 53 
9864	0	3	92 3a 53 
9864	0	2	91 3f 53 
9864	0	1	90 43 53 
9888	24	4	93 33 0 
9888	0	3	92 3a 0 
9888	0	2	91 3f 0 
9888	0	1	90 43 0 
9888	0	4	93 33 62 
9888	0	3	92 3a 62 
9888	0	2	91 3f 62 
9888	0	1	90 43 62 
9930	42	4	93 33 0 
9930	0	3	92 3a 0 
9930	0	2	91 3f 0 
9930	0	1	90 43 0 
9936	6	4	93 2e 5f 
9936	0	3	92 2e 5f 
9936	0	2	91 3a 5f 
9936	0	1	90 3a 5f 
9978	42	4	93 2e 0 
9978	0	3	92 2e 0 
9978	0	2	91 3a 0 
9978	0	1	90 3a 0 
9984	6	0	ff 58 4 3 2 18 8 
9984	0	4	93 33 64 
9984	0	3	92 3a 64 
9984	0	2	91 3f 64 
9984	0	1	90 43 64 
10032	48	4	93 33 0 
10032	0	3	92 3a 0 
10032	0	2	91 3f 0 
10032	0	1	90 43 0 
10032	0	4	93 33 5f 
10032	0	3	92 3a 5f 
10032	0	2	91 3f 5f 
10032	0	1	90 43 5f 
10080	48	4	93 33 0 
10080	0	3	92 3a 0 
10080	0	2	91 3f 0 
10080	0	1	90 43 0 
10080	0	4	93 33 60 
10080	0	3	92 3a 60 
10080	0	2	91 3f 60 
10080	0	1	90 43 60 
10122	42	2	91 3f 0 
10122	0	1	90 43 0 
10128	6	4	93 33 0 
10128	0	3	92 3a 0 
10128	0	4	93 33 5f 
10128	0	3	92 3a 5f 
10128	0	2	91 43 5f 
10128	0	1	90 46 5f 
10170	42	4	93 33 0 
10170	0	2	91 43 0 
10170	0	1	90 46 0 
10176	6	3	92 3a 0 
10176	0	4	93 2e 62 
10176	0	3	92 3a 62 
10176	0	2	91 41 62 
10176	0	1	90 44 62 
10218	42	3	92 3a 0 
10218	0	2	91 41 0 
10218	0	1	90 44 0 
10224	6	4	93 2e 0 
10224	0	4	93 2e 5f 
10224	0	3	92 38 5f 
10224	0	2	91 3e 5f 
10224	0	1	90 41 5f 
10272	48	0	ff 58 4 2 2 18 8 
10272	0	4	93 2e 0 
10272	0	3	92 38 0 
10272	0	2	91 3e 0 
10272	0	1	90 41 0 
10272	0	4	93 2e 58 
10272	0	3	92 38 64 
10272	0	2	91 3e 64 
10272	0	1	90 41 64 
10362	90	3	92 38 0 
10362	0	2	91 3e 0 
10362	0	1	90 41 0 
10367	5	4	93 2e 0 
10368	1	4	93 33 56 
10368	0	3	92 37 62 
10368	0	2	91 3f 62 
10368	0	1	90 3f 62 
10458	90	3	92 37 0 
10458	0	2	91 3f 0 
10458	0	1	90 3f 0 
10460	2	1	c0 55 
10461	1	2	c1 58 
10462	1	3	c2 34 
10463	1	4	c3 5b 
10463	0	4	93 33 0 
10464	1	0	ff 58 4 1 2 18 8 
10467	3	4	93 33 66 
10467	0	3	92 37 72 
10467	0	2	91 3f 66 
10467	0	1	90 3f 72 
10505	38	3	92 37 0 
10505	0	1	90 3f 0 
10511	6	4	93 33 0 
10511	0	2	91 3f 0 
10512	1	4	93 33 63 
10512	0	3	92 38 6f 
10512	0	2	91 3f 63 
10512	0	1	90 41 6f 
10554	42	3	92 38 0 
10554	0	1	90 41 0 
10560	6	0	ff 58 4 3 2 18 8 
10560	0	4	93 33 0 
10560	0	2	91 3f 0 
10560	0	4	93 33 74 
10560	0	3	92 3a 74 
10560	0	2	91 3f 74 
10560	0	1	90 43 74 
10656	96	4	93 33 0 
10656	0	3	92 3a 0 
10656	0	2	91 3f 0 
10656	0	1	90 43 0 
10656	0	4	93 33 70 
10656	0	3	92 3a 70 
10656	0	2	91 3f 70 
10656	0	1	90 43 70 
10752	96	4	93 33 0 
10752	0	3	92 3a 0 
10752	0	2	91 3f 0 
10752	0	1	90 43 0 
10752	0	4	93 33 66 
10752	0	3	92 3a 66 
10752	0	2	91 3f 72 
10752	0	1	90 43 72 
10794	42	2	91 3f 0 
10794	0	1	90 43 0 
10800	6	4	93 33 0 
10800	0	3	92 3a 0 
10800	0	4	93 33 63 
10800	0	3	92 3a 63 
10800	0	2	91 41 6f 
10800	0	1	90 44 6f 
10842	42	2	91 41 0 
10842	0	1	90 44 0 
10848	6	4	93 33 0 
10848	0	3	92 3a 0 
10848	0	4	93 33 74 
10848	0	3	92 3a 74 
10848	0	2	91 43 74 
10848	0	1	90 46 74 
10938	90	3	92 3a 0 
10944	6	4	93 33 0 
10944	0	2	91 43 0 
10944	0	1	90 46 0 
10944	0	4	93 33 70 
10944	0	3	92 3f 70 
10944	0	2	91 43 70 
10944	0	1	90 46 70 
11040	96	4	93 33 0 
11040	0	3	92 3f 0 
11040	0	2	91 43 0 
11040	0	1	90 46 0 
11040	0	4	93 33 66 
11040	0	3	92 3f 66 
11040	0	2	91 43 66 
11040	0	1	90 46 66 
11088	48	4	93 33 0 
11088	0	3	92 3f 0 
11088	0	2	91 43 0 
11088	0	1	90 46 0 
11088	0	4	93 33 63 
11088	0	3	92 3f 63 
11088	0	2	91 43 63 
11088	0	1	90 46 63 
11135	47	4	93 33 0 
11135	0	2	91 43 0 
11135	0	1	90 46 0 
11136	1	3	92 3f 0 
11136	0	4	93 2c 74 
11136	0	3	92 3f 74 
11136	0	2	91 44 74 
11136	0	1	90 48 74 
11226	90	2	91 44 0 
11226	0	1	90 48 0 
11232	6	4	93 2c 0 
11232	0	3	92 3f 0 
11232	0	4	93 2c 70 
11232	0	3	92 3f 70 
11232	0	2	91 48 70 
11232	0	1	90 4b 70 
11322	90	2	91 48 0 
11322	0	1	90 4b 0 
11328	6	4	93 2c 0 
11328	0	3	92 3f 0 
11328	0	4	93 2c 72 
11328	0	3	92 3f 66 
11328	0	2	91 46 72 
11328	0	1	90 4a 72 
11370	42	4	93 2c 0 
11370	0	2	91 46 0 
11370	0	1	90 4a 0 
11376	6	3	92 3f 0 
11376	0	4	93 30 6f 
11376	0	3	92 3f 63 
11376	0	2	91 44 6f 
11376	0	1	90 48 6f 
11418	42	4	93 30 0 
11424	6	3	92 3f 0 
11424	0	2	91 44 0 
11424	0	1	90 48 0 
11424	0	4	93 33 74 
11424	0	3	92 3f 74 
11424	0	2	91 44 74 
11424	0	1	90 48 74 
11514	90	2	91 44 0 
11514	0	1	90 48 0 
11520	6	4	93 33 0 
11520	0	3	92 3f 0 
11520	0	4	93 33 70 
11520	0	3	92 3f 70 
11520	0	2	91 43 70 
11520	0	1	90 46 70 
11610	90	3	92 3f 0 
11610	0	2	91 43 0 
11610	0	1	90 46 0 
11616	6	4	93 33 0 
11616	0	4	93 33 66 
11616	0	3	92 37 72 
11616	0	2	91 3f 66 
11616	0	1	90 3f 72 
11658	42	3	92 37 0 
11658	0	1	90 3f 0 
11664	6	4	93 33 0 
11664	0	2	91 3f 0 
11664	0	4	93 33 63 
11664	0	3	92 38 6f 
11664	0	2	91 3f 63 
11664	0	1	90 41 6f 
11706	42	3	92 38 0 
11706	0	1	90 41 0 
11712	6	4	93 33 0 
11712	0	2	91 3f 0 
11712	0	4	93 33 74 
11712	0	3	92 3a 74 
11712	0	2	91 3f 74 
11712	0	1	90 43 74 
11850	138	2	91 3f 0 
11850	0	1	90 43 0 
11856	6	4	93 33 0 
11856	0	3	92 3a 0 
11856	0	4	93 33 6f 
11856	0	3	92 3a 6f 
11856	0	2	91 43 6f 
11856	0	1	90 46 6f 
11898	42	4	93 33 0 
11898	0	2	91 43 0 
11898	0	1	90 46 0 
11904	6	3	92 3a 0 
11904	0	4	93 2e 72 
11904	0	3	92 3a 72 
11904	0	2	91 41 72 
11904	0	1	90 44 72 
11946	42	3	92 3a 0 
11946	0	2	91 41 0 
11946	0	1	90 44 0 
11952	6	4	93 2e 0 
11952	0	4	93 2e 6f 
11952	0	3	92 38 6f 
11952	0	2	91 3e 6f 
11952	0	1	90 41 6f 
12000	48	0	ff 58 4 2 2 18 8 
12000	0	4	93 2e 0 
12000	0	3	92 38 0 
12000	0	2	91 3e 0 
12000	0	1	90 41 0 
12000	0	4	93 2e 68 
12000	0	3	92 38 74 
12000	0	2	91 3e 74 
12000	0	1	90 41 74 
12090	90	3	92 38 0 
12090	0	2	91 3e 0 
12090	0	1	90 41 0 
12095	5	4	93 2e 0 
12096	1	4	93 33 66 
12096	0	3	92 37 72 
12096	0	2	91 3f 72 
12096	0	1	90 3f 72 
12186	90	3	92 37 0 
12186	0	1	90 3f 0 
12192	6	0	ff 58 4 3 2 18 8 
12192	0	4	93 33 0 
12192	0	2	91 3f 0 
12192	0	4	93 33 68 
12192	0	3	92 3a 68 
12192	0	2	91 3f 74 
12192	0	1	90 43 74 
12240	48	4	93 33 0 
12240	0	3	92 3a 0 
12240	0	2	91 3f 0 
12240	0	1	90 43 0 
12240	0	4	93 33 6f 
12240	0	3	92 3a 6f 
12240	0	2	91 3f 7b 
12240	0	1	90 43 7b 
12288	48	4	93 33 0 
12288	0	3	92 3a 0 
12288	0	2	91 3f 0 
12288	0	1	90 43 0 
12288	0	4	93 33 70 
12288	0	3	92 3a 70 
12288	0	2	91 3f 7c 
12288	0	1	90 43 7c 
12330	42	2	91 3f 0 
12330	0	1	90 43 0 
12336	6	4	93 33 0 
12336	0	3	92 3a 0 
12336	0	4	93 33 6f 
12336	0	3	92 3a 6f 
12336	0	2	91 43 7b 
12336	0	1	90 46 7b 
12378	42	2	91 43 0 
12378	0	1	90 46 0 
12383	5	4	93 33 0 
12384	1	3	92 3a 0 
12384	0	4	93 2e 72 
12384	0	3	92 3a 72 
12384	0	2	91 41 7e 
12384	0	1	90 44 7e 
12426	42	2	91 41 0 
12426	0	1	90 44 0 
12431	5	3	92 3a 0 
12432	1	4	93 2e 0 
12432	0	4	93 2e 6f 
12432	0	3	92 38 6f 
12432	0	2	91 3e 7b 
12432	0	1	90 41 7b 
12480	48	0	ff 58 4 2 2 18 8 
12480	0	4	93 2e 0 
12480	0	3	92 38 0 
12480	0	2	91 3e 0 
12480	0	1	90 41 0 
12480	0	4	93 2e 74 
12480	0	3	92 38 7f 
12480	0	2	91 3e 7f 
12480	0	1	90 41 7f 
12570	90	3	92 38 0 
12570	0	2	91 3e 0 
12570	0	1	90 41 0 
12575	5	4	93 2e 0 
12576	1	4	93 33 72 
12576	0	3	92 37 7e 
12576	0	2	91 3f 7e 
12576	0	1	90 3f 7e 
12666	90	3	92 37 0 
12666	0	1	90 3f 0 
12672	6	0	ff 58 4 3 2 18 8 
12672	0	4	93 33 0 
12672	0	2	91 3f 0 
12672	0	4	93 33 74 
12672	0	3	92 3a 74 
12672	0	2	91 3f 7f 
12672	0	1	90 43 7f 
12720	48	4	93 33 0 
12720	0	3	92 3a 0 
12720	0	2	91 3f 0 
12720	0	1	90 43 0 
12720	0	4	93 33 6f 
12720	0	3	92 3a 6f 
12720	0	2	91 3f 7b 
12720	0	1	90 43 7b 
12768	48	4	93 33 0 
12768	0	3	92 3a 0 
12768	0	2	91 3f 0 
12768	0	1	90 43 0 
12768	0	4	93 33 70 
12768	0	3	92 3a 70 
12768	0	2	91 3f 7c 
12768	0	1	90 43 7c 
12810	42	2	91 3f 0 
12810	0	1	90 43 0 
12816	6	4	93 33 0 
12816	0	3	92 3a 0 
12816	0	4	93 33 6f 
12816	0	3	92 3a 6f 
12816	0	2	91 43 7b 
12816	0	1	90 46 7b 
12858	42	2	91 43 0 
12858	0	1	90 46 0 
12863	5	4	93 33 0 
12864	1	3	92 3a 0 
12864	0	4	93 2e 72 
12864	0	3	92 3a 72 
12864	0	2	91 41 7e 
12864	0	1	90 44 7e 
12906	42	2	91 41 0 
12906	0	1	90 44 0 
12911	5	3	92 3a 0 
12912	1	4	93 2e 0 
12912	0	4	93 2e 6f 
12912	0	3	92 38 6f 
12912	0	2	91 3e 7b 
12912	0	1	90 41 7b 
12960	48	0	ff 58 4 2 2 18 8 
12960	0	4	93 2e 0 
12960	0	3	92 38 0 
12960	0	2	91 3e 0 
12960	0	1	90 41 0 
12960	0	4	93 2e 74 
12960	0	3	92 38 7f 
12960	0	2	91 3e 7f 
12960	0	1	90 41 7f 
13050	90	3	92 38 0 
13050	0	2	91 3e 0 
13050	0	1	90 41 0 
13055	5	4	93 2e 0 
13056	1	4	93 33 72 
13056	0	3	92 37 7e 
13056	0	2	91 3f 7e 
13056	0	1	90 3f 7e 
13146	90	3	92 37 0 
13146	0	1	90 3f 0 
13152	6	0	ff 58 4 3 2 18 8 
13152	0	4	93 33 0 
13152	0	2	91 3f 0 
13152	0	4	93 33 74 
13152	0	3	92 3a 74 
13152	0	2	91 3f 7f 
13152	0	1	90 43 7f 
13200	48	4	93 33 0 
13200	0	3	92 3a 0 
13200	0	2	91 3f 0 
13200	0	1	90 43 0 
13200	0	4	93 33 53 
13200	0	3	92 3a 53 
13200	0	2	91 3f 5f 
13200	0	1	90 43 5f 
13248	48	4	93 33 0 
13248	0	3	92 3a 0 
13248	0	2	91 3f 0 
13248	0	1	90 43 0 
13248	0	4	93 33 54 
13248	0	3	92 3a 54 
13248	0	2	91 3f 60 
13248	0	1	90 43 60 
13290	42	2	91 3f 0 
13290	0	1	90 43 0 
13296	6	4	93 33 0 
13296	0	3	92 3a 0 
13296	0	4	93 33 53 
13296	0	3	92 3a 53 
13296	0	2	91 43 5f 
13296	0	1	90 46 5f 
13338	42	2	91 43 0 
13338	0	1	90 46 0 
13343	5	4	93 33 0 
13344	1	3	92 3a 0 
13344	0	4	93 2e 56 
13344	0	3	92 3a 56 
13344	0	2	91 41 62 
13344	0	1	90 44 62 
13386	42	2	91 41 0 
13386	0	1	90 44 0 
13391	5	3	92 3a 0 
13392	1	4	93 2e 0 
13392	0	4	93 2e 53 
13392	0	3	92 38 53 
13392	0	2	91 3e 5f 
13392	0	1	90 41 5f 
13440	48	0	ff 58 4 2 2 18 8 
13440	0	4	93 2e 0 
13440	0	3	92 38 0 
13440	0	2	91 3e 0 
13440	0	1	90 41 0 
13440	0	4	93 2e 58 
13440	0	3	92 38 64 
13440	0	2	91 3e 64 
13440	0	1	90 41 64 
13530	90	3	92 38 0 
13530	0	2	91 3e 0 
13530	0	1	90 41 0 
13535	5	4	93 2e 0 
13536	1	4	93 33 56 
13536	0	3	92 37 62 
13536	0	2	91 3f 62 
13536	0	1	90 3f 62 
13626	90	3	92 37 0 
13626	0	1	90 3f 0 
13632	6	0	ff 58 4 3 2 18 8 
13632	0	4	93 33 0 
13632	0	2	91 3f 0 
13632	0	4	93 33 58 
13632	0	3	92 3a 58 
13632	0	2	91 3f 58 
13632	0	1	90 43 58 
13656	24	4	93 33 0 
13656	0	3	92 3a 0 
13656	0	2	91 3f 0 
13656	0	1	90 43 0 
13656	0	4	93 33 53 
13656	0	3	92 3a 53 
13656	0	2	91 3f 53 
13656	0	1	90 43 53 
13680	24	4	93 33 0 
13680	0	3	92 3a 0 
13680	0	2	91 3f 0 
13680	0	1	90 43 0 
13680	0	4	93 33 53 
13680	0	3	92 3a 53 
13680	0	2	91 3f 53 
13680	0	1	90 43 53 
13704	24	4	93 33 0 
13704	0	3	92 3a 0 
13704	0	2	91 3f 0 
13704	0	1	90 43 0 
13704	0	4	93 33 53 
13704	0	3	92 3a 53 
13704	0	2	91 3f 53 
13704	0	1	90 43 53 
13728	24	4	93 33 0 
13728	0	3	92 3a 0 
13728	0	2	91 3f 0 
13728	0	1	90 43 0 
13728	0	4	93 33 60 
13728	0	3	92 3a 60 
13728	0	2	91 3f 60 
13728	0	1	90 43 60 
13770	42	2	91 3f 0 
13770	0	1	90 43 0 
13776	6	4	93 33 0 
13776	0	3	92 3a 0 
13776	0	4	93 33 5f 
13776	0	3	92 3a 5f 
13776	0	2	91 43 5f 
13776	0	1	90 46 5f 
13818	42	4	93 33 0 
13818	0	2	91 43 0 
13818	0	1	90 46 0 
13824	6	3	92 3a 0 
13824	0	4	93 2e 62 
13824	0	3	92 3a 62 
13824	0	2	91 41 62 
13824	0	1	90 44 62 
13866	42	3	92 3a 0 
13866	0	2	91 41 0 
13866	0	1	90 44 0 
13872	6	4	93 2e 0 
13872	0	4	93 2e 5f 
13872	0	3	92 38 5f 
13872	0	2	91 3e 5f 
13872	0	1	90 41 5f 
13920	48	0	ff 58 4 2 2 18 8 
13920	0	4	93 2e 0 
13920	0	3	92 38 0 
13920	0	2	91 3e 0 
13920	0	1	90 41 0 
13920	0	4	93 2e 58 
13920	0	3	92 38 64 
13920	0	2	91 3e 64 
13920	0	1	90 41 64 
14010	90	3	92 38 0 
14010	0	2	91 3e 0 
14010	0	1	90 41 0 
14015	5	4	93 2e 0 
14016	1	4	93 33 56 
14016	0	3	92 37 62 
14016	0	2	91 3f 62 
14016	0	1	90 3f 62 
14106	90	3	92 37 0 
14106	0	1	90 3f 0 
14112	6	0	ff 58 4 3 2 18 8 
14112	0	4	93 33 0 
14112	0	2	91 3f 0 
14112	0	4	93 33 58 
14112	0	3	92 3a 58 
14112	0	2	91 3f 58 
14112	0	1	90 43 58 
14136	24	4	93 33 0 
14136	0	3	92 3a 0 
14136	0	2	91 3f 0 
14136	0	1	90 43 0 
14136	0	4	93 33 5b 
14136	0	3	92 3a 5b 
14136	0	2	91 3f 5b 
14136	0	1	90 43 5b 
14160	24	4	93 33 0 
14160	0	3	92 3a 0 
14160	0	2	91 3f 0 
14160	0	1	90 43 0 
14160	0	4	93 33 5b 
14160	0	3	92 3a 5b 
14160	0	2	91 3f 5b 
14160	0	1	90 43 5b 
14184	24	4	93 33 0 
14184	0	3	92 3a 0 
14184	0	2	91 3f 0 
14184	0	1	90 43 0 
14184	0	4	93 33 5b 
14184	0	3	92 3a 5b 
14184	0	2	91 3f 5b 
14184	0	1	90 43 5b 
14208	24	4	93 33 0 
14208	0	3	92 3a 0 
14208	0	2	91 3f 0 
14208	0	1	90 43 0 
14208	0	4	93 33 68 
14208	0	3	92 3a 68 
14208	0	2	91 3f 68 
14208	0	1	90 43 68 
14250	42	2	91 3f 0 
14250	0	1	90 43 0 
14256	6	4	93 33 0 
14256	0	3	92 3a 0 
14256	0	4	93 33 67 
14256	0	3	92 3a 67 
14256	0	2	91 43 67 
14256	0	1	90 46 67 
14298	42	4	93 33 0 
14298	0	2	91 43 0 
14298	0	1	90 46 0 
14304	6	3	92 3a 0 
14304	0	4	93 2e 6a 
14304	0	3	92 3a 6a 
14304	0	2	91 41 6a 
14304	0	1	90 44 6a 
14346	42	3	92 3a 0 
14346	0	2	91 41 0 
14346	0	1	90 44 0 
14352	6	4	93 2e 0 
14352	0	4	93 2e 67 
14352	0	3	92 38 67 
14352	0	2	91 3e 67 
14352	0	1	90 41 67 
14400	48	0	ff 58 4 2 2 18 8 
14400	0	4	93 2e 0 
14400	0	3	92 38 0 
14400	0	2	91 3e 0 
14400	0	1	90 41 0 
14400	0	4	93 2e 6c 
14400	0	3	92 38 6c 
14400	0	2	91 3e 6c 
14400	0	1	90 41 6c 
14490	90	4	93 2e 0 
14490	0	3	92 38 0 
14490	0	2	91 3e 0 
14490	0	1	90 41 0 
14496	6	4	93 33 6a 
14496	0	3	92 37 6a 
14496	0	2	91 3f 6a 
14496	0	1	90 3f 6a 
14538	42	4	93 33 0 
14538	0	3	92 37 0 
14538	0	2	91 3f 0 
14538	0	1	90 3f 0 
14544	6	4	93 2e 67 
14544	0	3	92 2e 67 
14544	0	2	91 3a 67 
14544	0	1	90 3a 67 
14586	42	4	93 2e 0 
14586	0	3	92 2e 0 
14586	0	2	91 3a 0 
14586	0	1	90 3a 0 
14592	6	4	93 33 60 
14592	0	3	92 3a 60 
14592	0	2	91 3f 60 
14592	0	1	90 43 60 
14616	24	4	93 33 0 
14616	0	3	92 3a 0 
14616	0	2	91 3f 0 
14616	0	1	90 43 0 
14616	0	4	93 33 5b 
14616	0	3	92 3a 5b 
14616	0	2	91 3f 5b 
14616	0	1	90 43 5b 
14640	24	4	93 33 0 
14640	0	3	92 3a 0 
14640	0	2	91 3f 0 
14640	0	1	90 43 0 
14640	0	4	93 33 5b 
14640	0	3	92 3a 5b 
14640	0	2	91 3f 5b 
14640	0	1	90 43 5b 
14664	24	4	93 33 0 
14664	0	3	92 3a 0 
14664	0	2	91 3f 0 
14664	0	1	90 43 0 
14664	0	4	93 33 5b 
14664	0	3	92 3a 5b 
14664	0	2	91 3f 5b 
14664	0	1	90 43 5b 
14688	24	4	93 33 0 
14688	0	3	92 3a 0 
14688	0	2	91 3f 0 
14688	0	1	90 43 0 
14688	0	4	93 33 6a 
14688	0	3	92 3a 6a 
14688	0	2	91 3f 6a 
14688	0	1	90 43 6a 
14730	42	4	93 33 0 
14730	0	3	92 3a 0 
14730	0	2	91 3f 0 
14730	0	1	90 43 0 
14736	6	4	93 2e 67 
14736	0	3	92 2e 67 
14736	0	2	91 3a 67 
14736	0	1	90 3a 67 
14778	42	4	93 2e 0 
14778	0	3	92 2e 0 
14778	0	2	91 3a 0 
14778	0	1	90 3a 0 
14784	6	4	93 33 60 
14784	0	3	92 3a 60 
14784	0	2	91 3f 60 
14784	0	1	90 43 60 
14808	24	4	93 33 0 
14808	0	3	92 3a 0 
14808	0	2	91 3f 0 
14808	0	1	90 43 0 
14808	0	4	93 33 53 
14808	0	3	92 3a 53 
14808	0	2	91 3f 53 
14808	0	1	90 43 53 
14832	24	4	93 33 0 
14832	0	3	92 3a 0 
14832	0	2	91 3f 0 
14832	0	1	90 43 0 
14832	0	4	93 33 53 
14832	0	3	92 3a 53 
14832	0	2	91 3f 53 
14832	0	1	90 43 53 
14856	24	4	93 33 0 
14856	0	3	92 3a 0 
14856	0	2	91 3f 0 
14856	0	1	90 43 0 
14856	0	4	93 33 53 
14856	0	3	92 3a 53 
14856	0	2	91 3f 53 
14856	0	1	90 43 53 
14880	24	4	93 33 0 
14880	0	3	92 3a 0 
14880	0	2	91 3f 0 
14880	0	1	90 43 0 
14880	0	4	93 33 62 
14880	0	3	92 3a 62 
14880	0	2	91 3f 62 
14880	0	1	90 43 62 
14922	42	4	93 33 0 
14922	0	3	92 3a 0 
14922	0	2	91 3f 0 
14922	0	1	90 43 0 
14928	6	4	93 2e 5f 
14928	0	3	92 2e 5f 
14928	0	2	91 3a 5f 
14928	0	1	90 3a 5f 
14970	42	4	93 2e 0 
14970	0	3	92 2e 0 
14970	0	2	91 3a 0 
14970	0	1	90 3a 0 
14976	6	4	93 33 64 
14976	0	3	92 3a 64 
14976	0	2	91 3f 64 
14976	0	1	90 43 64 
15024	48	4	93 33 0 
15024	0	3	92 3a 0 
15024	0	2	91 3f 0 
15024	0	1	90 43 0 
15024	0	4	93 33 5f 
15024	0	3	92 3a 5f 
15024	0	2	91 3f 5f 
15024	0	1	90 43 5f 
15072	48	4	93 33 0 
15072	0	3	92 3a 0 
15072	0	2	91 3f 0 
15072	0	1	90 43 0 
15072	0	4	93 33 62 
15072	0	3	92 3a 62 
15072	0	2	91 3f 62 
15072	0	1	90 43 62 
15114	42	4	93 33 0 
15114	0	3	92 3a 0 
15114	0	2	91 3f 0 
15114	0	1	90 43 0 
15120	6	4	93 2e 5f 
15120	0	3	92 2e 5f 
15120	0	2	91 3a 5f 
15120	0	1	90 3a 5f 
15162	42	4	93 2e 0 
15162	0	3	92 2e 0 
15162	0	2	91 3a 0 
15162	0	1	90 3a 0 
15168	6	0	ff 58 4 3 2 18 8 
15168	0	4	93 33 64 
15168	0	3	92 3a 64 
15168	0	2	91 3f 64 
15168	0	1	90 43 64 
15216	48	4	93 33 0 
15216	0	3	92 3a 0 
15216	0	2	91 3f 0 
15216	0	1	90 43 0 
15216	0	4	93 33 7b 
15216	0	3	92 3a 7b 
15216	0	2	91 3f 7b 
15216	0	1	90 43 7b 
15264	48	4	93 33 0 
15264	0	3	92 3a 0 
15264	0	2	91 3f 0 
15264	0	1	90 43 0 
15264	0	4	93 33 7c 
15264	0	3	92 3a 7c 
15264	0	2	91 3f 7c 
15264	0	1	90 43 7c 
15306	42	2	91 3f 0 
15306	0	1	90 43 0 
15312	6	4	93 33 0 
15312	0	3	92 3a 0 
15312	0	4	93 33 7b 
15312	0	3	92 3a 7b 
15312	0	2	91 43 7b 
15312	0	1	90 46 7b 
15354	42	4	93 33 0 
15354	0	2	91 43 0 
15354	0	1	90 46 0 
15360	6	3	92 3a 0 
15360	0	4	93 2e 7e 
15360	0	3	92 3a 7e 
15360	0	2	91 41 7e 
15360	0	1	90 44 7e 
15402	42	3	92 3a 0 
15402	0	2	91 41 0 
15402	0	1	90 44 0 
15408	6	4	93 2e 0 
15408	0	4	93 2e 7b 
15408	0	3	92 38 7b 
15408	0	2	91 3e 7b 
15408	0	1	90 41 7b 
15456	48	0	ff 58 4 2 2 18 8 
15456	0	4	93 2e 0 
15456	0	3	92 38 0 
15456	0	2	91 3e 0 
15456	0	1	90 41 0 
15456	0	4	93 2e 74 
15456	0	3	92 38 7f 
15456	0	2	91 3e 7f 
15456	0	1	90 41 7f 
15546	90	3	92 38 0 
15546	0	2	91 3e 0 
15546	0	1	90 41 0 
15551	5	4	93 2e 0 
15552	1	4	93 33 72 
15552	0	3	92 37 7e 
15552	0	2	91 3f 7e 
15552	0	1	90 3f 7e 
15642	90	3	92 37 0 
15642	0	2	91 3f 0 
15642	0	1	90 3f 0 
15644	2	1	c0 49 
15645	1	2	c1 44 
15646	1	3	c2 47 
15647	1	4	c3 46 
15647	0	4	93 33 0 
15648	1	0	ff 58 4 1 2 18 8 
15651	3	4	93 33 66 
15651	0	3	92 37 72 
15651	0	2	91 3f 66 
15651	0	1	90 3f 72 
15689	38	3	92 37 0 
15689	0	1	90 3f 0 
15695	6	4	93 33 0 
15695	0	2	91 3f 0 
15696	1	4	93 33 63 
15696	0	3	92 38 6f 
15696	0	2	91 3f 63 
15696	0	1	90 41 6f 
15738	42	3	92 38 0 
15738	0	1	90 41 0 
15744	6	0	ff 58 4 3 2 18 8 
15744	0	4	93 33 0 
15744	0	2	91 3f 0 
15744	0	4	93 33 74 
15744	0	3	92 3a 74 
15744	0	2	91 3f 74 
15744	0	1	90 43 74 
15840	96	4	93 33 0 
15840	0	3	92 3a 0 
15840	0	2	91 3f 0 
15840	0	1	90 43 0 
15840	0	4	93 33 70 
15840	0	3	92 3a 70 
15840	0	2	91 3f 70 
15840	0	1	90 43 70 
15936	96	4	93 33 0 
15936	0	3	92 3a 0 
15936	0	2	91 3f 0 
15936	0	1	90 43 0 
15936	0	4	93 33 66 
15936	0	3	92 3a 66 
15936	0	2	91 3f 72 
15936	0	1	90 43 72 
15978	42	2	91 3f 0 
15978	0	1	90 43 0 
15984	6	4	93 33 0 
15984	0	3	92 3a 0 
15984	0	4	93 33 63 
15984	0	3	92 3a 63 
15984	0	2	91 41 6f 
15984	0	1	90 44 6f 
16026	42	2	91 41 0 
16026	0	1	90 44 0 
16032	6	4	93 33 0 
16032	0	3	92 3a 0 
16032	0	4	93 33 74 
16032	0	3	92 3a 74 
16032	0	2	91 43 74 
16032	0	1	90 46 74 
16122	90	3	92 3a 0 
16128	6	4	93 33 0 
16128	0	2	91 43 0 
16128	0	1	90 46 0 
16128	0	4	93 33 70 
16128	0	3	92 3f 70 
16128	0	2	91 43 70 
16128	0	1	90 46 70 
16224	96	4	93 33 0 
16224	0	3	92 3f 0 
16224	0	2	91 43 0 
16224	0	1	90 46 0 
16224	0	4	93 33 66 
16224	0	3	92 3f 66 
16224	0	2	91 43 66 
16224	0	1	90 46 66 
16272	48	4	93 33 0 
16272	0	3	92 3f 0 
16272	0	2	91 43 0 
16272	0	1	90 46 0 
16272	0	4	93 33 63 
16272	0	3	92 3f 63 
16272	0	2	91 43 63 
16272	0	1	90 46 63 
16319	47	4	93 33 0 
16319	0	2	91 43 0 
16319	0	1	90 46 0 
16320	1	3	92 3f 0 
16320	0	4	93 2c 74 
16320	0	3	92 3f 74 
16320	0	2	91 44 74 
16320	0	1	90 48 74 
16410	90	2	91 44 0 
16410	0	1	90 48 0 
16416	6	4	93 2c 0 
16416	0	3	92 3f 0 
16416	0	4	93 2c 70 
16416	0	3	92 3f 70 
16416	0	2	91 48 70 
16416	0	1	90 4b 70 
16506	90	2	91 48 0 
16506	0	1	90 4b 0 
16512	6	4	93 2c 0 
16512	0	3	92 3f 0 
16512	0	4	93 2c 72 
16512	0	3	92 3f 66 
16512	0	2	91 46 72 
16512	0	1	90 4a 72 
16554	42	4	93 2c 0 
16554	0	2	91 46 0 
16554	0	1	90 4a 0 
16560	6	3	92 3f 0 
16560	0	4	93 30 6f 
16560	0	3	92 3f 63 
16560	0	2	91 44 6f 
16560	0	1	90 48 6f 
16602	42	4	93 30 0 
16608	6	3	92 3f 0 
16608	0	2	91 44 0 
16608	0	1	90 48 0 
16608	0	4	93 33 74 
16608	0	3	92 3f 74 
16608	0	2	91 44 74 
16608	0	1	90 48 74 
16698	90	2	91 44 0 
16698	0	1	90 48 0 
16704	6	4	93 33 0 
16704	0	3	92 3f 0 
16704	0	4	93 33 70 
16704	0	3	92 3f 70 
16704	0	2	91 43 70 
16704	0	1	90 46 70 
16794	90	3	92 3f 0 
16794	0	2	91 43 0 
16794	0	1	90 46 0 
16800	6	4	93 33 0 
16800	0	4	93 33 66 
16800	0	3	92 37 72 
16800	0	2	91 3f 66 
16800	0	1	90 3f 72 
16842	42	3	92 37 0 
16842	0	1	90 3f 0 
16848	6	4	93 33 0 
16848	0	2	91 3f 0 
16848	0	4	93 33 63 
16848	0	3	92 38 6f 
16848	0	2	91 3f 63 
16848	0	1	90 41 6f 
16890	42	3	92 38 0 
16890	0	1	90 41 0 
16896	6	4	93 33 0 
16896	0	2	91 3f 0 
16896	0	4	93 33 74 
16896	0	3	92 3a 74 
16896	0	2	91 3f 74 
16896	0	1	90 43 74 
17034	138	2	91 3f 0 
17034	0	1	90 43 0 
17040	6	4	93 33 0 
17040	0	3	92 3a 0 
17040	0	4	93 33 6f 
17040	0	3	92 3a 6f 
17040	0	2	91 43 6f 
17040	0	1	90 46 6f 
17082	42	4	93 33 0 
17082	0	2	91 43 0 
17082	0	1	90 46 0 
17088	6	3	92 3a 0 
17088	0	4	93 2e 72 
17088	0	3	92 3a 72 
17088	0	2	91 41 72 
17088	0	1	90 44 72 
17130	42	3	92 3a 0 
17130	0	2	91 41 0 
17130	0	1	90 44 0 
17136	6	4	93 2e 0 
17136	0	4	93 2e 6f 
17136	0	3	92 38 6f 
17136	0	2	91 3e 6f 
17136	0	1	90 41 6f 
17184	48	0	ff 58 4 2 2 18 8 
17184	0	4	93 2e 0 
17184	0	3	92 38 0 
17184	0	2	91 3e 0 
17184	0	1	90 41 0 
17184	0	4	93 2e 68 
17184	0	3	92 38 74 
17184	0	2	91 3e 74 
17184	0	1	90 41 74 
17274	90	3	92 38 0 
17274	0	2	91 3e 0 
17274	0	1	90 41 0 
17279	5	4	93 2e 0 
17280	1	4	93 33 66 
17280	0	3	92 37 72 
17280	0	2	91 3f 72 
17280	0	1	90 3f 72 
17370	90	3	92 37 0 
17370	0	1	90 3f 0 
17376	6	0	ff 58 4 3 2 18 8 
17376	0	4	93 33 0 
17376	0	2	91 3f 0 
17376	0	4	93 33 68 
17376	0	3	92 3a 68 
17376	0	2	91 3f 74 
17376	0	1	90 43 74 
17424	48	4	93 33 0 
17424	0	3	92 3a 0 
17424	0	2	91 3f 0 
17424	0	1	90 43 0 
17424	0	4	93 33 6f 
17424	0	3	92 3a 6f 
17424	0	2	91 3f 7b 
17424	0	1	90 43 7b 
17472	48	4	93 33 0 
17472	0	3	92 3a 0 
17472	0	2	91 3f 0 
17472	0	1	90 43 0 
17472	0	4	93 33 70 
17472	0	3	92 3a 70 
17472	0	2	91 3f 7c 
17472	0	1	90 43 7c 
17514	42	2	91 3f 0 
17514	0	1	90 43 0 
17520	6	4	93 33 0 
17520	0	3	92 3a 0 
17520	0	4	93 33 6f 
17520	0	3	92 3a 6f 
17520	0	2	91 43 7b 
17520	0	1	90 46 7b 
17562	42	2	91 43 0 
17562	0	1	90 46 0 
17567	5	4	93 33 0 
17568	1	3	92 3a 0 
17568	0	4	93 2e 72 
17568	0	3	92 3a 72 
17568	0	2	91 41 7e 
17568	0	1	90 44 7e 
17610	42	2	91 41 0 
17610	0	1	90 44 0 
17615	5	3	92 3a 0 
17616	1	4	93 2e 0 
17616	0	4	93 2e 6f 
17616	0	3	92 38 6f 
17616	0	2	91 3e 7b 
17616	0	1	90 41 7b 
17664	48	0	ff 58 4 2 2 18 8 
17664	0	4	93 2e 0 
17664	0	3	92 38 0 
17664	0	2	91 3e 0 
17664	0	1	90 41 0 
17664	0	4	93 2e 74 
17664	0	3	92 38 7f 
17664	0	2	91 3e 7f 
17664	0	1	90 41 7f 
17754	90	3	92 38 0 
17754	0	2	91 3e 0 
17754	0	1	90 41 0 
17759	5	4	93 2e 0 
17760	1	4	93 33 72 
17760	0	3	92 37 7e 
17760	0	2	91 3f 7e 
17760	0	1	90 3f 7e 
17850	90	3	92 37 0 
17850	0	1	90 3f 0 
17856	6	0	ff 58 4 3 2 18 8 
17856	0	4	93 33 0 
17856	0	2	91 3f 0 
17856	0	4	93 33 74 
17856	0	3	92 3a 74 
17856	0	2	91 3f 7f 
17856	0	1	90 43 7f 
17904	48	4	93 33 0 
17904	0	3	92 3a 0 
17904	0	2	91 3f 0 
17904	0	1	90 43 0 
17904	0	4	93 33 6f 
17904	0	3	92 3a 6f 
17904	0	2	91 3f 7b 
17904	0	1	90 43 7b 
17952	48	4	93 33 0 
17952	0	3	92 3a 0 
17952	0	2	91 3f 0 
17952	0	1	90 43 0 
17952	0	4	93 33 70 
17952	0	3	92 3a 70 
17952	0	2	91 3f 7c 
17952	0	1	90 43 7c 
17994	42	2	91 3f 0 
17994	0	1	90 43 0 
18000	6	4	93 33 0 
18000	0	3	92 3a 0 
18000	0	4	93 33 6f 
18000	0	3	92 3a 6f 
18000	0	2	91 43 7b 
18000	0	1	90 46 7b 
18042	42	2	91 43 0 
18042	0	1	90 46 0 
18047	5	4	93 33 0 
18048	1	3	92 3a 0 
18048	0	4	93 2e 72 
18048	0	3	92 3a 72 
18048	0	2	91 41 7e 
18048	0	1	90 44 7e 
18090	42	2	91 41 0 
18090	0	1	90 44 0 
18095	5	3	92 3a 0 
18096	1	4	93 2e 0 
18096	0	4	93 2e 6f 
18096	0	3	92 38 6f 
18096	0	2	91 3e 7b 
18096	0	1	90 41 7b 
18144	48	0	ff 58 4 2 2 18 8 
18144	0	4	93 2e 0 
18144	0	3	92 38 0 
18144	0	2	91 3e 0 
18144	0	1	90 41 0 
18144	0	4	93 2e 74 
18144	0	3	92 38 7f 
18144	0	2	91 3e 7f 
18144	0	1	90 41 7f 
18234	90	3	92 38 0 
18234	0	2	91 3e 0 
18234	0	1	90 41 0 
18239	5	4	93 2e 0 
18240	1	4	93 33 72 
18240	0	3	92 37 7e 
18240	0	2	91 3f 7e 
18240	0	1	90 3f 7e 
18330	90	3	92 37 0 
18330	0	1	90 3f 0 
18336	6	0	ff 58 4 3 2 18 8 
18336	0	4	93 33 0 
18336	0	2	91 3f 0 
18336	0	4	93 33 74 
18336	0	3	92 3a 74 
18336	0	2	91 3f 7f 
18336	0	1	90 43 7f 
18384	48	4	93 33 0 
18384	0	3	92 3a 0 
18384	0	2	91 3f 0 
18384	0	1	90 43 0 
18384	0	4	93 33 53 
18384	0	3	92 3a 53 
18384	0	2	91 3f 5f 
18384	0	1	90 43 5f 
18432	48	4	93 33 0 
18432	0	3	92 3a 0 
18432	0	2	91 3f 0 
18432	0	1	90 43 0 
18432	0	4	93 33 54 
18432	0	3	92 3a 54 
18432	0	2	91 3f 60 
18432	0	1	90 43 60 
18474	42	2	91 3f 0 
18474	0	1	90 43 0 
18480	6	4	93 33 0 
18480	0	3	92 3a 0 
18480	0	4	93 33 53 
18480	0	3	92 3a 53 
18480	0	2	91 43 5f 
18480	0	1	90 46 5f 
18522	42	2	91 43 0 
18522	0	1	90 46 0 
18527	5	4	93 33 0 
18528	1	3	92 3a 0 
18528	0	4	93 2e 56 
18528	0	3	92 3a 56 
18528	0	2	91 41 62 
18528	0	1	90 44 62 
18570	42	2	91 41 0 
18570	0	1	90 44 0 
18575	5	3	92 3a 0 
18576	1	4	93 2e 0 
18576	0	4	93 2e 53 
18576	0	3	92 38 53 
18576	0	2	91 3e 5f 
18576	0	1	90 41 5f 
18624	48	0	ff 58 4 2 2 18 8 
18624	0	4	93 2e 0 
18624	0	3	92 38 0 
18624	0	2	91 3e 0 
18624	0	1	90 41 0 
18624	0	4	93 2e 58 
18624	0	3	92 38 64 
18624	0	2	91 3e 64 
18624	0	1	90 41 64 
18714	90	3	92 38 0 
18714	0	2	91 3e 0 
18714	0	1	90 41 0 
18719	5	4	93 2e 0 
18720	1	4	93 33 56 
18720	0	3	92 37 62 
18720	0	2	91 3f 62 
18720	0	1	90 3f 62 
18810	90	3	92 37 0 
18810	0	1	90 3f 0 
18816	6	0	ff 58 4 3 2 18 8 
18816	0	4	93 33 0 
18816	0	2	91 3f 0 
18816	0	4	93 33 58 
18816	0	3	92 3a 58 
18816	0	2	91 3f 58 
18816	0	1	90 43 58 
18840	24	4	93 33 0 
18840	0	3	92 3a 0 
18840	0	2	91 3f 0 
18840	0	1	90 43 0 
18840	0	4	93 33 53 
18840	0	3	92 3a 53 
18840	0	2	91 3f 53 
18840	0	1	90 43 53 
18864	24	4	93 33 0 
18864	0	3	92 3a 0 
18864	0	2	91 3f 0 
18864	0	1	90 43 0 
18864	0	4	93 33 53 
18864	0	3	92 3a 53 
18864	0	2	91 3f 53 
18864	0	1	90 43 53 
18888	24	4	93 33 0 
18888	0	3	92 3a 0 
18888	0	2	91 3f 0 
18888	0	1	90 43 0 
18888	0	4	93 33 53 
18888	0	3	92 3a 53 
18888	0	2	91 3f 53 
18888	0	1	90 43 53 
18912	24	4	93 33 0 
18912	0	3	92 3a 0 
18912	0	2	91 3f 0 
18912	0	1	90 43 0 
18912	0	4	93 33 60 
18912	0	3	92 3a 60 
18912	0	2	91 3f 60 
18912	0	1	90 43 60 
18954	42	2	91 3f 0 
18954	0	1	90 43 0 
18960	6	4	93 33 0 
18960	0	3	92 3a 0 
18960	0	4	93 33 5f 
18960	0	3	92 3a 5f 
18960	0	2	91 43 5f 
18960	0	1	90 46 5f 
19002	42	4	93 33 0 
19002	0	2	91 43 0 
19002	0	1	90 46 0 
19008	6	3	92 3a 0 
19008	0	4	93 2e 62 
19008	0	3	92 3a 62 
19008	0	2	91 41 62 
19008	0	1	90 44 62 
19050	42	3	92 3a 0 
19050	0	2	91 41 0 
19050	0	1	90 44 0 
19056	6	4	93 2e 0 
19056	0	4	93 2e 5f 
19056	0	3	92 38 5f 
19056	0	2	91 3e 5f 
19056	0	1	90 41 5f 
19104	48	0	ff 58 4 2 2 18 8 
19104	0	4	93 2e 0 
19104	0	3	92 38 0 
19104	0	2	91 3e 0 
19104	0	1	90 41 0 
19104	0	4	93 2e 58 
19104	0	3	92 38 64 
19104	0	2	91 3e 64 
19104	0	1	90 41 64 
19194	90	3	92 38 0 
19194	0	2	91 3e 0 
19194	0	1	90 41 0 
19199	5	4	93 2e 0 
19200	1	4	93 33 56 
19200	0	3	92 37 62 
19200	0	2	91 3f 62 
19200	0	1	90 3f 62 
19290	90	3	92 37 0 
19290	0	1	90 3f 0 
19296	6	0	ff 58 4 3 2 18 8 
19296	0	4	93 33 0 
19296	0	2	91 3f 0 
19296	0	4	93 33 58 
19296	0	3	92 3a 58 
19296	0	2	91 3f 58 
19296	0	1	90 43 58 
19320	24	4	93 33 0 
19320	0	3	92 3a 0 
19320	0	2	91 3f 0 
19320	0	1	90 43 0 
19320	0	4	93 33 5b 
19320	0	3	92 3a 5b 
19320	0	2	91 3f 5b 
19320	0	1	90 43 5b 
19344	24	4	93 33 0 
19344	0	3	92 3a 0 
19344	0	2	91 3f 0 
19344	0	1	90 43 0 
19344	0	4	93 33 5b 
19344	0	3	92 3a 5b 
19344	0	2	91 3f 5b 
19344	0	1	90 43 5b 
19368	24	4	93 33 0 
19368	0	3	92 3a 0 
19368	0	2	91 3f 0 
19368	0	1	90 43 0 
19368	0	4	93 33 5b 
19368	0	3	92 3a 5b 
19368	0	2	91 3f 5b 
19368	0	1	90 43 5b 
19392	24	4	93 33 0 
19392	0	3	92 3a 0 
19392	0	2	91 3f 0 
19392	0	1	90 43 0 
19392	0	4	93 33 68 
19392	0	3	92 3a 68 
19392	0	2	91 3f 68 
19392	0	1	90 43 68 
19434	42	2	91 3f 0 
19434	0	1	90 43 0 
19440	6	4	93 33 0 
19440	0	3	92 3a 0 
19440	0	4	93 33 67 
19440	0	3	92 3a 67 
19440	0	2	91 43 67 
19440	0	1	90 46 67 
19482	42	4	93 33 0 
19482	0	2	91 43 0 
19482	0	1	90 46 0 
19488	6	3	92 3a 0 
19488	0	4	93 2e 6a 
19488	0	3	92 3a 6a 
19488	0	2	91 41 6a 
19488	0	1	90 44 6a 
19530	42	3	92 3a 0 
19530	0	2	91 41 0 
19530	0	1	90 44 0 
19536	6	4	93 2e 0 
19536	0	4	93 2e 67 
19536	0	3	92 38 67 
19536	0	2	91 3e 67 
19536	0	1	90 41 67 
19584	48	0	ff 58 4 2 2 18 8 
19584	0	4	93 2e 0 
19584	0	3	92 38 0 
19584	0	2	91 3e 0 
19584	0	1	90 41 0 
19584	0	4	93 2e 6c 
19584	0	3	92 38 6c 
19584	0	2	91 3e 6c 
19584	0	1	90 41 6c 
19674	90	4	93 2e 0 
19674	0	3	92 38 0 
19674	0	2	91 3e 0 
19674	0	1	90 41 0 
19680	6	4	93 33 6a 
19680	0	3	92 37 6a 
19680	0	2	91 3f 6a 
19680	0	1	90 3f 6a 
19722	42	4	93 33 0 
19722	0	3	92 37 0 
19722	0	2	91 3f 0 
19722	0	1	90 3f 0 
19728	6	4	93 2e 67 
19728	0	3	92 2e 67 
19728	0	2	91 3a 67 
19728	0	1	90 3a 67 
19770	42	4	93 2e 0 
19770	0	3	92 2e 0 
19770	0	2	91 3a 0 
19770	0	1	90 3a 0 
19776	6	4	93 33 60 
19776	0	3	92 3a 60 
19776	0	2	91 3f 60 
19776	0	1	90 43 60 
19800	24	4	93 33 0 
19800	0	3	92 3a 0 
19800	0	2	91 3f 0 
19800	0	1	90 43 0 
19800	0	4	93 33 5b 
19800	0	3	92 3a 5b 
19800	0	2	91 3f 5b 
19800	0	1	90 43 5b 
19824	24	4	93 33 0 
19824	0	3	92 3a 0 
19824	0	2	91 3f 0 
19824	0	1	90 43 0 
19824	0	4	93 33 5b 
19824	0	3	92 3a 5b 
19824	0	2	91 3f 5b 
19824	0	1	90 43 5b 
19848	24	4	93 33 0 
19848	0	3	92 3a 0 
19848	0	2	91 3f 0 
19848	0	1	90 43 0 
19848	0	4	93 33 5b 
19848	0	3	92 3a 5b 
19848	0	2	91 3f 5b 
19848	0	1	90 43 5b 
19872	24	4	93 33 0 
19872	0	3	92 3a 0 
19872	0	2	91 3f 0 
19872	0	1	90 43 0 
19872	0	4	93 33 6a 
19872	0	3	92 3a 6a 
19872	0	2	91 3f 6a 
19872	0	1	90 43 6a 
19914	42	4	93 33 0 
19914	0	3	92 3a 0 
19914	0	2	91 3f 0 
19914	0	1	90 43 0 
19920	6	4	93 2e 67 
19920	0	3	92 2e 67 
19920	0	2	91 3a 67 
19920	0	1	90 3a 67 
19962	42	4	93 2e 0 
19962	0	3	92 2e 0 
19962	0	2	91 3a 0 
19962	0	1	90 3a 0 
19968	6	4	93 33 60 
19968	0	3	92 3a 60 
19968	0	2	91 3f 60 
19968	0	1	90 43 60 
19992	24	4	93 33 0 
19992	0	3	92 3a 0 
19992	0	2	91 3f 0 
19992	0	1	90 43 0 
19992	0	4	93 33 53 
19992	0	3	92 3a 53 
19992	0	2	91 3f 53 
19992	0	1	90 43 53 
20016	24	4	93 33 0 
20016	0	3	92 3a 0 
20016	0	2	91 3f 0 
20016	0	1	90 43 0 
20016	0	4	93 33 53 
20016	0	3	92 3a 53 
20016	0	2	91 3f 53 
20016	0	1	90 43 53 
20040	24	4	93 33 0 
20040	0	3	92 3a 0 
20040	0	2	91 3f 0 
20040	0	1	90 43 0 
20040	0	4	93 33 53 
20040	0	3	92 3a 53 
20040	0	2	91 3f 53 
20040	0	1	90 43 53 
20064	24	4	93 33 0 
20064	0	3	92 3a 0 
20064	0	2	91 3f 0 
20064	0	1	90 43 0 
20064	0	4	93 33 62 
20064	0	3	92 3a 62 
20064	0	2	91 3f 62 
20064	0	1	90 43 62 
20106	42	4	93 33 0 
20106	0	3	92 3a 0 
20106	0	2	91 3f 0 
20106	0	1	90 43 0 
20112	6	4	93 2e 5f 
20112	0	3	92 2e 5f 
20112	0	2	91 3a 5f 
20112	0	1	90 3a 5f 
20154	42	4	93 2e 0 
20154	0	3	92 2e 0 
20154	0	2	91 3a 0 
20154	0	1	90 3a 0 
20160	6	4	93 33 64 
20160	0	3	92 3a 64 
20160	0	2	91 3f 64 
20160	0	1	90 43 64 
20208	48	4	93 33 0 
20208	0	3	92 3a 0 
20208	0	2	91 3f 0 
20208	0	1	90 43 0 
20208	0	4	93 33 5f 
20208	0	3	92 3a 5f 
20208	0	2	91 3f 5f 
20208	0	1	90 43 5f 
20256	48	4	93 33 0 
20256	0	3	92 3a 0 
20256	0	2	91 3f 0 
20256	0	1	90 43 0 
20256	0	4	93 33 62 
20256	0	3	92 3a 62 
20256	0	2	91 3f 62 
20256	0	1	90 43 62 
20298	42	4	93 33 0 
20298	0	3	92 3a 0 
20298	0	2	91 3f 0 
20298	0	1	90 43 0 
20304	6	4	93 2e 5f 
20304	0	3	92 2e 5f 
20304	0	2	91 3a 5f 
20304	0	1	90 3a 5f 
20346	42	4	93 2e 0 
20346	0	3	92 2e 0 
20346	0	2	91 3a 0 
20346	0	1	90 3a 0 
20352	6	0	ff 58 4 3 2 18 8 
20352	0	4	93 33 64 
20352	0	3	92 3a 64 
20352	0	2	91 3f 64 
20352	0	1	90 43 64 
20400	48	4	93 33 0 
20400	0	3	92 3a 0 
20400	0	2	91 3f 0 
20400	0	1	90 43 0 
20400	0	4	93 33 7b 
20400	0	3	92 3a 7b 
20400	0	2	91 3f 7b 
20400	0	1	90 43 7b 
20448	48	4	93 33 0 
20448	0	3	92 3a 0 
20448	0	2	91 3f 0 
20448	0	1	90 43 0 
20448	0	4	93 33 7c 
20448	0	3	92 3a 7c 
20448	0	2	91 3f 7c 
20448	0	1	90 43 7c 
20490	42	2	91 3f 0 
20490	0	1	90 43 0 
20496	6	4	93 33 0 
20496	0	3	92 3a 0 
20496	0	4	93 33 7b 
20496	0	3	92 3a 7b 
20496	0	2	91 43 7b 
20496	0	1	90 46 7b 
20538	42	4	93 33 0 
20538	0	2	91 43 0 
20538	0	1	90 46 0 
20544	6	3	92 3a 0 
20544	0	4	93 2e 7e 
20544	0	3	92 3a 7e 
20544	0	2	91 41 7e 
20544	0	1	90 44 7e 
20586	42	3	92 3a 0 
20586	0	2	91 41 0 
20586	0	1	90 44 0 
20592	6	4	93 2e 0 
20592	0	4	93 2e 7b 
20592	0	3	92 38 7b 
20592	0	2	91 3e 7b 
20592	0	1	90 41 7b 
20640	48	0	ff 58 4 2 2 18 8 
20640	0	4	93 2e 0 
20640	0	3	92 38 0 
20640	0	2	91 3e 0 
20640	0	1	90 41 0 
20640	0	4	93 2e 74 
20640	0	3	92 38 7f 
20640	0	2	91 3e 7f 
20640	0	1	90 41 7f 
20640	0	0	ff 2f 0 
20730	90	3	92 38 0 
20730	0	2	91 3e 0 
20730	0	1	90 41 0 
20735	5	4	93 2e 0 
20736	1	4	93 33 72 
20736	0	3	92 37 7e 
20736	0	2	91 3f 7e 
20736	0	1	90 3f 7e 
20826	90	3	92 37 0 
20826	0	2	91 3f 0 
20826	0	1	90 3f 0 
20826	0	3	ff 2f 0 
20826	0	2	ff 2f 0 
20826	0	1	ff 2f 0 
20831	5	4	93 33 0 
20831	0	4	ff 2f 0 
