TPQ: 384
TRACKS: 17
0	0	0	ff 58 4 4 2 60 8 
0	0	0	ff 7f 3 0 0 41 
0	0	0	ff 51 3 7 a1 20 
0	0	1	ff 3 8 54 72 61 75 6d 65 72 69 
0	0	1	ff 59 2 0 0 
0	0	2	ff 3 8 53 63 68 75 6d 61 6e 6e 
0	0	2	ff 59 2 0 0 
0	0	3	ff 3 d 52 6f 62 65 72 74 20 46 69 6e 6c 65 79 
0	0	3	ff 59 2 0 0 
0	0	4	ff 59 2 0 0 
0	0	5	ff 59 2 0 0 
0	0	6	ff 59 2 0 0 
0	0	7	ff 59 2 0 0 
0	0	8	ff 59 2 0 0 
0	0	9	ff 59 2 0 0 
0	0	10	ff 59 2 0 0 
0	0	11	ff 59 2 0 0 
0	0	12	ff 59 2 0 0 
0	0	13	ff 59 2 0 0 
0	0	14	ff 59 2 0 0 
0	0	15	ff 59 2 0 0 
0	0	16	ff 59 2 0 0 
0	0	1	b0 0 0 
0	0	1	c0 0 
0	0	1	b0 5b 7f 
0	0	16	ff 2f 0 
0	0	15	ff 2f 0 
0	0	14	ff 2f 0 
0	0	13	ff 2f 0 
0	0	12	ff 2f 0 
0	0	11	ff 2f 0 
0	0	10	ff 2f 0 
0	0	9	ff 2f 0 
0	0	8	ff 2f 0 
0	0	7	ff 2f 0 
0	0	6	ff 2f 0 
0	0	5	ff 2f 0 
0	0	4	ff 2f 0 
0	0	3	ff 2f 0 
0	0	2	ff 2f 0 
0	0	0	ff 2f 0 
384	384	1	b0 5b 7f 
688	304	1	b0 40 28 
700	12	1	b0 40 48 
716	16	1	b0 40 68 
732	16	1	b0 40 7f 
864	132	1	90 3c 30 
1144	280	1	80 3c 0 
1288	144	1	b0 43 7f 
1536	248	1	90 41 39 
1556	20	1	90 29 1e 
1616	60	1	b0 40 58 
1628	12	1	b0 40 0 
1708	80	1	b0 40 28 
1724	16	1	b0 40 7f 
1764	40	1	80 29 0 
2284	520	1	90 30 1d 
2284	0	1	90 3c 1e 
2300	16	1	90 39 16 
2312	12	1	90 35 18 
2468	156	1	b0 40 38 
2484	16	1	b0 40 0 
2592	108	1	b0 40 28 
2608	16	1	b0 40 68 
2620	12	1	b0 40 7f 
2800	180	1	80 35 0 
2896	96	1	80 3c 0 
2940	44	1	80 41 0 
3472	532	1	90 40 38 
3628	156	1	80 30 0 
3644	16	1	80 39 0 
3916	272	1	80 40 0 
3920	4	1	90 41 3f 
4256	336	1	80 41 0 
4256	0	1	90 45 49 
4532	276	1	80 45 0 
4556	24	1	90 48 52 
4716	160	1	80 48 0 
4876	160	1	90 4d 53 
4976	100	1	b0 40 18 
4992	16	1	b0 40 0 
5032	40	1	90 2e 34 
5068	36	1	b0 40 28 
5084	16	1	b0 40 7f 
5088	4	1	80 4d 0 
5148	60	1	90 35 25 
5152	4	1	80 2e 0 
5240	88	1	80 35 0 
5404	164	1	90 4d 49 
5420	16	1	90 3e 39 
5432	12	1	90 41 2c 
5660	228	1	b0 40 48 
5672	12	1	b0 40 28 
5688	16	1	b0 40 18 
5704	16	1	b0 40 38 
5720	16	1	b0 40 7f 
6360	640	1	80 3e 0 
6572	212	1	80 4d 0 
6728	156	1	90 4c 4a 
6748	20	1	90 3c 2c 
7088	340	1	80 4c 0 
7156	68	1	90 4a 52 
7172	16	1	90 3a 2b 
7184	12	1	80 41 0 
7288	104	1	80 3a 0 
7296	8	1	80 3c 0 
7304	8	1	80 4a 0 
7560	256	1	90 48 4f 
7592	32	1	90 41 1f 
7596	4	1	90 39 1f 
7612	16	1	90 3c 1a 
7620	8	1	90 30 18 
7688	68	1	b0 40 38 
7700	12	1	b0 40 0 
7828	128	1	b0 40 58 
7844	16	1	b0 40 7f 
7936	92	1	90 4d 51 
7976	40	1	80 48 0 
8024	48	1	80 4d 0 
8024	0	1	80 39 0 
8028	4	1	80 41 0 
8044	16	1	80 30 0 
8076	32	1	80 3c 0 
8300	224	1	90 43 44 
8320	20	1	90 3a 21 
8332	12	1	90 40 2b 
8340	8	1	90 3c 23 
8348	8	1	90 30 29 
8368	20	1	b0 40 48 
8384	16	1	b0 40 0 
8496	112	1	b0 40 28 
8508	12	1	b0 40 68 
8524	16	1	b0 40 7f 
8540	16	1	80 3a 0 
8652	112	1	90 45 4c 
8664	12	1	b0 40 58 
8668	4	1	90 39 2a 
8680	12	1	b0 40 18 
8692	12	1	b0 40 0 
8692	0	1	80 43 0 
8740	48	1	b0 40 28 
8756	16	1	b0 40 68 
8772	16	1	b0 40 7f 
8884	112	1	80 39 0 
8884	0	1	80 45 0 
8972	88	1	90 46 41 
8988	16	1	90 37 2e 
9020	32	1	b0 40 48 
9036	16	1	b0 40 18 
9052	16	1	b0 40 0 
9188	136	1	b0 40 58 
9204	16	1	b0 40 7f 
9240	36	1	80 3c 0 
9252	12	1	80 46 0 
9260	8	1	80 30 0 
9300	40	1	90 4a 4b 
9308	8	1	80 37 0 
9356	48	1	80 4a 0 
9372	16	1	80 40 0 
9680	308	1	90 41 47 
9708	28	1	90 3c 2d 
9720	12	1	90 35 2c 
9732	12	1	90 2d 27 
9744	12	1	b0 40 38 
9764	20	1	b0 40 0 
9856	92	1	b0 40 68 
9864	8	1	80 35 0 
9872	8	1	b0 40 7f 
9892	20	1	80 41 0 
9900	8	1	80 2d 0 
10072	172	1	90 43 4b 
10088	16	1	90 40 3b 
10096	8	1	90 30 3a 
10116	20	1	b0 40 18 
10116	0	1	90 37 24 
10136	20	1	b0 40 0 
10204	68	1	80 40 0 
10212	8	1	b0 40 28 
10228	16	1	b0 40 7f 
10232	4	1	80 30 0 
10232	0	1	80 43 0 
10256	24	1	80 37 0 
10340	84	1	80 3c 0 
10444	104	1	90 45 4a 
10460	16	1	90 41 31 
10468	8	1	90 3c 16 
10468	0	1	90 35 2d 
10472	4	1	90 39 22 
10524	52	1	b0 40 58 
10536	12	1	b0 40 18 
10552	16	1	b0 40 0 
10668	116	1	80 45 0 
10676	8	1	b0 40 7f 
10772	96	1	80 39 0 
10788	16	1	80 41 0 
10792	4	1	90 48 4a 
10796	4	1	80 35 0 
10864	68	1	80 48 0 
10912	48	1	80 3c 0 
11168	256	1	90 43 3d 
11184	16	1	90 3c 29 
11192	8	1	90 37 27 
11192	0	1	90 40 2a 
11208	16	1	90 30 30 
11220	12	1	b0 40 28 
11236	16	1	b0 40 0 
11344	108	1	b0 40 48 
11360	16	1	b0 40 7f 
11492	132	1	80 30 0 
11516	24	1	b0 40 48 
11524	8	1	90 32 2f 
11532	8	1	b0 40 0 
11532	0	1	80 37 0 
11624	92	1	b0 40 18 
11636	12	1	b0 40 48 
11652	16	1	b0 40 7f 
11808	156	1	80 32 0 
11836	28	1	90 30 31 
11840	4	1	b0 40 38 
11856	16	1	b0 40 0 
11916	60	1	b0 40 18 
11932	16	1	b0 40 48 
11944	12	1	b0 40 7f 
12152	208	1	80 30 0 
12164	12	1	b0 40 58 
12168	4	1	90 2e 2a 
12180	12	1	b0 40 18 
12180	0	1	80 40 0 
12196	16	1	b0 40 0 
12244	48	1	b0 40 28 
12260	16	1	b0 40 58 
12272	12	1	b0 40 7f 
12312	40	1	80 3c 0 
12444	132	1	80 2e 0 
12460	16	1	80 43 0 
12488	28	1	90 3c 40 
12532	44	1	90 2b 24 
12584	52	1	b0 40 28 
12600	16	1	b0 40 0 
12708	108	1	b0 40 48 
12724	16	1	b0 40 7f 
12752	28	1	80 2b 0 
12832	80	1	90 2d 27 
12844	12	1	b0 40 38 
12860	16	1	b0 40 0 
12908	48	1	b0 40 28 
12924	16	1	b0 40 58 
12940	16	1	b0 40 7f 
12960	20	1	80 2d 0 
13068	108	1	80 3c 0 
13212	144	1	90 41 3a 
13260	48	1	90 29 31 
13296	36	1	b0 40 48 
13312	16	1	b0 40 0 
13436	124	1	b0 40 58 
13448	12	1	b0 40 7f 
13464	16	1	80 29 0 
13900	436	1	90 3c 24 
13912	12	1	90 39 19 
13912	0	1	90 30 25 
13916	4	1	90 35 1a 
14088	172	1	b0 40 48 
14104	16	1	b0 40 18 
14116	12	1	b0 40 0 
14208	92	1	b0 40 28 
14224	16	1	b0 40 7f 
14316	92	1	80 35 0 
14404	88	1	80 3c 0 
14500	96	1	80 41 0 
14912	412	1	90 40 3b 
15276	364	1	80 40 0 
15332	56	1	90 41 40 
15400	68	1	b0 40 58 
15416	16	1	b0 40 38 
15464	48	1	b0 40 7f 
15620	156	1	80 41 0 
15644	24	1	90 45 48 
15780	136	1	80 39 0 
15796	16	1	80 30 0 
15944	148	1	90 48 55 
15948	4	1	80 45 0 
16012	64	1	80 48 0 
16248	236	1	90 51 53 
16316	68	1	b0 40 68 
16328	12	1	b0 40 0 
16396	68	1	90 31 34 
16408	12	1	b0 40 28 
16424	16	1	b0 40 68 
16440	16	1	b0 40 7f 
16440	0	1	80 51 0 
16556	116	1	80 31 0 
16580	24	1	90 39 28 
16812	232	1	90 51 50 
16848	36	1	90 45 2c 
16848	0	1	90 43 30 
16860	12	1	90 40 30 
17060	200	1	b0 40 38 
17076	16	1	b0 40 0 
17168	92	1	b0 40 48 
17184	16	1	b0 40 7f 
17696	512	1	80 43 0 
17712	16	1	80 45 0 
18024	312	1	80 51 0 
18080	56	1	90 4f 4e 
18372	292	1	80 40 0 
18424	52	1	80 4f 0 
18448	24	1	90 4d 51 
18656	208	1	80 39 0 
18724	68	1	80 4d 0 
18744	20	1	90 4c 51 
18984	240	1	80 4c 0 
19088	104	1	90 45 25 
19088	0	1	90 32 22 
19088	0	1	90 3e 1d 
19088	0	1	90 4d 51 
19196	108	1	b0 40 58 
19212	16	1	b0 40 0 
19336	124	1	b0 40 7f 
19484	148	1	90 51 4f 
19496	12	1	80 4d 0 
19516	20	1	80 32 0 
19544	28	1	80 3e 0 
19748	204	1	80 51 0 
19772	24	1	80 45 0 
19772	0	1	90 4a 54 
19840	68	1	80 4a 0 
20084	244	1	90 4d 56 
20092	8	1	b0 40 58 
20096	4	1	90 44 33 
20108	12	1	90 3c 26 
20108	0	1	90 35 2b 
20112	4	1	b0 40 0 
20220	108	1	b0 40 58 
20228	8	1	80 4d 0 
20236	8	1	b0 40 7f 
20248	12	1	80 35 0 
20272	24	1	80 3c 0 
20352	80	1	80 44 0 
20432	80	1	90 4c 50 
20456	24	1	90 43 36 
20460	4	1	90 3c 27 
20464	4	1	90 37 2f 
20560	96	1	b0 40 38 
20572	12	1	b0 40 0 
20728	156	1	b0 40 38 
20744	16	1	b0 40 7f 
20788	44	1	90 48 46 
20812	24	1	80 43 0 
21008	196	1	80 4c 0 
21088	80	1	90 40 41 
21168	80	1	80 40 0 
21180	12	1	80 3c 0 
21200	20	1	80 48 0 
21200	0	1	80 37 0 
21420	220	1	90 4b 4d 
21444	24	1	90 42 28 
21452	8	1	90 3c 23 
21464	12	1	90 39 1d 
21488	24	1	b0 40 48 
21504	16	1	b0 40 0 
21616	112	1	b0 40 68 
21624	8	1	80 4b 0 
21632	8	1	b0 40 7f 
21632	0	1	80 42 0 
21672	40	1	80 39 0 
21684	12	1	80 3c 0 
21828	144	1	90 4a 3e 
21856	28	1	90 41 27 
21856	0	1	90 3b 27 
21860	4	1	90 37 26 
21908	48	1	b0 40 38 
21924	16	1	b0 40 0 
22044	120	1	b0 40 58 
22060	16	1	b0 40 7f 
22172	112	1	80 41 0 
22176	4	1	90 43 38 
22240	64	1	80 4a 0 
22460	220	1	80 3b 0 
22488	28	1	90 4c 46 
22520	32	1	80 43 0 
22532	12	1	90 39 21 
22572	40	1	b0 40 58 
22588	16	1	b0 40 18 
22604	16	1	b0 40 0 
22664	60	1	b0 40 38 
22680	16	1	b0 40 7f 
22832	152	1	80 39 0 
22852	20	1	90 3b 26 
22908	56	1	80 4c 0 
22956	48	1	80 37 0 
22972	16	1	80 3b 0 
23000	28	1	90 48 43 
23088	88	1	80 48 0 
23216	128	1	90 48 37 
23248	32	1	90 40 23 
23260	12	1	90 37 20 
23272	12	1	b0 40 38 
23280	8	1	90 30 29 
23288	8	1	b0 40 0 
23380	92	1	b0 40 38 
23396	16	1	b0 40 7f 
23460	64	1	80 30 0 
23580	120	1	90 32 26 
23668	88	1	80 32 0 
23944	276	1	90 2e 27 
23984	40	1	b0 40 38 
23996	12	1	b0 40 0 
24044	48	1	b0 40 28 
24056	12	1	80 37 0 
24060	4	1	b0 40 68 
24064	4	1	80 48 0 
24076	12	1	b0 40 7f 
24108	32	1	80 40 0 
24248	140	1	80 2e 0 
24368	120	1	90 3c 3b 
24392	24	1	90 2b 2a 
24464	72	1	b0 40 58 
24480	16	1	b0 40 0 
24568	88	1	80 2b 0 
24572	4	1	b0 40 28 
24588	16	1	b0 40 7f 
24612	24	1	80 3c 0 
24876	264	1	90 41 3b 
24920	44	1	90 29 26 
24960	40	1	b0 40 58 
24972	12	1	b0 40 0 
25068	96	1	b0 40 38 
25084	16	1	b0 40 7f 
25104	20	1	80 29 0 
25360	256	1	80 41 0 
25488	128	1	90 41 c 
25512	24	1	90 30 24 
25516	4	1	90 3c 22 
25516	0	1	90 35 16 
25528	12	1	90 39 18 
25656	128	1	b0 40 58 
25672	16	1	b0 40 18 
25688	16	1	b0 40 0 
25796	108	1	b0 40 38 
25812	16	1	b0 40 7f 
25856	44	1	80 35 0 
25964	108	1	80 3c 0 
26044	80	1	80 41 0 
26472	428	1	90 40 3a 
26808	336	1	80 40 0 
26824	16	1	90 41 42 
27128	304	1	90 45 46 
27144	16	1	80 41 0 
27212	68	1	80 39 0 
27256	44	1	80 30 0 
27356	100	1	80 45 0 
27412	56	1	90 48 4b 
27512	100	1	80 48 0 
27720	208	1	90 4d 4f 
27808	88	1	b0 40 58 
27824	16	1	b0 40 0 
27860	36	1	90 2e 2d 
27900	40	1	b0 40 28 
27916	16	1	b0 40 7f 
27932	16	1	80 4d 0 
28008	76	1	80 2e 0 
28016	8	1	90 35 34 
28104	88	1	80 35 0 
28268	164	1	90 4d 49 
28300	32	1	90 3e 37 
28308	8	1	90 41 1f 
28736	428	1	b0 40 68 
28752	16	1	b0 40 58 
28768	16	1	b0 40 68 
28788	20	1	b0 40 7f 
29220	432	1	80 3e 0 
29404	184	1	80 4d 0 
29496	92	1	90 4c 44 
29508	12	1	90 3c 38 
29852	344	1	80 4c 0 
29908	56	1	90 4a 4e 
29920	12	1	90 3a 2e 
30008	88	1	80 41 0 
30068	60	1	80 3a 0 
30128	60	1	80 4a 0 
30260	132	1	80 3c 0 
30300	40	1	90 48 4f 
30328	28	1	90 39 25 
30336	8	1	90 41 1c 
30340	4	1	90 3c d 
30356	16	1	90 30 2d 
30428	72	1	b0 40 18 
30444	16	1	b0 40 0 
30552	108	1	b0 40 7f 
30672	120	1	90 4d 55 
30704	32	1	80 48 0 
30752	48	1	80 4d 0 
30772	20	1	80 41 0 
30772	0	1	80 39 0 
30812	40	1	80 3c 0 
30816	4	1	80 30 0 
31016	200	1	90 43 4a 
31024	8	1	90 3a 27 
31052	28	1	90 40 22 
31052	0	1	90 3c 27 
31056	4	1	90 30 2d 
31080	24	1	b0 40 18 
31096	16	1	b0 40 0 
31188	92	1	b0 40 28 
31200	12	1	b0 40 7f 
31204	4	1	80 3a 0 
31328	124	1	80 43 0 
31332	4	1	90 45 52 
31340	8	1	b0 40 68 
31348	8	1	90 39 33 
31360	12	1	b0 40 18 
31372	12	1	b0 40 0 
31404	32	1	b0 40 38 
31420	16	1	b0 40 68 
31436	16	1	b0 40 7f 
31560	124	1	80 45 0 
31584	24	1	80 39 0 
31660	76	1	90 46 49 
31680	20	1	90 37 34 
31772	92	1	b0 40 58 
31792	20	1	b0 40 0 
31900	108	1	b0 40 7f 
31972	72	1	80 3c 0 
31976	4	1	80 46 0 
32012	36	1	80 37 0 
32012	0	1	90 4a 4e 
32052	40	1	80 30 0 
32080	28	1	80 4a 0 
32112	32	1	80 40 0 
32408	296	1	90 41 46 
32440	32	1	90 3c 31 
32444	4	1	90 35 33 
32464	20	1	90 2d 29 
32488	24	1	b0 40 28 
32504	16	1	b0 40 0 
32580	76	1	b0 40 58 
32596	16	1	b0 40 7f 
32596	0	1	80 35 0 
32648	52	1	80 2d 0 
32656	8	1	80 41 0 
32792	136	1	90 43 4d 
32804	12	1	90 40 3e 
32820	16	1	90 37 33 
32824	4	1	90 30 38 
32844	20	1	b0 40 48 
32860	16	1	b0 40 0 
32880	20	1	80 40 0 
32940	60	1	b0 40 38 
32940	0	1	80 43 0 
32952	12	1	b0 40 7f 
32964	12	1	80 30 0 
33000	36	1	80 37 0 
33156	156	1	90 45 4b 
33176	20	1	90 41 32 
33176	0	1	90 39 3c 
33180	4	1	90 35 34 
33216	36	1	b0 40 58 
33232	16	1	b0 40 0 
33372	140	1	b0 40 68 
33388	16	1	b0 40 7f 
33496	108	1	80 39 0 
33520	24	1	80 35 0 
33520	0	1	80 41 0 
33532	12	1	80 45 0 
33532	0	1	90 48 4e 
33608	76	1	80 48 0 
33636	28	1	80 3c 0 
33880	244	1	90 43 46 
33896	16	1	90 37 35 
33900	4	1	90 40 2e 
33904	4	1	90 3c 2b 
33912	8	1	90 30 38 
33916	4	1	b0 40 48 
33928	12	1	b0 40 0 
34024	96	1	b0 40 38 
34040	16	1	b0 40 7f 
34192	152	1	b0 40 48 
34196	4	1	80 30 0 
34208	12	1	b0 40 0 
34212	4	1	90 32 31 
34252	40	1	b0 40 18 
34268	16	1	b0 40 38 
34284	16	1	b0 40 68 
34300	16	1	b0 40 7f 
34508	208	1	80 32 0 
34520	12	1	90 30 3b 
34532	12	1	80 40 0 
34548	16	1	b0 40 38 
34564	16	1	b0 40 0 
34640	76	1	b0 40 28 
34656	16	1	b0 40 68 
34672	16	1	b0 40 7f 
34828	156	1	b0 40 58 
34832	4	1	90 2e 2f 
34844	12	1	b0 40 0 
34860	16	1	80 30 0 
34904	44	1	80 3c 0 
34920	16	1	b0 40 38 
34936	16	1	b0 40 7f 
35064	128	1	80 43 0 
35072	8	1	80 37 0 
35140	68	1	80 2e 0 
35172	32	1	90 3c 44 
35184	12	1	90 2b 23 
35244	60	1	b0 40 38 
35260	16	1	b0 40 0 
35336	76	1	b0 40 48 
35352	16	1	b0 40 7f 
35432	80	1	80 2b 0 
35532	100	1	90 2d 2d 
35604	72	1	b0 40 48 
35616	12	1	b0 40 0 
35696	80	1	b0 40 48 
35696	0	1	80 2d 0 
35708	12	1	b0 40 7f 
35892	184	1	80 3c 0 
35912	20	1	90 41 3f 
35948	36	1	90 29 29 
35972	24	1	b0 40 18 
35988	16	1	b0 40 0 
36068	80	1	b0 40 48 
36080	12	1	b0 40 7f 
36108	28	1	80 29 0 
36532	424	1	90 35 20 
36536	4	1	90 39 1a 
36536	0	1	90 3c 28 
36552	16	1	90 30 1f 
36732	180	1	b0 40 38 
36748	16	1	b0 40 0 
36856	108	1	b0 40 58 
36872	16	1	b0 40 7f 
36912	40	1	80 35 0 
37000	88	1	80 3c 0 
37444	444	1	80 41 0 
37604	160	1	90 40 36 
37692	88	1	b0 40 68 
37708	16	1	b0 40 28 
37724	16	1	b0 40 0 
37756	32	1	b0 40 28 
37772	16	1	b0 40 68 
37788	16	1	b0 40 7f 
38000	212	1	80 40 0 
38016	16	1	90 41 37 
38128	112	1	b0 40 28 
38144	16	1	b0 40 0 
38200	56	1	b0 40 18 
38220	20	1	b0 40 68 
38236	16	1	b0 40 7f 
38332	96	1	80 41 0 
38336	4	1	90 45 3c 
38360	24	1	b0 40 38 
38372	12	1	b0 40 0 
38404	32	1	b0 40 38 
38420	16	1	b0 40 7f 
38532	112	1	80 30 0 
38532	0	1	80 39 0 
38640	108	1	90 48 40 
38644	4	1	80 45 0 
38712	68	1	80 48 0 
39000	288	1	90 51 43 
39132	132	1	b0 40 58 
39148	16	1	b0 40 0 
39208	60	1	90 31 23 
39224	16	1	b0 40 48 
39236	12	1	80 51 0 
39244	8	1	b0 40 7f 
39356	112	1	80 31 0 
39400	44	1	90 39 18 
39576	176	1	90 51 37 
39604	28	1	90 43 25 
39608	4	1	90 45 24 
39652	44	1	90 40 1b 
39860	208	1	b0 40 58 
39876	16	1	b0 40 0 
39936	60	1	b0 40 28 
39952	16	1	b0 40 7f 
40500	548	1	80 43 0 
40508	8	1	80 45 0 
40748	240	1	80 39 0 
40756	8	1	80 40 0 
40868	112	1	80 51 0 
40920	52	1	90 4f 3f 
41236	316	1	80 4f 0 
41252	16	1	90 4d 46 
41516	264	1	80 4d 0 
41560	44	1	90 4c 49 
41836	276	1	80 4c 0 
41916	80	1	90 4d 42 
41928	12	1	90 45 23 
41960	32	1	90 3e 18 
41992	32	1	90 32 c 
42076	84	1	b0 40 48 
42092	16	1	b0 40 0 
42200	108	1	b0 40 68 
42216	16	1	b0 40 7f 
42300	84	1	90 51 43 
42304	4	1	80 4d 0 
42440	136	1	80 32 0 
42452	12	1	80 3e 0 
42528	76	1	80 51 0 
42596	68	1	90 4a 4b 
42652	56	1	80 45 0 
42672	20	1	80 4a 0 
42916	244	1	90 4d 4f 
42920	4	1	90 44 33 
42936	16	1	90 35 2a 
42936	0	1	90 3c 2c 
42944	8	1	b0 40 48 
42960	16	1	b0 40 0 
43040	80	1	b0 40 38 
43052	12	1	b0 40 7f 
43052	0	1	80 4d 0 
43080	28	1	80 35 0 
43080	0	1	80 3c 0 
43148	68	1	80 44 0 
43256	108	1	90 4c 48 
43276	20	1	90 37 35 
43280	4	1	90 43 2a 
43284	4	1	90 3c 23 
43364	80	1	b0 40 38 
43380	16	1	b0 40 0 
43504	124	1	b0 40 58 
43516	12	1	b0 40 7f 
43592	76	1	80 43 0 
43596	4	1	b0 40 48 
43596	0	1	90 48 46 
43608	12	1	b0 40 0 
43672	64	1	b0 40 28 
43688	16	1	b0 40 7f 
43880	192	1	80 4c 0 
43900	20	1	90 40 3f 
43960	60	1	80 37 0 
43992	32	1	80 40 0 
43992	0	1	80 48 0 
44008	16	1	80 3c 0 
44268	260	1	90 4b 49 
44288	20	1	90 42 2d 
44296	8	1	90 3c 26 
44308	12	1	b0 40 58 
44312	4	1	90 39 22 
44324	12	1	b0 40 0 
44416	92	1	b0 40 38 
44432	16	1	b0 40 7f 
44480	48	1	80 4b 0 
44484	4	1	80 42 0 
44512	28	1	80 39 0 
44540	28	1	80 3c 0 
44712	172	1	90 4a 40 
44740	28	1	90 41 29 
44740	0	1	90 3b 25 
44740	0	1	90 37 26 
44788	48	1	b0 40 38 
44808	20	1	b0 40 0 
44896	88	1	b0 40 48 
44912	16	1	b0 40 7f 
45036	124	1	80 41 0 
45056	20	1	90 43 2e 
45068	12	1	80 4a 0 
45344	276	1	80 3b 0 
45352	8	1	90 4c 40 
45392	40	1	90 39 28 
45400	8	1	80 43 0 
45424	24	1	b0 40 38 
45440	16	1	b0 40 0 
45468	28	1	b0 40 18 
45484	16	1	b0 40 58 
45500	16	1	b0 40 7f 
45672	172	1	80 39 0 
45696	24	1	90 3b 29 
45704	8	1	80 37 0 
45776	72	1	80 4c 0 
45808	32	1	80 3b 0 
45836	28	1	90 48 41 
45916	80	1	80 48 0 
46052	136	1	90 48 3a 
46064	12	1	90 40 2b 
46084	20	1	90 37 24 
46088	4	1	b0 40 58 
46088	0	1	90 30 32 
46104	16	1	b0 40 0 
46180	76	1	b0 40 18 
46196	16	1	b0 40 58 
46212	16	1	b0 40 7f 
46320	108	1	80 30 0 
46388	68	1	90 32 2a 
46400	12	1	b0 40 68 
46416	16	1	b0 40 28 
46432	16	1	b0 40 0 
46444	12	1	b0 40 18 
46460	16	1	b0 40 48 
46476	16	1	b0 40 7f 
46492	16	1	80 32 0 
46760	268	1	90 2e 23 
46772	12	1	b0 40 38 
46788	16	1	b0 40 0 
46832	44	1	b0 40 18 
46844	12	1	b0 40 58 
46848	4	1	80 37 0 
46852	4	1	80 48 0 
46860	8	1	b0 40 7f 
46908	48	1	80 40 0 
46988	80	1	80 2e 0 
47128	140	1	90 3c 3d 
47164	36	1	90 2b 23 
47188	24	1	b0 40 38 
47204	16	1	b0 40 0 
47280	76	1	b0 40 28 
47296	16	1	b0 40 7f 
47320	24	1	80 2b 0 
47388	68	1	80 3c 0 
47584	196	1	90 41 3c 
47624	40	1	90 29 20 
47652	28	1	b0 40 18 
47668	16	1	b0 40 0 
47744	76	1	b0 40 28 
47760	16	1	b0 40 68 
47776	16	1	b0 40 7f 
48224	448	1	90 35 19 
48224	0	1	90 39 18 
48232	8	1	90 30 19 
48236	4	1	90 3c 20 
48368	132	1	b0 40 48 
48380	12	1	b0 40 0 
48488	108	1	b0 40 48 
48504	16	1	b0 40 7f 
48504	0	1	80 35 0 
48588	84	1	80 3c 0 
48944	356	1	80 41 0 
49188	244	1	90 40 33 
49324	136	1	b0 40 48 
49340	16	1	b0 40 0 
49388	48	1	b0 40 18 
49400	12	1	b0 40 48 
49420	20	1	b0 40 7f 
49588	168	1	80 40 0 
49628	40	1	90 41 37 
49712	84	1	b0 40 58 
49728	16	1	b0 40 0 
49808	80	1	b0 40 58 
49824	16	1	b0 40 7f 
49956	132	1	90 45 40 
49972	16	1	80 41 0 
50044	72	1	80 29 0 
50092	48	1	80 39 0 
50104	12	1	80 30 0 
50220	116	1	80 45 0 
50236	16	1	90 48 54 
50328	92	1	80 48 0 
50568	240	1	90 4b 53 
50588	20	1	90 46 3b 
50596	8	1	90 37 24 
50604	8	1	90 30 33 
50612	8	1	b0 40 58 
50628	16	1	b0 40 18 
50640	12	1	b0 40 0 
50672	32	1	80 30 0 
50704	32	1	b0 40 58 
50720	16	1	b0 40 7f 
50720	0	1	80 37 0 
50736	16	1	80 46 0 
50760	24	1	80 4b 0 
50992	232	1	90 4b 49 
51012	20	1	90 36 28 
51016	4	1	90 45 2b 
51044	28	1	b0 40 38 
51044	0	1	90 32 29 
51060	16	1	b0 40 0 
51200	140	1	b0 40 18 
51216	16	1	b0 40 48 
51232	16	1	b0 40 7f 
51364	132	1	90 39 2c 
51368	4	1	80 36 0 
51680	312	1	b0 40 58 
51680	0	1	90 3e 38 
51696	16	1	b0 40 28 
51712	16	1	b0 40 0 
51760	48	1	b0 40 18 
51772	12	1	b0 40 48 
51788	16	1	b0 40 7f 
51948	160	1	80 45 0 
51968	20	1	90 42 34 
52108	140	1	80 4b 0 
52172	64	1	80 42 0 
52172	0	1	80 32 0 
52276	104	1	90 4a 50 
52360	84	1	80 39 0 
52500	140	1	80 4a 0 
52636	136	1	90 48 53 
52664	28	1	90 36 22 
52896	232	1	80 36 0 
52912	16	1	80 48 0 
52976	64	1	90 46 45 
53016	40	1	90 37 24 
53072	56	1	b0 40 48 
53088	16	1	b0 40 0 
53132	44	1	90 43 10 
53216	84	1	b0 40 7f 
53316	100	1	90 4a 4b 
53336	20	1	80 46 0 
53380	44	1	80 43 0 
53512	132	1	80 3e 0 
53544	32	1	80 37 0 
53592	48	1	80 4a 0 
53604	12	1	90 43 4f 
53676	72	1	80 43 0 
53912	236	1	90 45 51 
53920	8	1	90 3f 34 
53924	4	1	90 36 25 
53940	16	1	90 30 30 
53960	20	1	b0 40 68 
53976	16	1	b0 40 0 
54068	92	1	b0 40 68 
54080	12	1	b0 40 7f 
54100	20	1	80 3f 0 
54160	60	1	80 30 0 
54196	36	1	80 36 0 
54204	8	1	80 45 0 
54260	56	1	90 46 40 
54288	28	1	90 3e 2d 
54288	0	1	90 37 27 
54300	12	1	90 32 27 
54348	48	1	b0 40 38 
54360	12	1	b0 40 0 
54468	108	1	b0 40 38 
54484	16	1	b0 40 7f 
54572	88	1	80 46 0 
54600	28	1	80 3e 0 
54608	8	1	90 43 3c 
54640	32	1	b0 40 38 
54656	16	1	b0 40 0 
54688	32	1	b0 40 38 
54704	16	1	b0 40 7f 
54916	212	1	80 43 0 
54916	0	1	90 3a 2d 
55040	124	1	80 3a 0 
55040	0	1	80 32 0 
55044	4	1	80 37 0 
55240	196	1	90 45 44 
55256	16	1	90 33 2c 
55260	4	1	90 3c 2b 
55276	16	1	b0 40 58 
55288	12	1	b0 40 0 
55352	64	1	b0 40 48 
55368	16	1	b0 40 7f 
55372	4	1	80 3c 0 
55488	116	1	80 45 0 
55564	76	1	80 33 0 
55588	24	1	90 43 34 
55592	4	1	90 3a 1d 
55604	12	1	90 32 28 
55644	40	1	b0 40 48 
55660	16	1	b0 40 0 
55804	144	1	b0 40 38 
55816	12	1	b0 40 68 
55832	16	1	b0 40 7f 
55896	64	1	b0 40 68 
55908	12	1	90 3e 35 
55912	4	1	b0 40 58 
55924	12	1	b0 40 68 
55940	16	1	b0 40 7f 
56176	236	1	80 43 0 
56236	60	1	80 3e 0 
56256	20	1	90 37 24 
56280	24	1	80 3a 0 
56332	52	1	80 32 0 
56444	112	1	80 37 0 
56572	128	1	90 3e 34 
56576	4	1	90 32 27 
56592	16	1	b0 40 58 
56592	0	1	90 39 1e 
56600	8	1	90 3c 23 
56608	8	1	b0 40 0 
56700	92	1	b0 40 28 
56712	12	1	80 39 0 
56716	4	1	b0 40 7f 
56800	84	1	80 3c 0 
56800	0	1	80 3e 0 
56948	148	1	90 3e 37 
56964	16	1	90 3a 1a 
56980	16	1	b0 40 28 
56996	16	1	b0 40 0 
57072	76	1	b0 40 28 
57088	16	1	b0 40 68 
57104	16	1	b0 40 7f 
57272	168	1	80 32 0 
57276	4	1	b0 40 38 
57288	12	1	b0 40 18 
57304	16	1	b0 40 28 
57316	12	1	90 37 19 
57320	4	1	b0 40 48 
57336	16	1	b0 40 7f 
57648	312	1	b0 40 68 
57652	4	1	80 37 0 
57660	8	1	b0 40 28 
57660	0	1	90 2b 2d 
57676	16	1	b0 40 0 
57724	48	1	b0 40 18 
57736	12	1	b0 40 58 
57752	16	1	b0 40 7f 
57780	28	1	80 3e 0 
57840	60	1	80 2b 0 
57928	88	1	80 3a 0 
58080	152	1	90 41 3b 
58128	48	1	90 2d 2c 
58152	24	1	b0 40 38 
58172	20	1	b0 40 0 
58248	76	1	b0 40 28 
58264	16	1	b0 40 7f 
58268	4	1	80 2d 0 
58356	88	1	80 41 0 
58600	244	1	90 46 3d 
58656	56	1	90 22 20 
58668	12	1	b0 40 68 
58680	12	1	b0 40 0 
58792	112	1	b0 40 58 
58808	16	1	b0 40 7f 
58824	16	1	80 22 0 
59236	412	1	90 3a 17 
59256	20	1	90 41 21 
59260	4	1	90 3e 1d 
59268	8	1	90 35 1f 
59476	208	1	80 3a 0 
59616	140	1	80 41 0 
59812	196	1	80 46 0 
60204	392	1	90 45 3e 
60524	320	1	80 45 0 
60644	120	1	90 46 41 
60776	132	1	b0 40 38 
60788	12	1	b0 40 0 
60836	48	1	b0 40 48 
60852	16	1	b0 40 7f 
60900	48	1	80 46 0 
60968	68	1	90 4a 52 
61148	180	1	80 35 0 
61176	28	1	80 3e 0 
61252	76	1	80 4a 0 
61264	12	1	90 4d 58 
61344	80	1	80 4d 0 
61636	292	1	90 52 4d 
61660	24	1	90 4d 41 
61664	4	1	90 3e 25 
61680	16	1	90 37 2a 
61696	16	1	80 4d 0 
61704	8	1	b0 40 58 
61716	12	1	b0 40 0 
61784	68	1	b0 40 28 
61788	4	1	80 37 0 
61796	8	1	b0 40 7f 
61828	32	1	80 3e 0 
61852	24	1	80 52 0 
62140	288	1	90 52 47 
62184	44	1	90 3d 21 
62200	16	1	90 39 22 
62200	0	1	90 4c 1a 
62260	60	1	b0 40 48 
62276	16	1	b0 40 0 
62416	140	1	b0 40 58 
62432	16	1	b0 40 7f 
62524	92	1	b0 40 58 
62540	16	1	b0 40 0 
62552	12	1	90 40 25 
62576	24	1	80 3d 0 
62604	28	1	b0 40 48 
62616	12	1	b0 40 7f 
62848	232	1	90 45 33 
62896	48	1	b0 40 58 
62908	12	1	b0 40 0 
62976	68	1	b0 40 38 
62988	12	1	b0 40 7f 
63104	116	1	80 4c 0 
63116	12	1	90 49 3c 
63196	80	1	80 39 0 
63212	16	1	80 52 0 
63292	80	1	80 49 0 
63412	120	1	90 51 4e 
63456	44	1	90 4c 19 
63592	136	1	80 40 0 
63652	60	1	80 51 0 
63668	16	1	80 4c 0 
63776	108	1	90 4f 51 
63808	32	1	90 3d 20 
64068	260	1	80 3d 0 
64068	0	1	80 4f 0 
64100	32	1	90 4d 52 
64120	20	1	90 3e 25 
64140	20	1	90 4a 21 
64180	40	1	b0 40 58 
64196	16	1	b0 40 0 
64320	124	1	b0 40 68 
64336	16	1	b0 40 7f 
64432	96	1	90 51 4a 
64436	4	1	80 4d 0 
64512	76	1	80 45 0 
64528	16	1	80 3e 0 
64532	4	1	80 4a 0 
64672	140	1	80 51 0 
64728	56	1	90 4a 4e 
64812	84	1	80 4a 0 
65048	236	1	90 4c 51 
65064	16	1	90 46 27 
65072	8	1	90 3d 1c 
65080	8	1	90 37 29 
65096	16	1	b0 40 28 
65108	12	1	b0 40 0 
65188	80	1	b0 40 48 
65204	16	1	b0 40 7f 
65276	72	1	80 37 0 
65276	0	1	80 46 0 
65324	48	1	80 3d 0 
65356	32	1	80 4c 0 
65400	44	1	90 4d 4c 
65424	24	1	90 45 31 
65428	4	1	90 3e 1d 
65436	8	1	90 39 21 
65496	60	1	b0 40 68 
65516	20	1	b0 40 18 
65532	16	1	b0 40 0 
65640	108	1	b0 40 48 
65652	12	1	b0 40 7f 
65680	28	1	80 4d 0 
65744	64	1	80 45 0 
65748	4	1	90 4a 41 
66028	280	1	80 4a 0 
66076	48	1	90 41 36 
66188	112	1	80 3e 0 
66196	8	1	80 39 0 
66216	20	1	80 41 0 
66396	180	1	90 4c 52 
66412	16	1	90 43 2f 
66420	8	1	90 3a 1d 
66424	4	1	b0 40 68 
66428	4	1	90 3e 21 
66444	16	1	b0 40 0 
66520	76	1	b0 40 38 
66536	16	1	b0 40 7f 
66544	8	1	80 4c 0 
66672	128	1	80 3a 0 
66708	36	1	80 43 0 
66748	40	1	90 4a 41 
66768	20	1	90 41 26 
66776	8	1	90 39 1c 
66816	40	1	b0 40 48 
66832	16	1	b0 40 0 
66952	120	1	b0 40 68 
66968	16	1	b0 40 7f 
67020	52	1	80 4a 0 
67068	48	1	80 3e 0 
67068	0	1	90 45 3d 
67404	336	1	90 3e 27 
67524	120	1	80 39 0 
67532	8	1	80 45 0 
67548	16	1	80 41 0 
67608	60	1	80 3e 0 
67776	168	1	90 45 3e 
67792	16	1	90 43 29 
67812	20	1	90 3d 17 
67812	0	1	90 39 21 
67824	12	1	b0 40 28 
67840	16	1	b0 40 0 
67888	48	1	80 43 0 
67932	44	1	b0 40 58 
67948	16	1	b0 40 7f 
68028	80	1	80 45 0 
68172	144	1	90 45 3b 
68196	24	1	90 41 2a 
68200	4	1	80 3d 0 
68212	12	1	b0 40 68 
68224	12	1	b0 40 0 
68224	0	1	90 3e 2a 
68304	80	1	b0 40 28 
68316	12	1	b0 40 7f 
68596	280	1	b0 40 28 
68600	4	1	80 3e 0 
68612	12	1	b0 40 0 
68612	0	1	90 3a 1d 
68656	44	1	b0 40 38 
68676	20	1	b0 40 7f 
68700	24	1	80 41 0 
68712	12	1	80 39 0 
68848	136	1	80 45 0 
69028	180	1	90 43 2f 
69044	16	1	90 3c 25 
69060	16	1	90 40 1b 
69108	48	1	b0 40 28 
69124	16	1	b0 40 0 
69216	92	1	b0 40 38 
69232	16	1	b0 40 7f 
69572	340	1	b0 40 68 
69588	16	1	b0 40 28 
69604	16	1	b0 40 0 
69616	12	1	90 30 1c 
69632	16	1	b0 40 38 
69652	20	1	b0 40 7f 
69728	76	1	80 40 0 
69748	20	1	80 43 0 
69788	40	1	80 3c 0 
69828	40	1	80 30 0 
69840	12	1	80 3a 0 
70148	308	1	90 3c 3e 
70264	116	1	80 3c 0 
70400	136	1	90 41 3a 
70420	20	1	90 29 28 
70484	64	1	b0 40 18 
70504	20	1	b0 40 0 
70624	120	1	b0 40 68 
70640	16	1	b0 40 7f 
71044	404	1	90 3c 19 
71052	8	1	90 39 16 
71060	8	1	90 30 16 
71140	80	1	90 35 1 
71184	44	1	b0 40 68 
71200	16	1	b0 40 28 
71216	16	1	b0 40 0 
71340	124	1	b0 40 58 
71352	12	1	b0 40 7f 
71408	56	1	80 35 0 
71512	104	1	80 3c 0 
71692	180	1	80 41 0 
72096	404	1	90 40 33 
72480	384	1	80 40 0 
72520	40	1	90 41 37 
72652	132	1	b0 40 28 
72672	20	1	b0 40 0 
72732	60	1	b0 40 38 
72748	16	1	b0 40 7f 
72864	116	1	90 45 3a 
72972	108	1	80 39 0 
72972	0	1	80 29 0 
73004	32	1	80 30 0 
73136	132	1	80 45 0 
73204	68	1	90 48 42 
73300	96	1	80 48 0 
73456	156	1	80 41 0 
73620	164	1	90 4d 49 
73692	72	1	b0 40 58 
73708	16	1	b0 40 0 
73748	40	1	90 2e 21 
73784	36	1	b0 40 28 
73800	16	1	b0 40 7f 
73820	20	1	80 4d 0 
73924	104	1	80 2e 0 
73940	16	1	90 35 1d 
74016	76	1	80 35 0 
74200	184	1	90 4d 38 
74204	4	1	90 3e 42 
74220	16	1	90 41 1c 
74920	700	1	80 3e 0 
75368	448	1	80 4d 0 
75508	140	1	90 3c 3c 
75516	8	1	90 4c 35 
75844	328	1	80 4c 0 
75952	108	1	90 4a 40 
75960	8	1	90 3a 37 
76120	160	1	80 3a 0 
76120	0	1	80 4a 0 
76136	16	1	80 41 0 
76284	148	1	80 3c 0 
76392	108	1	90 48 3e 
76432	40	1	90 39 2b 
76448	16	1	90 3c 24 
76476	28	1	90 30 1d 
76544	68	1	b0 40 48 
76560	16	1	b0 40 0 
76728	168	1	b0 40 58 
76744	16	1	b0 40 7f 
76816	72	1	90 4d 45 
76868	52	1	80 48 0 
76912	44	1	80 4d 0 
76920	8	1	80 39 0 
76952	32	1	80 30 0 
76988	36	1	80 3c 0 
77168	180	1	90 43 41 
77184	16	1	90 3a 26 
77204	20	1	90 3c 22 
77204	0	1	90 40 21 
77212	8	1	90 30 37 
77240	28	1	b0 40 28 
77256	16	1	b0 40 0 
77332	76	1	b0 40 38 
77344	12	1	b0 40 7f 
77396	52	1	80 3a 0 
77492	96	1	80 43 0 
77524	32	1	90 45 44 
77544	20	1	90 39 2e 
77568	24	1	b0 40 38 
77584	16	1	b0 40 0 
77644	60	1	b0 40 28 
77660	16	1	b0 40 68 
77676	16	1	b0 40 7f 
77748	72	1	80 45 0 
77804	56	1	80 39 0 
77892	88	1	90 46 3b 
77920	28	1	90 37 2a 
77968	48	1	b0 40 38 
77984	16	1	b0 40 0 
78076	92	1	b0 40 58 
78092	16	1	b0 40 7f 
78140	48	1	80 3c 0 
78156	16	1	80 46 0 
78188	32	1	80 30 0 
78220	32	1	80 37 0 
78296	76	1	90 4a 45 
78360	64	1	80 4a 0 
78380	20	1	80 40 0 
78708	328	1	90 41 42 
78748	40	1	90 3c 1a 
78752	4	1	90 35 22 
78760	8	1	90 2d 2c 
78776	16	1	b0 40 48 
78788	12	1	b0 40 0 
78884	96	1	b0 40 58 
78896	12	1	b0 40 7f 
78924	28	1	80 2d 0 
78924	0	1	80 35 0 
78924	0	1	80 41 0 
79156	232	1	90 43 4a 
79172	16	1	90 40 36 
79188	16	1	90 30 3c 
79192	4	1	b0 40 58 
79196	4	1	90 37 38 
79204	8	1	b0 40 0 
79268	64	1	b0 40 48 
79272	4	1	80 40 0 
79284	12	1	b0 40 7f 
79296	12	1	80 30 0 
79308	12	1	80 43 0 
79360	52	1	80 37 0 
79496	136	1	80 3c 0 
79548	52	1	90 45 48 
79564	16	1	90 35 2c 
79576	12	1	90 39 2d 
79580	4	1	b0 40 68 
79580	0	1	90 41 25 
79596	16	1	b0 40 0 
79720	124	1	b0 40 58 
79732	12	1	b0 40 7f 
79808	76	1	80 39 0 
79836	28	1	80 35 0 
79888	52	1	80 45 0 
79928	40	1	80 41 0 
79932	4	1	90 48 4e 
80008	76	1	80 48 0 
80288	280	1	90 43 3f 
80308	20	1	b0 40 58 
80312	4	1	90 3c 29 
80316	4	1	90 37 26 
80316	0	1	90 40 2c 
80320	4	1	b0 40 0 
80332	12	1	90 30 2e 
80416	84	1	b0 40 58 
80432	16	1	b0 40 7f 
80632	200	1	80 30 0 
80644	12	1	90 32 34 
80676	32	1	b0 40 48 
80696	20	1	b0 40 18 
80740	44	1	b0 40 58 
80756	16	1	b0 40 7f 
80940	184	1	80 32 0 
80976	36	1	b0 40 68 
80984	8	1	90 30 38 
80988	4	1	b0 40 18 
81004	16	1	b0 40 0 
81052	48	1	b0 40 18 
81064	12	1	b0 40 58 
81064	0	1	80 40 0 
81084	20	1	b0 40 7f 
81268	184	1	80 30 0 
81316	48	1	b0 40 38 
81320	4	1	90 2e 28 
81332	12	1	b0 40 0 
81388	56	1	b0 40 38 
81408	20	1	b0 40 7f 
81444	36	1	80 43 0 
81456	12	1	80 3c 0 
81600	144	1	80 2e 0 
81688	88	1	80 37 0 
81692	4	1	90 3c 43 
81712	20	1	90 2b 23 
81732	20	1	b0 40 68 
81748	16	1	b0 40 0 
81824	76	1	b0 40 38 
81840	16	1	b0 40 68 
81856	16	1	b0 40 7f 
81976	120	1	80 2b 0 
82044	68	1	b0 40 58 
82048	4	1	90 2d 2e 
82060	12	1	b0 40 0 
82104	44	1	b0 40 18 
82116	12	1	b0 40 58 
82132	16	1	b0 40 7f 
82188	56	1	80 2d 0 
82236	48	1	80 3c 0 
82500	264	1	90 41 38 
82512	12	1	90 29 2a 
82568	56	1	b0 40 38 
82580	12	1	b0 40 0 
82660	80	1	b0 40 38 
82676	16	1	b0 40 7f 
83224	548	1	90 30 22 
83244	20	1	90 3c 25 
83248	4	1	90 39 21 
83256	8	1	90 35 21 
83436	180	1	b0 40 48 
83452	16	1	b0 40 0 
83560	108	1	b0 40 38 
83576	16	1	b0 40 7f 
83668	92	1	80 35 0 
83784	116	1	80 3c 0 
84160	376	1	80 41 0 
84344	184	1	90 40 36 
84428	84	1	b0 40 48 
84444	16	1	b0 40 18 
84456	12	1	b0 40 0 
84476	20	1	b0 40 28 
84488	12	1	b0 40 48 
84504	16	1	b0 40 7f 
84752	248	1	80 40 0 
84780	28	1	90 41 35 
84876	96	1	b0 40 38 
84892	16	1	b0 40 0 
84940	48	1	b0 40 38 
84952	12	1	b0 40 7f 
85136	184	1	80 41 0 
85164	28	1	90 45 37 
85436	272	1	80 45 0 
85616	180	1	90 48 3f 
85724	108	1	80 48 0 
85916	192	1	80 29 0 
85956	40	1	80 39 0 
85976	20	1	80 30 0 
86120	144	1	90 51 3f 
86224	104	1	80 51 0 
86932	708	1	90 51 33 
86940	8	1	90 2b 19 
86956	16	1	90 32 2b 
86964	8	1	90 43 1e 
86964	0	1	90 4a 30 
86964	0	1	90 3b 24 
86968	4	1	90 41 23 
87060	92	1	b0 40 68 
87076	16	1	b0 40 28 
87088	12	1	b0 40 0 
87216	128	1	b0 40 68 
87232	16	1	b0 40 7f 
87464	232	1	b0 40 68 
87476	12	1	b0 40 28 
87492	16	1	b0 40 0 
87524	32	1	b0 40 48 
87540	16	1	b0 40 7f 
88044	504	1	80 51 0 
88332	288	1	80 3b 0 
88412	80	1	80 2b 0 
88452	40	1	80 32 0 
88496	44	1	90 4f 46 
88568	72	1	80 4a 0 
88888	320	1	80 4f 0 
88980	92	1	90 4d 46 
89220	240	1	80 4d 0 
89308	88	1	80 41 0 
89308	0	1	90 4a 47 
89316	8	1	80 43 0 
89556	240	1	80 4a 0 
89780	224	1	90 48 41 
89816	36	1	90 41 1b 
89832	16	1	90 30 1f 
89840	8	1	90 3c 18 
89844	4	1	90 39 15 
89912	68	1	b0 40 68 
89924	12	1	b0 40 28 
89940	16	1	b0 40 0 
90068	128	1	b0 40 58 
90084	16	1	b0 40 7f 
90208	124	1	90 4d 42 
90244	36	1	80 48 0 
90296	52	1	80 4d 0 
90320	24	1	80 39 0 
90324	4	1	80 41 0 
90388	64	1	80 3c 0 
90392	4	1	80 30 0 
90600	208	1	90 43 39 
90632	32	1	90 30 23 
90632	0	1	90 3a 20 
90640	8	1	90 3c 1c 
90656	16	1	90 40 16 
90684	28	1	b0 40 68 
90700	16	1	b0 40 18 
90716	16	1	b0 40 0 
90796	80	1	b0 40 48 
90812	16	1	b0 40 7f 
90864	52	1	80 3a 0 
90972	108	1	80 43 0 
90984	12	1	90 45 44 
91004	20	1	90 39 23 
91056	52	1	b0 40 38 
91072	16	1	b0 40 0 
91136	64	1	b0 40 38 
91152	16	1	b0 40 7f 
91284	132	1	80 45 0 
91344	60	1	80 39 0 
91396	52	1	90 46 33 
91412	16	1	90 37 1d 
91476	64	1	b0 40 58 
91488	12	1	b0 40 0 
91580	92	1	b0 40 38 
91600	20	1	b0 40 7f 
91716	116	1	80 46 0 
91844	128	1	90 4a 2d 
91940	96	1	80 4a 0 
91968	28	1	80 30 0 
91980	12	1	80 3c 0 
92020	40	1	80 37 0 
92040	20	1	80 40 0 
92436	396	1	90 43 3d 
92472	36	1	90 3e 1a 
92476	4	1	90 37 26 
92476	0	1	90 2e 24 
92528	52	1	b0 40 58 
92544	16	1	b0 40 0 
92620	76	1	b0 40 48 
92640	20	1	b0 40 7f 
92680	40	1	80 43 0 
92708	28	1	80 37 0 
92764	56	1	80 2e 0 
92904	140	1	90 45 3e 
92928	24	1	90 42 21 
92928	0	1	90 39 3b 
92948	20	1	90 32 2b 
93028	80	1	b0 40 58 
93040	12	1	b0 40 0 
93120	80	1	b0 40 38 
93132	12	1	b0 40 7f 
93184	52	1	80 42 0 
93200	16	1	80 45 0 
93236	36	1	80 32 0 
93252	16	1	80 39 0 
93252	0	1	80 3e 0 
93496	244	1	90 46 2f 
93504	8	1	90 3a 22 
93528	24	1	90 3e 1c 
93532	4	1	90 37 26 
93544	12	1	90 43 12 
93644	100	1	b0 40 38 
93660	16	1	b0 40 0 
93768	108	1	b0 40 58 
93784	16	1	b0 40 7f 
93804	20	1	80 46 0 
93992	188	1	90 4a 3b 
94052	60	1	80 4a 0 
94064	12	1	80 43 0 
94076	12	1	80 37 0 
94100	24	1	80 3e 0 
94224	124	1	80 3a 0 
94576	352	1	90 3e 35 
94596	20	1	90 3a 16 
94612	16	1	90 30 27 
94820	208	1	b0 40 28 
94836	16	1	b0 40 0 
94916	80	1	b0 40 48 
94932	16	1	b0 40 7f 
95392	460	1	80 3e 0 
95620	228	1	90 40 30 
95664	44	1	90 24 19 
95796	132	1	b0 40 68 
95812	16	1	b0 40 48 
95828	16	1	b0 40 0 
95996	168	1	b0 40 28 
96012	16	1	b0 40 58 
96032	20	1	b0 40 7f 
96364	332	1	80 24 0 
96536	172	1	80 30 0 
96640	104	1	80 3a 0 
96660	20	1	80 40 0 
97024	364	1	90 41 24 
97028	4	1	90 29 18 
97036	8	1	90 39 1e 
97056	20	1	90 30 16 
97176	120	1	b0 40 68 
97192	16	1	b0 40 28 
97208	16	1	b0 40 0 
97332	124	1	b0 40 38 
97348	16	1	b0 40 68 
97360	12	1	b0 40 7f 
98152	792	1	80 39 0 
98168	16	1	80 30 0 
98176	8	1	80 29 0 
98268	92	1	80 41 0 
99252	984	1	b0 43 0 
99312	60	1	b0 40 68 
99328	16	1	b0 40 58 
99344	16	1	b0 40 38 
99360	16	1	b0 40 18 
99376	16	1	b0 40 0 
99376	0	1	ff 2f 0 
