TPQ: 384
TRACKS: 12
0	0	0	ff 7f 10 0 0 5b 21 0 0 0 0 0 0 0 0 0 0 0 0 
0	0	0	ff 7f a 0 0 5b 23 1 0 5 a 3c 0 
0	0	0	ff 3 1a 56 69 6f 6c 69 6e 20 4f 63 74 65 74 20 4e 6f 2e 31 20 28 39 37 30 35 31 35 29 
0	0	0	ff 54 5 60 0 3 0 0 
0	0	0	ff 21 1 0 
0	0	0	ff 2 24 43 6f 70 79 72 69 67 68 74 20 a9 31 39 39 37 20 42 65 6e 6a 61 6d 69 6e 20 52 6f 62 65 72 74 20 54 75 62 62 
0	0	0	ff 1 a 47 53 20 56 69 6f 6c 69 6e a 
0	0	0	ff 1 a 47 53 20 56 69 6f 6c 69 6e a 
0	0	0	ff 1 a 47 53 20 56 69 6f 6c 69 6e a 
0	0	0	ff 1 9 47 53 20 56 69 6f 6c 61 a 
0	0	0	ff 1 9 47 53 20 56 69 6f 6c 61 a 
0	0	0	ff 1 9 47 53 20 43 65 6c 6c 6f a 
0	0	0	ff 1 9 47 53 20 43 65 6c 6c 6f a 
0	0	0	ff 1 e 47 53 20 43 6f 6e 74 72 61 62 61 73 73 a 
0	0	0	ff 58 4 4 2 18 8 
0	0	0	ff 59 2 0 0 
0	0	0	ff 51 3 f 42 40 
0	0	0	ff 6 1d 22 56 69 6f 6c 69 6e 20 4f 63 74 65 74 20 4e 6f 2e 20 31 22 20 28 39 37 30 35 31 35 29 
0	0	1	ff 3 d 54 72 65 62 6c 65 20 56 69 6f 6c 69 6e 
0	0	1	ff 21 1 0 
0	0	2	ff 3 e 53 6f 70 72 61 6e 6f 20 56 69 6f 6c 69 6e 
0	0	2	ff 21 1 0 
0	0	3	ff 3 c 4d 65 7a 7a 6f 20 56 69 6f 6c 69 6e 
0	0	3	ff 21 1 0 
0	0	4	ff 3 b 41 6c 74 6f 20 56 69 6f 6c 69 6e 
0	0	4	ff 21 1 0 
0	0	5	ff 3 c 54 65 6e 6f 72 20 56 69 6f 6c 69 6e 
0	0	5	ff 21 1 0 
0	0	6	ff 3 f 42 61 72 69 74 6f 6e 65 20 56 69 6f 6c 69 6e 
0	0	6	ff 21 1 0 
0	0	7	ff 3 11 53 6d 61 6c 6c 20 42 61 73 73 20 56 69 6f 6c 69 6e 
0	0	7	ff 21 1 0 
0	0	8	ff 3 11 43 6f 6e 74 72 61 62 61 73 73 20 56 69 6f 6c 69 6e 
0	0	8	ff 21 1 0 
0	0	9	ff 3 1d 22 39 37 30 35 31 35 22 20 28 56 69 6f 6c 69 6e 20 4f 63 74 65 74 20 4e 6f 2e 20 31 29 
0	0	9	ff 21 1 0 
0	0	10	ff 3 10 62 79 20 42 65 6e 6a 61 6d 69 6e 20 54 75 62 62 
0	0	10	ff 21 1 0 
0	0	11	ff 3 14 62 72 74 75 62 62 40 63 79 62 65 72 74 72 6f 6e 2e 63 6f 6d 
0	0	11	ff 21 1 0 
0	0	1	b0 0 0 
0	0	1	b0 20 2 
0	0	1	c0 28 
0	0	1	b0 7 7f 
0	0	1	b0 a 38 
0	0	1	b0 5d 20 
0	0	1	b0 5b 40 
0	0	1	b0 1 10 
0	0	2	b1 0 0 
0	0	2	b1 20 2 
0	0	2	c1 28 
0	0	2	b1 7 7f 
0	0	2	b1 a 48 
0	0	2	b1 5d 1c 
0	0	2	b1 5b 38 
0	0	2	b1 1 10 
0	0	3	b2 0 0 
0	0	3	b2 20 2 
0	0	3	c2 28 
0	0	3	b2 7 7f 
0	0	3	b2 a 30 
0	0	3	b2 5d 18 
0	0	3	b2 5b 30 
0	0	3	b2 1 8 
0	0	4	b3 0 0 
0	0	4	b3 20 2 
0	0	4	c3 29 
0	0	4	b3 7 7f 
0	0	4	b3 a 50 
0	0	4	b3 5d 14 
0	0	4	b3 5b 28 
0	0	4	b3 1 8 
0	0	5	b4 0 0 
0	0	5	b4 20 2 
0	0	5	c4 29 
0	0	5	b4 7 7f 
0	0	5	b4 a 28 
0	0	5	b4 5d 10 
0	0	5	b4 5b 18 
0	0	5	b4 1 8 
0	0	6	b5 0 0 
0	0	6	b5 20 2 
0	0	6	c5 2a 
0	0	6	b5 7 7f 
0	0	6	b5 a 58 
0	0	6	b5 5d c 
0	0	6	b5 5b 10 
0	0	6	b5 1 8 
0	0	7	b6 0 0 
0	0	7	b6 20 2 
0	0	7	c6 2a 
0	0	7	b6 7 7f 
0	0	7	b6 a 20 
0	0	7	b6 5d 8 
0	0	7	b6 5b 20 
0	0	7	b6 1 4 
0	0	8	b7 0 0 
0	0	8	b7 20 2 
0	0	8	c7 2b 
0	0	8	b7 7 7f 
0	0	8	b7 a 60 
0	0	8	b7 5d 4 
0	0	8	b7 5b 4 
0	0	8	b7 1 4 
0	0	11	ff 2f 0 
0	0	10	ff 2f 0 
0	0	9	ff 2f 0 
1536	1536	8	97 26 64 
1536	0	7	96 26 64 
1536	0	6	95 32 64 
1536	0	5	94 39 64 
1536	0	4	93 3e 64 
1536	0	3	92 41 64 
1536	0	2	91 45 64 
1536	0	1	90 56 64 
1632	96	1	90 56 0 
1632	0	1	90 54 64 
1728	96	7	96 26 0 
1728	0	6	95 32 0 
1728	0	7	96 26 64 
1728	0	6	95 32 64 
1824	96	1	90 54 0 
1824	0	1	90 51 64 
1920	96	8	97 26 0 
1920	0	7	96 26 0 
1920	0	5	94 39 0 
1920	0	4	93 3e 0 
1920	0	3	92 41 0 
1920	0	2	91 45 0 
1920	0	1	90 51 0 
1920	0	8	97 26 64 
1920	0	7	96 26 64 
1920	0	5	94 39 64 
1920	0	4	93 3c 64 
1920	0	3	92 3e 64 
1920	0	2	91 41 64 
1920	0	1	90 4d 64 
2016	96	1	90 4d 0 
2016	0	1	90 4a 64 
2112	96	8	97 26 0 
2112	0	6	95 32 0 
2112	0	4	93 3c 0 
2112	0	3	92 3e 0 
2112	0	2	91 41 0 
2112	0	1	90 4a 0 
2112	0	8	97 26 64 
2112	0	6	95 32 64 
2112	0	4	93 3e 64 
2112	0	3	92 41 64 
2112	0	2	91 45 64 
2112	0	1	90 48 64 
2304	192	8	97 26 0 
2304	0	7	96 26 0 
2304	0	5	94 39 0 
2304	0	4	93 3e 0 
2304	0	3	92 41 0 
2304	0	2	91 45 0 
2304	0	1	90 48 0 
2304	0	8	97 26 64 
2304	0	7	96 26 64 
2304	0	5	94 39 64 
2304	0	4	93 39 64 
2304	0	3	92 3c 64 
2304	0	2	91 3e 64 
2304	0	1	90 45 64 
2400	96	1	90 45 0 
2400	0	1	90 48 64 
2496	96	6	95 32 0 
2496	0	5	94 39 0 
2496	0	4	93 39 0 
2496	0	3	92 3c 0 
2496	0	2	91 3e 0 
2496	0	1	90 48 0 
2496	0	6	95 32 64 
2496	0	5	94 39 64 
2496	0	4	93 3c 64 
2496	0	3	92 3e 64 
2496	0	2	91 41 64 
2496	0	1	90 4a 64 
2688	192	8	97 26 0 
2688	0	7	96 26 0 
2688	0	6	95 32 0 
2688	0	5	94 39 0 
2688	0	4	93 3c 0 
2688	0	3	92 3e 0 
2688	0	2	91 41 0 
2688	0	1	90 4a 0 
2688	0	8	97 26 64 
2688	0	7	96 26 64 
2688	0	6	95 32 64 
2688	0	5	94 39 64 
2688	0	4	93 3e 64 
2688	0	3	92 41 64 
2688	0	2	91 45 64 
2688	0	1	90 4d 64 
2784	96	1	90 4d 0 
2784	0	1	90 51 64 
2880	96	7	96 26 0 
2880	0	4	93 3e 0 
2880	0	3	92 41 0 
2880	0	2	91 45 0 
2880	0	1	90 51 0 
2880	0	7	96 26 64 
2880	0	4	93 3c 64 
2880	0	3	92 3e 64 
2880	0	2	91 41 64 
2880	0	1	90 54 64 
2976	96	1	90 54 0 
2976	0	1	90 56 64 
3072	96	8	97 26 0 
3072	0	6	95 32 0 
3072	0	5	94 39 0 
3072	0	1	90 56 0 
3072	0	8	97 26 64 
3072	0	6	95 32 64 
3072	0	5	94 39 64 
3072	0	1	90 59 64 
3168	96	1	90 59 0 
3168	0	1	90 56 64 
3264	96	8	97 26 0 
3264	0	7	96 26 0 
3264	0	5	94 39 0 
3264	0	4	93 3c 0 
3264	0	3	92 3e 0 
3264	0	2	91 41 0 
3264	0	1	90 56 0 
3264	0	8	97 26 64 
3264	0	7	96 26 64 
3264	0	5	94 39 64 
3264	0	4	93 3e 64 
3264	0	3	92 41 64 
3264	0	2	91 45 64 
3264	0	1	90 54 64 
3360	96	1	90 54 0 
3360	0	1	90 51 64 
3456	96	8	97 26 0 
3456	0	6	95 32 0 
3456	0	5	94 39 0 
3456	0	1	90 51 0 
3456	0	8	97 26 64 
3456	0	6	95 32 64 
3456	0	5	94 39 64 
3456	0	1	90 51 64 
3552	96	1	90 51 0 
3552	0	1	90 4d 64 
3648	96	7	96 26 0 
3648	0	6	95 32 0 
3648	0	4	93 3e 0 
3648	0	3	92 41 0 
3648	0	2	91 45 0 
3648	0	1	90 4d 0 
3648	0	7	96 26 64 
3648	0	6	95 32 64 
3648	0	4	93 3c 64 
3648	0	3	92 3e 64 
3648	0	2	91 41 64 
3648	0	1	90 4a 64 
3744	96	1	90 4a 0 
3744	0	1	90 48 64 
3840	96	8	97 26 0 
3840	0	7	96 26 0 
3840	0	6	95 32 0 
3840	0	5	94 39 0 
3840	0	4	93 3c 0 
3840	0	3	92 3e 0 
3840	0	2	91 41 0 
3840	0	1	90 48 0 
3840	0	8	97 26 64 
3840	0	7	96 26 64 
3840	0	6	95 32 64 
3840	0	5	94 39 64 
3840	0	4	93 3e 64 
3840	0	3	92 41 64 
3840	0	2	91 45 64 
3840	0	1	90 45 64 
4032	192	5	94 39 0 
4032	0	4	93 3e 0 
4032	0	3	92 41 0 
4032	0	2	91 45 0 
4032	0	1	90 45 0 
4032	0	5	94 39 64 
4032	0	4	93 41 64 
4032	0	3	92 45 64 
4032	0	2	91 48 64 
4032	0	1	90 48 64 
4128	96	1	90 48 0 
4128	0	1	90 4a 64 
4224	96	8	97 26 0 
4224	0	7	96 26 0 
4224	0	6	95 32 0 
4224	0	5	94 39 0 
4224	0	4	93 41 0 
4224	0	3	92 45 0 
4224	0	2	91 48 0 
4224	0	1	90 4a 0 
4224	0	8	97 26 64 
4224	0	7	96 26 64 
4224	0	6	95 32 64 
4224	0	5	94 39 64 
4224	0	4	93 3e 64 
4224	0	3	92 41 64 
4224	0	2	91 45 64 
4224	0	1	90 4d 64 
4416	192	8	97 26 0 
4416	0	6	95 32 0 
4416	0	4	93 3e 0 
4416	0	3	92 41 0 
4416	0	2	91 45 0 
4416	0	1	90 4d 0 
4416	0	8	97 26 64 
4416	0	6	95 32 64 
4416	0	4	93 3c 64 
4416	0	3	92 3e 64 
4416	0	2	91 41 64 
4416	0	1	90 51 64 
4512	96	1	90 51 0 
4512	0	1	90 54 64 
4608	96	8	97 26 0 
4608	0	7	96 26 0 
4608	0	6	95 32 0 
4608	0	5	94 39 0 
4608	0	4	93 3c 0 
4608	0	3	92 3e 0 
4608	0	2	91 41 0 
4608	0	1	90 54 0 
4608	0	8	97 26 64 
4608	0	7	96 26 64 
4608	0	6	95 32 64 
4608	0	5	94 39 64 
4608	0	4	93 3e 64 
4608	0	3	92 41 64 
4608	0	2	91 45 64 
4608	0	1	90 56 64 
4704	96	1	90 56 0 
4704	0	1	90 59 64 
4800	96	7	96 26 0 
4800	0	7	96 26 64 
4896	96	1	90 59 0 
4896	0	1	90 5d 64 
4992	96	8	97 26 0 
4992	0	7	96 26 0 
4992	0	6	95 32 0 
4992	0	5	94 39 0 
4992	0	4	93 3e 0 
4992	0	3	92 41 0 
4992	0	2	91 45 0 
4992	0	1	90 5d 0 
4992	0	8	97 26 64 
4992	0	7	96 26 64 
4992	0	6	95 32 64 
4992	0	5	94 39 64 
4992	0	4	93 41 64 
4992	0	3	92 45 64 
4992	0	2	91 48 64 
4992	0	1	90 60 64 
5088	96	1	90 60 0 
5088	0	1	90 62 64 
5184	96	6	95 32 0 
5184	0	5	94 39 0 
5184	0	6	95 32 64 
5184	0	5	94 39 64 
5280	96	1	90 62 0 
5280	0	1	90 65 64 
5376	96	8	97 26 0 
5376	0	7	96 26 0 
5376	0	6	95 32 0 
5376	0	4	93 41 0 
5376	0	3	92 45 0 
5376	0	2	91 48 0 
5376	0	1	90 65 0 
5376	0	8	97 26 64 
5376	0	7	96 26 64 
5376	0	6	95 32 64 
5376	0	4	93 45 64 
5376	0	3	92 48 64 
5376	0	2	91 4a 64 
5376	0	1	90 62 64 
5472	96	1	90 62 0 
5472	0	1	90 60 64 
5568	96	8	97 26 0 
5568	0	7	96 26 0 
5568	0	5	94 39 0 
5568	0	4	93 45 0 
5568	0	3	92 48 0 
5568	0	2	91 4a 0 
5568	0	1	90 60 0 
5568	0	8	97 26 64 
5568	0	7	96 26 64 
5568	0	5	94 39 64 
5568	0	4	93 3e 64 
5568	0	3	92 41 64 
5568	0	2	91 45 64 
5568	0	1	90 5d 64 
5760	192	8	97 26 0 
5760	0	7	96 26 0 
5760	0	6	95 32 0 
5760	0	4	93 3e 0 
5760	0	3	92 41 0 
5760	0	2	91 45 0 
5760	0	1	90 5d 0 
5760	0	8	97 26 64 
5760	0	7	96 26 64 
5760	0	6	95 32 64 
5760	0	4	93 41 64 
5760	0	3	92 45 64 
5760	0	2	91 48 64 
5760	0	1	90 59 64 
5856	96	1	90 59 0 
5856	0	1	90 56 64 
5952	96	5	94 39 0 
5952	0	4	93 41 0 
5952	0	3	92 45 0 
5952	0	2	91 48 0 
5952	0	1	90 56 0 
5952	0	5	94 39 64 
5952	0	4	93 45 64 
5952	0	3	92 48 64 
5952	0	2	91 4a 64 
5952	0	1	90 54 64 
6144	192	8	97 26 0 
6144	0	7	96 26 0 
6144	0	6	95 32 0 
6144	0	5	94 39 0 
6144	0	4	93 45 0 
6144	0	3	92 48 0 
6144	0	2	91 4a 0 
6144	0	1	90 54 0 
6144	0	8	97 1f 64 
6144	0	7	96 2b 64 
6144	0	6	95 32 64 
6144	0	5	94 3b 64 
6144	0	4	93 3b 64 
6144	0	3	92 3e 64 
6144	0	2	91 41 64 
6144	0	1	90 56 64 
6240	96	1	90 56 0 
6240	0	1	90 53 64 
6336	96	7	96 2b 0 
6336	0	6	95 32 0 
6336	0	4	93 3b 0 
6336	0	3	92 3e 0 
6336	0	2	91 41 0 
6336	0	1	90 53 0 
6336	0	7	96 2b 64 
6336	0	6	95 32 64 
6336	0	4	93 43 64 
6336	0	3	92 47 64 
6336	0	2	91 4a 64 
6336	0	1	90 4f 64 
6432	96	1	90 4f 0 
6432	0	1	90 4d 64 
6528	96	8	97 1f 0 
6528	0	7	96 2b 0 
6528	0	5	94 3b 0 
6528	0	8	97 1f 64 
6528	0	7	96 2b 64 
6528	0	5	94 3b 64 
6624	96	1	90 4d 0 
6624	0	1	90 4a 64 
6720	96	8	97 1f 0 
6720	0	6	95 32 0 
6720	0	4	93 43 0 
6720	0	3	92 47 0 
6720	0	2	91 4a 0 
6720	0	1	90 4a 0 
6720	0	8	97 1f 64 
6720	0	6	95 32 64 
6720	0	4	93 41 64 
6720	0	3	92 43 64 
6720	0	2	91 47 64 
6720	0	1	90 47 64 
6816	96	1	90 47 0 
6816	0	1	90 43 64 
6912	96	8	97 1f 0 
6912	0	7	96 2b 0 
6912	0	5	94 3b 0 
6912	0	8	97 1f 64 
6912	0	7	96 2b 64 
6912	0	5	94 3b 64 
7008	96	1	90 43 0 
7008	0	1	90 47 64 
7104	96	6	95 32 0 
7104	0	5	94 3b 0 
7104	0	4	93 41 0 
7104	0	3	92 43 0 
7104	0	2	91 47 0 
7104	0	1	90 47 0 
7104	0	6	95 32 64 
7104	0	5	94 3b 64 
7104	0	4	93 3b 64 
7104	0	3	92 3e 64 
7104	0	2	91 41 64 
7104	0	1	90 4a 64 
7200	96	1	90 4a 0 
7200	0	1	90 4d 64 
7296	96	8	97 1f 0 
7296	0	7	96 2b 0 
7296	0	6	95 32 0 
7296	0	5	94 3b 0 
7296	0	4	93 3b 0 
7296	0	3	92 3e 0 
7296	0	2	91 41 0 
7296	0	1	90 4d 0 
7296	0	8	97 1f 64 
7296	0	7	96 2b 64 
7296	0	6	95 32 64 
7296	0	5	94 3b 64 
7296	0	4	93 3e 64 
7296	0	3	92 41 64 
7296	0	2	91 43 64 
7296	0	1	90 4f 64 
7488	192	7	96 2b 0 
7488	0	4	93 3e 0 
7488	0	3	92 41 0 
7488	0	2	91 43 0 
7488	0	1	90 4f 0 
7488	0	7	96 2b 64 
7488	0	4	93 41 64 
7488	0	3	92 43 64 
7488	0	2	91 47 64 
7488	0	1	90 53 64 
7584	96	1	90 53 0 
7584	0	1	90 56 64 
7680	96	8	97 1f 0 
7680	0	6	95 32 0 
7680	0	5	94 3b 0 
7680	0	4	93 41 0 
7680	0	3	92 43 0 
7680	0	2	91 47 0 
7680	0	1	90 56 0 
7680	0	8	97 1f 64 
7680	0	6	95 32 64 
7680	0	5	94 3b 64 
7680	0	4	93 41 64 
7680	0	3	92 43 64 
7680	0	2	91 47 64 
7680	0	1	90 59 64 
7872	192	8	97 1f 0 
7872	0	7	96 2b 0 
7872	0	5	94 3b 0 
7872	0	4	93 41 0 
7872	0	3	92 43 0 
7872	0	2	91 47 0 
7872	0	1	90 59 0 
7872	0	8	97 1f 64 
7872	0	7	96 2b 64 
7872	0	5	94 3b 64 
7872	0	4	93 37 64 
7872	0	3	92 3b 64 
7872	0	2	91 3e 64 
7872	0	1	90 56 64 
7968	96	1	90 56 0 
7968	0	1	90 53 64 
8064	96	8	97 1f 0 
8064	0	6	95 32 0 
8064	0	5	94 3b 0 
8064	0	4	93 37 0 
8064	0	3	92 3b 0 
8064	0	2	91 3e 0 
8064	0	1	90 53 0 
8064	0	8	97 1f 64 
8064	0	6	95 32 64 
8064	0	5	94 3b 64 
8064	0	4	93 3e 64 
8064	0	3	92 41 64 
8064	0	2	91 43 64 
8064	0	1	90 4f 64 
8160	96	1	90 4f 0 
8160	0	1	90 4d 64 
8256	96	7	96 2b 0 
8256	0	6	95 32 0 
8256	0	7	96 2b 64 
8256	0	6	95 32 64 
8352	96	1	90 4d 0 
8352	0	1	90 4a 64 
8448	96	8	97 1f 0 
8448	0	7	96 2b 0 
8448	0	6	95 32 0 
8448	0	5	94 3b 0 
8448	0	4	93 3e 0 
8448	0	3	92 41 0 
8448	0	2	91 43 0 
8448	0	1	90 4a 0 
8448	0	8	97 1f 64 
8448	0	7	96 2b 64 
8448	0	6	95 32 64 
8448	0	5	94 3b 64 
8448	0	4	93 39 64 
8448	0	3	92 3e 64 
8448	0	2	91 41 64 
8448	0	1	90 47 64 
8544	96	1	90 47 0 
8544	0	1	90 4a 64 
8640	96	5	94 3b 0 
8640	0	5	94 3b 64 
8736	96	1	90 4a 0 
8736	0	1	90 4d 64 
8832	96	8	97 1f 0 
8832	0	7	96 2b 0 
8832	0	6	95 32 0 
8832	0	5	94 3b 0 
8832	0	4	93 39 0 
8832	0	3	92 3e 0 
8832	0	2	91 41 0 
8832	0	1	90 4d 0 
8832	0	8	97 1f 64 
8832	0	7	96 2b 64 
8832	0	6	95 32 64 
8832	0	5	94 3b 64 
8832	0	4	93 3e 64 
8832	0	3	92 41 64 
8832	0	2	91 43 64 
8832	0	1	90 4f 64 
8928	96	1	90 4f 0 
8928	0	1	90 53 64 
9024	96	8	97 1f 0 
9024	0	6	95 32 0 
9024	0	4	93 3e 0 
9024	0	3	92 41 0 
9024	0	2	91 43 0 
9024	0	1	90 53 0 
9024	0	8	97 1f 64 
9024	0	6	95 32 64 
9024	0	4	93 41 64 
9024	0	3	92 43 64 
9024	0	2	91 47 64 
9024	0	1	90 56 64 
9216	192	8	97 1f 0 
9216	0	7	96 2b 0 
9216	0	6	95 32 0 
9216	0	5	94 3b 0 
9216	0	4	93 41 0 
9216	0	3	92 43 0 
9216	0	2	91 47 0 
9216	0	1	90 56 0 
9216	0	8	97 1f 64 
9216	0	7	96 2b 64 
9216	0	6	95 32 64 
9216	0	5	94 3b 64 
9216	0	4	93 41 64 
9216	0	3	92 43 64 
9216	0	2	91 47 64 
9216	0	1	90 56 64 
9312	96	1	90 56 0 
9312	0	1	90 53 64 
9408	96	7	96 2b 0 
9408	0	4	93 41 0 
9408	0	3	92 43 0 
9408	0	2	91 47 0 
9408	0	1	90 53 0 
9408	0	7	96 2b 64 
9408	0	4	93 3e 64 
9408	0	3	92 41 64 
9408	0	2	91 43 64 
9408	0	1	90 4f 64 
9600	192	8	97 1f 0 
9600	0	7	96 2b 0 
9600	0	6	95 32 0 
9600	0	5	94 3b 0 
9600	0	4	93 3e 0 
9600	0	3	92 41 0 
9600	0	2	91 43 0 
9600	0	1	90 4f 0 
9600	0	8	97 1f 64 
9600	0	7	96 2b 64 
9600	0	6	95 32 64 
9600	0	5	94 3b 64 
9600	0	4	93 41 64 
9600	0	3	92 43 64 
9600	0	2	91 47 64 
9600	0	1	90 4d 64 
9696	96	1	90 4d 0 
9696	0	1	90 4a 64 
9792	96	6	95 32 0 
9792	0	5	94 3b 0 
9792	0	4	93 41 0 
9792	0	3	92 43 0 
9792	0	2	91 47 0 
9792	0	1	90 4a 0 
9792	0	6	95 32 64 
9792	0	5	94 3b 64 
9792	0	4	93 47 64 
9792	0	3	92 4a 64 
9792	0	2	91 4d 64 
9792	0	1	90 47 64 
9888	96	1	90 47 0 
9888	0	1	90 43 64 
9984	96	8	97 1f 0 
9984	0	7	96 2b 0 
9984	0	6	95 32 0 
9984	0	8	97 1f 64 
9984	0	7	96 2b 64 
9984	0	6	95 32 64 
10080	96	1	90 43 0 
10080	0	1	90 47 64 
10176	96	8	97 1f 0 
10176	0	7	96 2b 0 
10176	0	5	94 3b 0 
10176	0	4	93 47 0 
10176	0	3	92 4a 0 
10176	0	2	91 4d 0 
10176	0	1	90 47 0 
10176	0	8	97 1f 64 
10176	0	7	96 2b 64 
10176	0	5	94 3b 64 
10176	0	4	93 3e 64 
10176	0	3	92 41 64 
10176	0	2	91 43 64 
10176	0	1	90 4a 64 
10272	96	1	90 4a 0 
10272	0	1	90 4d 64 
10368	96	8	97 1f 0 
10368	0	7	96 2b 0 
10368	0	6	95 32 0 
10368	0	1	90 4d 0 
10368	0	8	97 1f 64 
10368	0	7	96 2b 64 
10368	0	6	95 32 64 
10368	0	1	90 4f 64 
10464	96	1	90 4f 0 
10464	0	1	90 53 64 
10560	96	5	94 3b 0 
10560	0	4	93 3e 0 
10560	0	3	92 41 0 
10560	0	2	91 43 0 
10560	0	1	90 53 0 
10560	0	5	94 3b 64 
10560	0	4	93 39 64 
10560	0	3	92 3e 64 
10560	0	2	91 41 64 
10560	0	1	90 56 64 
10656	96	1	90 56 0 
10656	0	1	90 59 64 
10752	96	8	97 1f 0 
10752	0	7	96 2b 0 
10752	0	6	95 32 0 
10752	0	5	94 3b 0 
10752	0	4	93 39 0 
10752	0	3	92 3e 0 
10752	0	2	91 41 0 
10752	0	1	90 59 0 
10752	0	8	97 24 64 
10752	0	7	96 34 64 
10752	0	6	95 37 64 
10752	0	5	94 3c 64 
10752	0	4	93 3c 64 
10752	0	3	92 3e 64 
10752	0	2	91 40 64 
10752	0	1	90 58 64 
10944	192	7	96 34 0 
10944	0	6	95 37 0 
10944	0	4	93 3c 0 
10944	0	3	92 3e 0 
10944	0	2	91 40 0 
10944	0	1	90 58 0 
10944	0	7	96 34 64 
10944	0	6	95 37 64 
10944	0	4	93 37 64 
10944	0	3	92 39 64 
10944	0	2	91 3c 64 
10944	0	1	90 54 64 
11040	96	1	90 54 0 
11040	0	1	90 58 64 
11136	96	8	97 24 0 
11136	0	7	96 34 0 
11136	0	5	94 3c 0 
11136	0	4	93 37 0 
11136	0	3	92 39 0 
11136	0	2	91 3c 0 
11136	0	1	90 58 0 
11136	0	8	97 24 64 
11136	0	7	96 34 64 
11136	0	5	94 3c 64 
11136	0	4	93 3c 64 
11136	0	3	92 3e 64 
11136	0	2	91 40 64 
11136	0	1	90 54 64 
11328	192	8	97 24 0 
11328	0	6	95 37 0 
11328	0	4	93 3c 0 
11328	0	3	92 3e 0 
11328	0	2	91 40 0 
11328	0	1	90 54 0 
11328	0	8	97 24 64 
11328	0	6	95 37 64 
11328	0	4	93 43 64 
11328	0	3	92 45 64 
11328	0	2	91 48 64 
11328	0	1	90 51 64 
11424	96	1	90 51 0 
11424	0	1	90 54 64 
11520	96	8	97 24 0 
11520	0	7	96 34 0 
11520	0	5	94 3c 0 
11520	0	4	93 43 0 
11520	0	3	92 45 0 
11520	0	2	91 48 0 
11520	0	1	90 54 0 
11520	0	8	97 24 64 
11520	0	7	96 34 64 
11520	0	5	94 3c 64 
11520	0	4	93 3e 64 
11520	0	3	92 40 64 
11520	0	2	91 43 64 
11520	0	1	90 4f 64 
11616	96	1	90 4f 0 
11616	0	1	90 51 64 
11712	96	6	95 37 0 
11712	0	5	94 3c 0 
11712	0	6	95 37 64 
11712	0	5	94 3c 64 
11808	96	1	90 51 0 
11808	0	1	90 4f 64 
11904	96	8	97 24 0 
11904	0	7	96 34 0 
11904	0	6	95 37 0 
11904	0	5	94 3c 0 
11904	0	4	93 3e 0 
11904	0	3	92 40 0 
11904	0	2	91 43 0 
11904	0	1	90 4f 0 
11904	0	8	97 24 64 
11904	0	7	96 34 64 
11904	0	6	95 37 64 
11904	0	5	94 3c 64 
11904	0	4	93 3c 64 
11904	0	3	92 3e 64 
11904	0	2	91 3c 64 
11904	0	1	90 58 64 
12000	96	1	90 58 0 
12000	0	1	90 54 64 
12096	96	7	96 34 0 
12096	0	7	96 34 64 
12192	96	1	90 54 0 
12192	0	1	90 51 64 
12288	96	8	97 24 0 
12288	0	6	95 37 0 
12288	0	5	94 3c 0 
12288	0	4	93 3c 0 
12288	0	3	92 3e 0 
12288	0	2	91 3c 0 
12288	0	1	90 51 0 
12288	0	8	97 24 64 
12288	0	6	95 37 64 
12288	0	5	94 3c 64 
12288	0	4	93 3c 64 
12288	0	3	92 3e 64 
12288	0	2	91 40 64 
12288	0	1	90 5b 64 
12384	96	1	90 5b 0 
12384	0	1	90 58 64 
12480	96	8	97 24 0 
12480	0	7	96 34 0 
12480	0	5	94 3c 0 
12480	0	4	93 3c 0 
12480	0	3	92 3e 0 
12480	0	2	91 40 0 
12480	0	1	90 58 0 
12480	0	8	97 24 64 
12480	0	7	96 34 64 
12480	0	5	94 3c 64 
12480	0	4	93 3e 64 
12480	0	3	92 40 64 
12480	0	2	91 43 64 
12480	0	1	90 5b 64 
12672	192	8	97 24 0 
12672	0	6	95 37 0 
12672	0	5	94 3c 0 
12672	0	4	93 3e 0 
12672	0	3	92 40 0 
12672	0	2	91 43 0 
12672	0	1	90 5b 0 
12672	0	8	97 24 64 
12672	0	6	95 37 64 
12672	0	5	94 3c 64 
12672	0	4	93 43 64 
12672	0	3	92 45 64 
12672	0	2	91 48 64 
12672	0	1	90 58 64 
12768	96	1	90 58 0 
12768	0	1	90 54 64 
12864	96	7	96 34 0 
12864	0	6	95 37 0 
12864	0	4	93 43 0 
12864	0	3	92 45 0 
12864	0	2	91 48 0 
12864	0	1	90 54 0 
12864	0	7	96 34 64 
12864	0	6	95 37 64 
12864	0	4	93 3e 64 
12864	0	3	92 40 64 
12864	0	2	91 43 64 
12864	0	1	90 58 64 
13056	192	8	97 24 0 
13056	0	7	96 34 0 
13056	0	6	95 37 0 
13056	0	5	94 3c 0 
13056	0	4	93 3e 0 
13056	0	3	92 40 0 
13056	0	2	91 43 0 
13056	0	1	90 58 0 
13056	0	8	97 24 64 
13056	0	7	96 34 64 
13056	0	6	95 37 64 
13056	0	5	94 3c 64 
13056	0	4	93 4a 64 
13056	0	3	92 4c 64 
13056	0	2	91 4f 64 
13056	0	1	90 56 64 
13152	96	1	90 56 0 
13152	0	1	90 54 64 
13248	96	5	94 3c 0 
13248	0	4	93 4a 0 
13248	0	3	92 4c 0 
13248	0	2	91 4f 0 
13248	0	1	90 54 0 
13248	0	5	94 3c 64 
13248	0	4	93 48 64 
13248	0	3	92 4a 64 
13248	0	2	91 4c 64 
13248	0	1	90 56 64 
13344	96	1	90 56 0 
13344	0	1	90 51 64 
13440	96	8	97 24 0 
13440	0	7	96 34 0 
13440	0	6	95 37 0 
13440	0	5	94 3c 0 
13440	0	1	90 51 0 
13440	0	8	97 24 64 
13440	0	7	96 34 64 
13440	0	6	95 37 64 
13440	0	5	94 3c 64 
13440	0	1	90 58 64 
13536	96	1	90 58 0 
13536	0	1	90 56 64 
13632	96	8	97 24 0 
13632	0	6	95 37 0 
13632	0	4	93 48 0 
13632	0	3	92 4a 0 
13632	0	2	91 4c 0 
13632	0	1	90 56 0 
13632	0	8	97 24 64 
13632	0	6	95 37 64 
13632	0	4	93 43 64 
13632	0	3	92 45 64 
13632	0	2	91 48 64 
13632	0	1	90 54 64 
13728	96	1	90 54 0 
13728	0	1	90 51 64 
13824	96	8	97 24 0 
13824	0	7	96 34 0 
13824	0	6	95 37 0 
13824	0	5	94 3c 0 
13824	0	1	90 51 0 
13824	0	8	97 24 64 
13824	0	7	96 34 64 
13824	0	6	95 37 64 
13824	0	5	94 3c 64 
13824	0	1	90 58 64 
13920	96	1	90 58 0 
13920	0	1	90 56 64 
14016	96	7	96 34 0 
14016	0	4	93 43 0 
14016	0	3	92 45 0 
14016	0	2	91 48 0 
14016	0	1	90 56 0 
14016	0	7	96 34 64 
14016	0	4	93 3e 64 
14016	0	3	92 40 64 
14016	0	2	91 43 64 
14016	0	1	90 54 64 
14112	96	1	90 54 0 
14112	0	1	90 51 64 
14208	96	8	97 24 0 
14208	0	7	96 34 0 
14208	0	6	95 37 0 
14208	0	5	94 3c 0 
14208	0	4	93 3e 0 
14208	0	3	92 40 0 
14208	0	2	91 43 0 
14208	0	1	90 51 0 
14208	0	8	97 24 64 
14208	0	7	96 34 64 
14208	0	6	95 37 64 
14208	0	5	94 3c 64 
14208	0	4	93 37 64 
14208	0	3	92 39 64 
14208	0	2	91 3c 64 
14208	0	1	90 4f 64 
14400	192	6	95 37 0 
14400	0	5	94 3c 0 
14400	0	4	93 37 0 
14400	0	3	92 39 0 
14400	0	2	91 3c 0 
14400	0	1	90 4f 0 
14400	0	6	95 37 64 
14400	0	5	94 3c 64 
14400	0	4	93 3c 64 
14400	0	3	92 3e 64 
14400	0	2	91 40 64 
14400	0	1	90 4c 64 
14496	96	1	90 4c 0 
14496	0	1	90 4a 64 
14592	96	8	97 24 0 
14592	0	7	96 34 0 
14592	0	6	95 37 0 
14592	0	4	93 3c 0 
14592	0	3	92 3e 0 
14592	0	2	91 40 0 
14592	0	1	90 4a 0 
14592	0	8	97 24 64 
14592	0	7	96 34 64 
14592	0	6	95 37 64 
14592	0	4	93 3e 64 
14592	0	3	92 40 64 
14592	0	2	91 43 64 
14592	0	1	90 48 64 
14784	192	8	97 24 0 
14784	0	7	96 34 0 
14784	0	5	94 3c 0 
14784	0	4	93 3e 0 
14784	0	3	92 40 0 
14784	0	2	91 43 0 
14784	0	1	90 48 0 
14784	0	8	97 24 64 
14784	0	7	96 34 64 
14784	0	5	94 3c 64 
14784	0	4	93 37 64 
14784	0	3	92 39 64 
14784	0	2	91 3c 64 
14784	0	1	90 4a 64 
14880	96	1	90 4a 0 
14880	0	1	90 4c 64 
14976	96	8	97 24 0 
14976	0	7	96 34 0 
14976	0	6	95 37 0 
14976	0	4	93 37 0 
14976	0	3	92 39 0 
14976	0	2	91 3c 0 
14976	0	1	90 4c 0 
14976	0	8	97 24 64 
14976	0	7	96 34 64 
14976	0	6	95 37 64 
14976	0	4	93 3e 64 
14976	0	3	92 40 64 
14976	0	2	91 43 64 
14976	0	1	90 4f 64 
15072	96	1	90 4f 0 
15072	0	1	90 51 64 
15168	96	5	94 3c 0 
15168	0	5	94 3c 64 
15264	96	1	90 51 0 
15264	0	1	90 54 64 
15360	96	8	97 24 0 
15360	0	7	96 34 0 
15360	0	6	95 37 0 
15360	0	5	94 3c 0 
15360	0	4	93 3e 0 
15360	0	3	92 40 0 
15360	0	2	91 43 0 
15360	0	1	90 54 0 
15360	0	8	97 26 64 
15360	0	4	93 48 64 
15360	0	3	92 45 64 
15360	0	2	91 4a 64 
15360	0	1	90 56 64 
15552	192	1	90 56 0 
15552	0	1	90 54 64 
15744	192	1	90 54 0 
15744	0	7	96 35 64 
15744	0	1	90 56 64 
15936	192	4	93 48 0 
15936	0	3	92 45 0 
15936	0	2	91 4a 0 
15936	0	1	90 56 0 
15936	0	6	95 39 64 
15936	0	4	93 41 64 
15936	0	3	92 3e 64 
15936	0	2	91 45 64 
15936	0	1	90 51 64 
16128	192	1	90 51 0 
16128	0	5	94 3c 64 
16128	0	1	90 4d 64 
16320	192	1	90 4d 0 
16320	0	1	90 51 64 
16512	192	4	93 41 0 
16512	0	3	92 3e 0 
16512	0	2	91 45 0 
16512	0	1	90 51 0 
16512	0	4	93 4a 64 
16512	0	3	92 48 64 
16512	0	2	91 4d 64 
16512	0	1	90 59 64 
16704	192	1	90 59 0 
16704	0	1	90 56 64 
16896	192	1	90 56 0 
16896	0	1	90 59 64 
17088	192	4	93 4a 0 
17088	0	3	92 48 0 
17088	0	2	91 4d 0 
17088	0	1	90 59 0 
17088	0	4	93 48 64 
17088	0	3	92 45 64 
17088	0	2	91 4a 64 
17088	0	1	90 56 64 
17280	192	1	90 56 0 
17280	0	1	90 54 64 
17472	192	1	90 54 0 
17472	0	1	90 56 64 
17664	192	4	93 48 0 
17664	0	3	92 45 0 
17664	0	2	91 4a 0 
17664	0	1	90 56 0 
17664	0	4	93 41 64 
17664	0	3	92 3e 64 
17664	0	2	91 45 64 
17664	0	1	90 51 64 
17856	192	1	90 51 0 
17856	0	1	90 4d 64 
18048	192	1	90 4d 0 
18048	0	1	90 51 64 
18240	192	4	93 41 0 
18240	0	3	92 3e 0 
18240	0	2	91 45 0 
18240	0	1	90 51 0 
18240	0	4	93 3e 64 
18240	0	3	92 3c 64 
18240	0	2	91 41 64 
18240	0	1	90 4d 64 
18432	192	1	90 4d 0 
18432	0	1	90 4a 64 
18624	192	1	90 4a 0 
18624	0	1	90 4d 64 
18816	192	4	93 3e 0 
18816	0	3	92 3c 0 
18816	0	2	91 41 0 
18816	0	1	90 4d 0 
18816	0	4	93 3c 64 
18816	0	3	92 39 64 
18816	0	2	91 3e 64 
18816	0	1	90 4a 64 
19008	192	1	90 4a 0 
19008	0	1	90 48 64 
19200	192	1	90 48 0 
19200	0	1	90 4a 64 
19392	192	4	93 3c 0 
19392	0	3	92 39 0 
19392	0	2	91 3e 0 
19392	0	1	90 4a 0 
19392	0	4	93 3e 64 
19392	0	3	92 3c 64 
19392	0	2	91 41 64 
19392	0	1	90 4d 64 
19584	192	1	90 4d 0 
19584	0	1	90 4a 64 
19776	192	1	90 4a 0 
19776	0	1	90 4d 64 
19968	192	8	97 26 0 
19968	0	7	96 35 0 
19968	0	6	95 39 0 
19968	0	5	94 3c 0 
19968	0	4	93 3e 0 
19968	0	3	92 3c 0 
19968	0	2	91 41 0 
19968	0	1	90 4d 0 
19968	0	8	97 1f 64 
19968	0	4	93 3e 64 
19968	0	3	92 41 64 
19968	0	2	91 43 64 
19968	0	1	90 4f 64 
20160	192	1	90 4f 0 
20160	0	7	96 35 64 
20160	0	1	90 53 64 
20352	192	1	90 53 0 
20352	0	6	95 3e 64 
20352	0	1	90 4f 64 
20544	192	1	90 4f 0 
20544	0	1	90 4d 64 
20736	192	1	90 4d 0 
20736	0	5	94 3b 64 
20736	0	1	90 4f 64 
20928	192	6	95 3e 0 
20928	0	1	90 4f 0 
20928	0	1	90 53 64 
21120	192	4	93 3e 0 
21120	0	3	92 41 0 
21120	0	2	91 43 0 
21120	0	1	90 53 0 
21120	0	4	93 3e 64 
21120	0	3	92 41 64 
21120	0	2	91 43 64 
21120	0	1	90 4f 64 
21312	192	4	93 3e 0 
21312	0	3	92 41 0 
21312	0	2	91 43 0 
21312	0	1	90 4f 0 
21312	0	4	93 3e 64 
21312	0	3	92 41 64 
21312	0	2	91 43 64 
21312	0	1	90 4f 64 
21504	192	4	93 3e 0 
21504	0	3	92 41 0 
21504	0	2	91 43 0 
21504	0	1	90 4f 0 
21504	0	6	95 3e 64 
21504	0	4	93 41 64 
21504	0	3	92 43 64 
21504	0	2	91 47 64 
21504	0	1	90 53 64 
21696	192	1	90 53 0 
21696	0	1	90 56 64 
21888	192	1	90 56 0 
21888	0	1	90 53 64 
22080	192	1	90 53 0 
22080	0	1	90 4f 64 
22272	192	1	90 4f 0 
22272	0	1	90 53 64 
22464	192	1	90 53 0 
22464	0	1	90 56 64 
22656	192	4	93 41 0 
22656	0	3	92 43 0 
22656	0	2	91 47 0 
22656	0	1	90 56 0 
22656	0	4	93 41 64 
22656	0	3	92 43 64 
22656	0	2	91 47 64 
22656	0	1	90 53 64 
22848	192	4	93 41 0 
22848	0	3	92 43 0 
22848	0	2	91 47 0 
22848	0	1	90 53 0 
22848	0	4	93 41 64 
22848	0	3	92 43 64 
22848	0	2	91 47 64 
22848	0	1	90 53 64 
23040	192	4	93 41 0 
23040	0	3	92 43 0 
23040	0	2	91 47 0 
23040	0	1	90 53 0 
23040	0	4	93 37 64 
23040	0	3	92 3b 64 
23040	0	2	91 3e 64 
23040	0	1	90 4a 64 
23232	192	1	90 4a 0 
23232	0	1	90 4d 64 
23424	192	1	90 4d 0 
23424	0	1	90 4a 64 
23616	192	1	90 4a 0 
23616	0	1	90 47 64 
23808	192	1	90 47 0 
23808	0	1	90 4a 64 
24000	192	1	90 4a 0 
24000	0	1	90 4d 64 
24192	192	4	93 37 0 
24192	0	3	92 3b 0 
24192	0	2	91 3e 0 
24192	0	1	90 4d 0 
24192	0	4	93 37 64 
24192	0	3	92 3b 64 
24192	0	2	91 3e 64 
24192	0	1	90 4a 64 
24384	192	4	93 37 0 
24384	0	3	92 3b 0 
24384	0	2	91 3e 0 
24384	0	1	90 4a 0 
24384	0	4	93 37 64 
24384	0	3	92 3b 64 
24384	0	2	91 3e 64 
24384	0	1	90 4a 64 
24576	192	8	97 1f 0 
24576	0	7	96 35 0 
24576	0	6	95 3e 0 
24576	0	5	94 3b 0 
24576	0	4	93 37 0 
24576	0	3	92 3b 0 
24576	0	2	91 3e 0 
24576	0	1	90 4a 0 
24576	0	8	97 24 64 
24576	0	4	93 3c 64 
24576	0	3	92 3e 64 
24576	0	2	91 40 64 
24576	0	1	90 4c 64 
24768	192	1	90 4c 0 
24768	0	7	96 34 64 
24768	0	1	90 4f 64 
24960	192	1	90 4f 0 
24960	0	1	90 4c 64 
25152	192	1	90 4c 0 
25152	0	6	95 3c 64 
25152	0	1	90 48 64 
25344	192	1	90 48 0 
25344	0	1	90 4c 64 
25536	192	1	90 4c 0 
25536	0	5	94 37 64 
25536	0	1	90 4f 64 
25728	192	4	93 3c 0 
25728	0	3	92 3e 0 
25728	0	2	91 40 0 
25728	0	1	90 4f 0 
25728	0	4	93 3c 64 
25728	0	3	92 3e 64 
25728	0	2	91 40 64 
25728	0	1	90 4c 64 
25920	192	4	93 3c 0 
25920	0	3	92 3e 0 
25920	0	2	91 40 0 
25920	0	1	90 4c 0 
25920	0	4	93 3c 64 
25920	0	3	92 3e 64 
25920	0	2	91 40 64 
25920	0	1	90 4c 64 
26112	192	4	93 3c 0 
26112	0	3	92 3e 0 
26112	0	2	91 40 0 
26112	0	1	90 4c 0 
26112	0	4	93 3e 64 
26112	0	3	92 40 64 
26112	0	2	91 43 64 
26112	0	1	90 4f 64 
26304	192	1	90 4f 0 
26304	0	1	90 51 64 
26496	192	1	90 51 0 
26496	0	1	90 4f 64 
26688	192	1	90 4f 0 
26688	0	1	90 4c 64 
26880	192	1	90 4c 0 
26880	0	1	90 4f 64 
27072	192	1	90 4f 0 
27072	0	1	90 51 64 
27264	192	4	93 3e 0 
27264	0	3	92 40 0 
27264	0	2	91 43 0 
27264	0	1	90 51 0 
27264	0	4	93 3e 64 
27264	0	3	92 40 64 
27264	0	2	91 43 64 
27264	0	1	90 4f 64 
27456	192	4	93 3e 0 
27456	0	3	92 40 0 
27456	0	2	91 43 0 
27456	0	1	90 4f 0 
27456	0	4	93 3e 64 
27456	0	3	92 40 64 
27456	0	2	91 43 64 
27456	0	1	90 4f 64 
27648	192	4	93 3e 0 
27648	0	3	92 40 0 
27648	0	2	91 43 0 
27648	0	1	90 4f 0 
27648	0	4	93 37 64 
27648	0	3	92 39 64 
27648	0	2	91 3c 64 
27648	0	1	90 48 64 
27840	192	1	90 48 0 
27840	0	1	90 4a 64 
28032	192	1	90 4a 0 
28032	0	1	90 48 64 
28224	192	1	90 48 0 
28224	0	1	90 45 64 
28416	192	1	90 45 0 
28416	0	1	90 48 64 
28608	192	1	90 48 0 
28608	0	1	90 4a 64 
28800	192	4	93 37 0 
28800	0	3	92 39 0 
28800	0	2	91 3c 0 
28800	0	1	90 4a 0 
28800	0	4	93 37 64 
28800	0	3	92 39 64 
28800	0	2	91 3c 64 
28800	0	1	90 48 64 
28992	192	4	93 37 0 
28992	0	3	92 39 0 
28992	0	2	91 3c 0 
28992	0	1	90 48 0 
28992	0	4	93 37 64 
28992	0	3	92 39 64 
28992	0	2	91 3c 64 
28992	0	1	90 48 64 
29184	192	8	97 24 0 
29184	0	7	96 34 0 
29184	0	6	95 3c 0 
29184	0	5	94 37 0 
29184	0	4	93 37 0 
29184	0	3	92 39 0 
29184	0	2	91 3c 0 
29184	0	1	90 48 0 
29184	0	8	97 1c 64 
29184	0	7	96 1c 64 
29184	0	6	95 28 64 
29184	0	5	94 2f 64 
29184	0	4	93 2f 64 
29184	0	3	92 43 64 
29184	0	2	91 43 64 
29184	0	1	90 4f 64 
29376	192	8	97 1c 0 
29376	0	7	96 1c 0 
29376	0	6	95 28 0 
29376	0	8	97 1c 64 
29376	0	7	96 1c 64 
29376	0	6	95 28 64 
29568	192	8	97 1c 0 
29568	0	7	96 1c 0 
29568	0	6	95 28 0 
29568	0	5	94 2f 0 
29568	0	4	93 2f 0 
29568	0	3	92 43 0 
29568	0	2	91 43 0 
29568	0	1	90 4f 0 
29568	0	8	97 1f 64 
29568	0	7	96 1f 64 
29568	0	6	95 2b 64 
29568	0	5	94 32 64 
29568	0	4	93 32 64 
29568	0	3	92 45 64 
29568	0	2	91 45 64 
29568	0	1	90 51 64 
29760	192	8	97 1f 0 
29760	0	7	96 1f 0 
29760	0	6	95 2b 0 
29760	0	8	97 1f 64 
29760	0	7	96 1f 64 
29760	0	6	95 2b 64 
29952	192	8	97 1f 0 
29952	0	7	96 1f 0 
29952	0	6	95 2b 0 
29952	0	5	94 32 0 
29952	0	4	93 32 0 
29952	0	3	92 45 0 
29952	0	2	91 45 0 
29952	0	1	90 51 0 
29952	0	8	97 21 64 
29952	0	7	96 21 64 
29952	0	6	95 2d 64 
29952	0	5	94 34 64 
29952	0	4	93 34 64 
29952	0	3	92 48 64 
29952	0	2	91 48 64 
29952	0	1	90 54 64 
30144	192	8	97 21 0 
30144	0	7	96 21 0 
30144	0	6	95 2d 0 
30144	0	5	94 34 0 
30144	0	4	93 34 0 
30144	0	3	92 48 0 
30144	0	2	91 48 0 
30144	0	1	90 54 0 
30144	0	8	97 24 64 
30144	0	7	96 24 64 
30144	0	6	95 30 64 
30144	0	5	94 37 64 
30144	0	4	93 37 64 
30144	0	3	92 4a 64 
30144	0	2	91 4a 64 
30144	0	1	90 56 64 
30336	192	8	97 24 0 
30336	0	7	96 24 0 
30336	0	6	95 30 0 
30336	0	5	94 37 0 
30336	0	4	93 37 0 
30336	0	3	92 4a 0 
30336	0	2	91 4a 0 
30336	0	1	90 56 0 
30336	0	8	97 28 64 
30336	0	7	96 28 64 
30336	0	6	95 34 64 
30336	0	5	94 3b 64 
30336	0	4	93 3b 64 
30336	0	3	92 4f 64 
30336	0	2	91 4f 64 
30336	0	1	90 5b 64 
30528	192	8	97 28 0 
30528	0	7	96 28 0 
30528	0	6	95 34 0 
30528	0	8	97 28 64 
30528	0	7	96 28 64 
30528	0	6	95 34 64 
30720	192	8	97 28 0 
30720	0	7	96 28 0 
30720	0	6	95 34 0 
30720	0	5	94 3b 0 
30720	0	4	93 3b 0 
30720	0	3	92 4f 0 
30720	0	2	91 4f 0 
30720	0	1	90 5b 0 
30720	0	8	97 2b 64 
30720	0	7	96 2b 64 
30720	0	6	95 37 64 
30720	0	5	94 3e 64 
30720	0	4	93 3e 64 
30720	0	3	92 45 64 
30720	0	2	91 45 64 
30720	0	1	90 51 64 
30912	192	8	97 2b 0 
30912	0	7	96 2b 0 
30912	0	6	95 37 0 
30912	0	5	94 3e 0 
30912	0	4	93 3e 0 
30912	0	3	92 45 0 
30912	0	2	91 45 0 
30912	0	1	90 51 0 
30912	0	8	97 2d 64 
30912	0	7	96 2d 64 
30912	0	6	95 39 64 
30912	0	5	94 40 64 
30912	0	4	93 40 64 
30912	0	3	92 48 64 
30912	0	2	91 48 64 
30912	0	1	90 54 64 
31104	192	8	97 2d 0 
31104	0	7	96 2d 0 
31104	0	6	95 39 0 
31104	0	5	94 40 0 
31104	0	4	93 40 0 
31104	0	3	92 48 0 
31104	0	2	91 48 0 
31104	0	1	90 54 0 
31104	0	8	97 30 64 
31104	0	7	96 30 64 
31104	0	6	95 3c 64 
31104	0	5	94 43 64 
31104	0	4	93 43 64 
31104	0	3	92 4a 64 
31104	0	2	91 4a 64 
31104	0	1	90 56 64 
31296	192	8	97 30 0 
31296	0	7	96 30 0 
31296	0	6	95 3c 0 
31296	0	8	97 30 64 
31296	0	7	96 30 64 
31296	0	6	95 3c 64 
31488	192	8	97 30 0 
31488	0	7	96 30 0 
31488	0	6	95 3c 0 
31488	0	5	94 43 0 
31488	0	4	93 43 0 
31488	0	3	92 4a 0 
31488	0	2	91 4a 0 
31488	0	1	90 56 0 
31488	0	8	97 2d 64 
31488	0	7	96 2d 64 
31488	0	6	95 39 64 
31488	0	5	94 40 64 
31488	0	4	93 40 64 
31488	0	3	92 3c 64 
31488	0	2	91 3c 64 
31488	0	1	90 48 64 
31680	192	8	97 2d 0 
31680	0	7	96 2d 0 
31680	0	6	95 39 0 
31680	0	5	94 40 0 
31680	0	4	93 40 0 
31680	0	3	92 3c 0 
31680	0	2	91 3c 0 
31680	0	1	90 48 0 
31680	0	8	97 30 64 
31680	0	7	96 30 64 
31680	0	6	95 3c 64 
31680	0	5	94 43 64 
31680	0	4	93 43 64 
31680	0	3	92 3e 64 
31680	0	2	91 3e 64 
31680	0	1	90 4a 64 
31872	192	8	97 30 0 
31872	0	7	96 30 0 
31872	0	6	95 3c 0 
31872	0	5	94 43 0 
31872	0	4	93 43 0 
31872	0	3	92 3e 0 
31872	0	2	91 3e 0 
31872	0	1	90 4a 0 
31872	0	8	97 2b 64 
31872	0	7	96 2b 64 
31872	0	6	95 37 64 
31872	0	5	94 3e 64 
31872	0	4	93 3e 64 
31872	0	3	92 39 64 
31872	0	2	91 39 64 
31872	0	1	90 45 64 
32064	192	8	97 2b 0 
32064	0	7	96 2b 0 
32064	0	6	95 37 0 
32064	0	8	97 2b 64 
32064	0	7	96 2b 64 
32064	0	6	95 37 64 
32256	192	8	97 2b 0 
32256	0	7	96 2b 0 
32256	0	6	95 37 0 
32256	0	5	94 3e 0 
32256	0	4	93 3e 0 
32256	0	3	92 39 0 
32256	0	2	91 39 0 
32256	0	1	90 45 0 
32256	0	8	97 28 64 
32256	0	7	96 28 64 
32256	0	6	95 34 64 
32256	0	5	94 40 64 
32256	0	4	93 40 64 
32256	0	3	92 40 64 
32256	0	2	91 40 64 
32256	0	1	90 4c 64 
32448	192	8	97 28 0 
32448	0	7	96 28 0 
32448	0	6	95 34 0 
32448	0	8	97 28 64 
32448	0	7	96 28 64 
32448	0	6	95 34 64 
32640	192	8	97 28 0 
32640	0	7	96 28 0 
32640	0	6	95 34 0 
32640	0	5	94 40 0 
32640	0	4	93 40 0 
32640	0	3	92 40 0 
32640	0	2	91 40 0 
32640	0	1	90 4c 0 
32640	0	8	97 2b 64 
32640	0	7	96 2b 64 
32640	0	6	95 37 64 
32640	0	5	94 43 64 
32640	0	4	93 43 64 
32640	0	3	92 43 64 
32640	0	2	91 43 64 
32640	0	1	90 4f 64 
32832	192	8	97 2b 0 
32832	0	7	96 2b 0 
32832	0	6	95 37 0 
32832	0	5	94 43 0 
32832	0	4	93 43 0 
32832	0	3	92 43 0 
32832	0	2	91 43 0 
32832	0	1	90 4f 0 
32832	0	8	97 2d 64 
32832	0	7	96 2d 64 
32832	0	6	95 39 64 
32832	0	5	94 45 64 
32832	0	4	93 45 64 
32832	0	3	92 45 64 
32832	0	2	91 45 64 
32832	0	1	90 51 64 
33024	192	8	97 2d 0 
33024	0	7	96 2d 0 
33024	0	6	95 39 0 
33024	0	8	97 2d 64 
33024	0	7	96 2d 64 
33024	0	6	95 39 64 
33216	192	8	97 2d 0 
33216	0	7	96 2d 0 
33216	0	6	95 39 0 
33216	0	5	94 45 0 
33216	0	4	93 45 0 
33216	0	3	92 45 0 
33216	0	2	91 45 0 
33216	0	1	90 51 0 
33216	0	8	97 1f 64 
33216	0	7	96 1f 64 
33216	0	6	95 2b 64 
33216	0	5	94 37 64 
33216	0	4	93 37 64 
33216	0	3	92 37 64 
33216	0	2	91 37 64 
33216	0	1	90 43 64 
33408	192	8	97 1f 0 
33408	0	7	96 1f 0 
33408	0	6	95 2b 0 
33408	0	8	97 1f 64 
33408	0	7	96 1f 64 
33408	0	6	95 2b 64 
33600	192	8	97 1f 0 
33600	0	7	96 1f 0 
33600	0	6	95 2b 0 
33600	0	5	94 37 0 
33600	0	4	93 37 0 
33600	0	3	92 37 0 
33600	0	2	91 37 0 
33600	0	1	90 43 0 
33600	0	8	97 24 64 
33600	0	7	96 24 64 
33600	0	6	95 30 64 
33600	0	5	94 3c 64 
33600	0	4	93 3c 64 
33600	0	3	92 3c 64 
33600	0	2	91 3c 64 
33600	0	1	90 48 64 
33792	192	0	ff 58 4 3 2 18 8 
33792	0	8	97 24 0 
33792	0	7	96 24 0 
33792	0	6	95 30 0 
33792	0	5	94 3c 0 
33792	0	4	93 3c 0 
33792	0	3	92 3c 0 
33792	0	2	91 3c 0 
33792	0	1	90 48 0 
33792	0	8	97 1d 64 
33792	0	7	96 1d 64 
33792	0	6	95 3e 64 
33792	0	5	94 39 64 
33792	0	4	93 3c 64 
33792	0	3	92 3c 64 
33792	0	2	91 41 64 
33792	0	1	90 4d 64 
34176	384	6	95 3e 0 
34176	0	5	94 39 0 
34176	0	4	93 3c 0 
34176	0	3	92 3c 0 
34176	0	6	95 3e 64 
34176	0	5	94 3c 64 
34176	0	4	93 40 64 
34176	0	3	92 40 64 
34368	192	6	95 3e 0 
34368	0	5	94 3c 0 
34368	0	4	93 40 0 
34368	0	3	92 40 0 
34368	0	6	95 3c 64 
34368	0	5	94 39 64 
34368	0	4	93 3e 64 
34368	0	3	92 3e 64 
34560	192	6	95 3c 0 
34560	0	5	94 39 0 
34560	0	4	93 3e 0 
34560	0	3	92 3e 0 
34560	0	6	95 3e 64 
34560	0	5	94 39 64 
34560	0	4	93 3c 64 
34560	0	3	92 3c 64 
34944	384	8	97 1d 0 
34944	0	7	96 1d 0 
34944	0	6	95 3e 0 
34944	0	5	94 39 0 
34944	0	4	93 3c 0 
34944	0	3	92 3c 0 
34944	0	2	91 41 0 
34944	0	1	90 4d 0 
34944	0	8	97 21 64 
34944	0	7	96 21 64 
34944	0	6	95 3e 64 
34944	0	5	94 39 64 
34944	0	4	93 3c 64 
34944	0	3	92 3c 64 
34944	0	2	91 40 64 
34944	0	1	90 4c 64 
35328	384	6	95 3e 0 
35328	0	5	94 39 0 
35328	0	4	93 3c 0 
35328	0	3	92 3c 0 
35328	0	6	95 41 64 
35328	0	5	94 3b 64 
35328	0	4	93 3e 64 
35328	0	3	92 3e 64 
35520	192	6	95 41 0 
35520	0	5	94 3b 0 
35520	0	4	93 3e 0 
35520	0	3	92 3e 0 
35520	0	6	95 40 64 
35520	0	5	94 3c 64 
35520	0	4	93 40 64 
35520	0	3	92 40 64 
35712	192	6	95 40 0 
35712	0	5	94 3c 0 
35712	0	4	93 40 0 
35712	0	3	92 40 0 
35712	0	6	95 3c 64 
35712	0	5	94 39 64 
35712	0	4	93 3c 64 
35712	0	3	92 3c 64 
36096	384	8	97 21 0 
36096	0	7	96 21 0 
36096	0	6	95 3c 0 
36096	0	5	94 39 0 
36096	0	4	93 3c 0 
36096	0	3	92 3c 0 
36096	0	2	91 40 0 
36096	0	1	90 4c 0 
36096	0	8	97 24 64 
36096	0	7	96 24 64 
36096	0	6	95 34 64 
36096	0	5	94 3c 64 
36096	0	4	93 40 64 
36096	0	3	92 40 64 
36096	0	2	91 43 64 
36096	0	1	90 4f 64 
36480	384	6	95 34 0 
36480	0	5	94 3c 0 
36480	0	4	93 40 0 
36480	0	3	92 40 0 
36480	0	6	95 37 64 
36480	0	5	94 40 64 
36480	0	4	93 43 64 
36480	0	3	92 43 64 
36672	192	6	95 37 0 
36672	0	5	94 40 0 
36672	0	4	93 43 0 
36672	0	3	92 43 0 
36672	0	6	95 32 64 
36672	0	5	94 3b 64 
36672	0	4	93 3e 64 
36672	0	3	92 3e 64 
36864	192	6	95 32 0 
36864	0	5	94 3b 0 
36864	0	4	93 3e 0 
36864	0	3	92 3e 0 
36864	0	6	95 34 64 
36864	0	5	94 3c 64 
36864	0	4	93 40 64 
36864	0	3	92 40 64 
37248	384	8	97 24 0 
37248	0	7	96 24 0 
37248	0	6	95 34 0 
37248	0	5	94 3c 0 
37248	0	4	93 40 0 
37248	0	3	92 40 0 
37248	0	2	91 43 0 
37248	0	1	90 4f 0 
37248	0	8	97 29 64 
37248	0	7	96 29 64 
37248	0	6	95 35 64 
37248	0	5	94 3c 64 
37248	0	4	93 40 64 
37248	0	3	92 41 64 
37248	0	2	91 45 64 
37248	0	1	90 51 64 
37632	384	8	97 29 0 
37632	0	7	96 29 0 
37632	0	6	95 35 0 
37632	0	5	94 3c 0 
37632	0	4	93 40 0 
37632	0	3	92 41 0 
37632	0	2	91 45 0 
37632	0	1	90 51 0 
37632	0	8	97 28 64 
37632	0	7	96 28 64 
37632	0	6	95 34 64 
37632	0	5	94 3b 64 
37632	0	4	93 3e 64 
37632	0	3	92 40 64 
37632	0	2	91 43 64 
37632	0	1	90 4f 64 
38400	768	8	97 28 0 
38400	0	7	96 28 0 
38400	0	6	95 34 0 
38400	0	5	94 3b 0 
38400	0	4	93 3e 0 
38400	0	3	92 40 0 
38400	0	2	91 43 0 
38400	0	1	90 4f 0 
38400	0	8	97 2d 64 
38400	0	7	96 2d 64 
38400	0	6	95 39 64 
38400	0	5	94 40 64 
38400	0	4	93 43 64 
38400	0	3	92 43 64 
38400	0	2	91 45 64 
38400	0	1	90 51 64 
38784	384	8	97 2d 0 
38784	0	7	96 2d 0 
38784	0	6	95 39 0 
38784	0	5	94 40 0 
38784	0	4	93 43 0 
38784	0	3	92 43 0 
38784	0	2	91 45 0 
38784	0	1	90 51 0 
38784	0	8	97 26 64 
38784	0	7	96 26 64 
38784	0	6	95 39 64 
38784	0	5	94 3e 64 
38784	0	4	93 41 64 
38784	0	3	92 41 64 
38784	0	2	91 45 64 
38784	0	1	90 51 64 
39168	384	8	97 26 0 
39168	0	7	96 26 0 
39168	0	6	95 39 0 
39168	0	5	94 3e 0 
39168	0	4	93 41 0 
39168	0	3	92 41 0 
39168	0	2	91 45 0 
39168	0	1	90 51 0 
39168	0	8	97 2b 64 
39168	0	7	96 2b 64 
39168	0	6	95 37 64 
39168	0	5	94 3e 64 
39168	0	4	93 41 64 
39168	0	3	92 41 64 
39168	0	2	91 43 64 
39168	0	1	90 4f 64 
39552	384	8	97 2b 0 
39552	0	7	96 2b 0 
39552	0	6	95 37 0 
39552	0	5	94 3e 0 
39552	0	4	93 41 0 
39552	0	3	92 41 0 
39552	0	2	91 43 0 
39552	0	1	90 4f 0 
39552	0	8	97 1f 64 
39552	0	7	96 2b 64 
39552	0	6	95 3b 64 
39552	0	5	94 3e 64 
39552	0	4	93 41 64 
39552	0	3	92 43 64 
39552	0	2	91 47 64 
39552	0	1	90 53 64 
40320	768	8	97 1f 0 
40320	0	7	96 2b 0 
40320	0	6	95 3b 0 
40320	0	5	94 3e 0 
40320	0	4	93 41 0 
40320	0	3	92 43 0 
40320	0	2	91 47 0 
40320	0	1	90 53 0 
40320	0	8	97 24 64 
40320	0	7	96 24 64 
40320	0	6	95 3c 64 
40320	0	5	94 40 64 
40320	0	4	93 43 64 
40320	0	3	92 45 64 
40320	0	2	91 48 64 
40320	0	1	90 54 64 
40704	384	0	ff 58 4 4 2 18 8 
40704	0	8	97 24 0 
40704	0	7	96 24 0 
40704	0	6	95 3c 0 
40704	0	5	94 40 0 
40704	0	4	93 43 0 
40704	0	3	92 45 0 
40704	0	2	91 48 0 
40704	0	1	90 54 0 
40704	0	8	97 24 64 
40704	0	1	90 54 64 
40704	0	0	ff 2f 0 
40896	192	1	90 54 0 
40896	0	1	90 56 64 
40992	96	1	90 56 0 
40992	0	1	90 51 64 
41088	96	1	90 51 0 
41088	0	1	90 54 64 
41184	96	1	90 54 0 
41184	0	1	90 51 64 
41280	96	1	90 51 0 
41280	0	1	90 4f 64 
41376	96	1	90 4f 0 
41376	0	1	90 4c 64 
41472	96	8	97 24 0 
41472	0	8	97 24 64 
41568	96	1	90 4c 0 
41568	0	1	90 48 64 
41664	96	1	90 48 0 
41664	0	1	90 4a 64 
41760	96	1	90 4a 0 
41760	0	1	90 4c 64 
41856	96	8	97 24 0 
41856	0	1	90 4c 0 
41856	0	8	97 24 64 
41856	0	1	90 4f 64 
41952	96	1	90 4f 0 
41952	0	1	90 4c 64 
42048	96	1	90 4c 0 
42048	0	1	90 51 64 
42240	192	8	97 24 0 
42240	0	1	90 51 0 
42240	0	8	97 24 64 
42240	0	4	93 3c 64 
42240	0	3	92 48 64 
42240	0	2	91 48 64 
42240	0	1	90 54 64 
42432	192	4	93 3c 0 
42432	0	3	92 48 0 
42432	0	2	91 48 0 
42432	0	1	90 54 0 
42432	0	4	93 3e 64 
42432	0	3	92 4a 64 
42432	0	2	91 4a 64 
42432	0	1	90 56 64 
42528	96	4	93 3e 0 
42528	0	3	92 4a 0 
42528	0	2	91 4a 0 
42528	0	1	90 56 0 
42528	0	4	93 45 64 
42528	0	3	92 45 64 
42528	0	2	91 45 64 
42528	0	1	90 51 64 
42624	96	8	97 24 0 
42624	0	4	93 45 0 
42624	0	3	92 45 0 
42624	0	2	91 45 0 
42624	0	1	90 51 0 
42624	0	8	97 28 64 
42624	0	4	93 48 64 
42624	0	3	92 48 64 
42624	0	2	91 48 64 
42624	0	1	90 54 64 
42720	96	4	93 48 0 
42720	0	3	92 48 0 
42720	0	2	91 48 0 
42720	0	1	90 54 0 
42720	0	4	93 45 64 
42720	0	3	92 45 64 
42720	0	2	91 45 64 
42720	0	1	90 51 64 
42816	96	4	93 45 0 
42816	0	3	92 45 0 
42816	0	2	91 45 0 
42816	0	1	90 51 0 
42816	0	4	93 43 64 
42816	0	3	92 43 64 
42816	0	2	91 43 64 
42816	0	1	90 4f 64 
42912	96	4	93 43 0 
42912	0	3	92 43 0 
42912	0	2	91 43 0 
42912	0	1	90 4f 0 
42912	0	4	93 40 64 
42912	0	3	92 40 64 
42912	0	2	91 40 64 
42912	0	1	90 4c 64 
43008	96	8	97 28 0 
43008	0	8	97 2b 64 
43104	96	4	93 40 0 
43104	0	3	92 40 0 
43104	0	2	91 40 0 
43104	0	1	90 4c 0 
43104	0	4	93 3c 64 
43104	0	3	92 3c 64 
43104	0	2	91 3c 64 
43104	0	1	90 48 64 
43200	96	4	93 3c 0 
43200	0	3	92 3c 0 
43200	0	2	91 3c 0 
43200	0	1	90 48 0 
43200	0	4	93 3e 64 
43200	0	3	92 3e 64 
43200	0	2	91 3e 64 
43200	0	1	90 4a 64 
43296	96	4	93 3e 0 
43296	0	3	92 3e 0 
43296	0	2	91 3e 0 
43296	0	1	90 4a 0 
43296	0	4	93 40 64 
43296	0	3	92 40 64 
43296	0	2	91 40 64 
43296	0	1	90 4c 64 
43392	96	8	97 2b 0 
43392	0	4	93 40 0 
43392	0	3	92 40 0 
43392	0	2	91 40 0 
43392	0	1	90 4c 0 
43392	0	8	97 30 64 
43392	0	4	93 43 64 
43392	0	3	92 43 64 
43392	0	2	91 43 64 
43392	0	1	90 4f 64 
43488	96	4	93 43 0 
43488	0	3	92 43 0 
43488	0	2	91 43 0 
43488	0	1	90 4f 0 
43488	0	4	93 40 64 
43488	0	3	92 40 64 
43488	0	2	91 40 64 
43488	0	1	90 4c 64 
43584	96	4	93 40 0 
43584	0	3	92 40 0 
43584	0	2	91 40 0 
43584	0	1	90 4c 0 
43584	0	4	93 45 64 
43584	0	3	92 45 64 
43584	0	2	91 45 64 
43584	0	1	90 51 64 
43776	192	4	93 45 0 
43776	0	3	92 45 0 
43776	0	2	91 45 0 
43776	0	1	90 51 0 
43776	0	7	96 30 64 
43776	0	6	95 3c 64 
43776	0	5	94 3c 64 
43968	192	8	97 30 0 
43968	0	7	96 30 0 
43968	0	6	95 3c 0 
43968	0	5	94 3c 0 
43968	0	8	97 32 64 
43968	0	7	96 32 64 
43968	0	6	95 3e 64 
43968	0	5	94 3e 64 
44064	96	8	97 32 0 
44064	0	7	96 32 0 
44064	0	6	95 3e 0 
44064	0	5	94 3e 0 
44064	0	8	97 2d 64 
44064	0	7	96 2d 64 
44064	0	6	95 39 64 
44064	0	5	94 39 64 
44160	96	8	97 2d 0 
44160	0	7	96 2d 0 
44160	0	6	95 39 0 
44160	0	5	94 39 0 
44160	0	8	97 30 64 
44160	0	7	96 30 64 
44160	0	6	95 3c 64 
44160	0	5	94 3c 64 
44256	96	8	97 30 0 
44256	0	7	96 30 0 
44256	0	6	95 3c 0 
44256	0	5	94 3c 0 
44256	0	8	97 2d 64 
44256	0	7	96 2d 64 
44256	0	6	95 39 64 
44256	0	5	94 39 64 
44352	96	8	97 2d 0 
44352	0	7	96 2d 0 
44352	0	6	95 39 0 
44352	0	5	94 39 0 
44352	0	8	97 2b 64 
44352	0	7	96 2b 64 
44352	0	6	95 37 64 
44352	0	5	94 37 64 
44448	96	8	97 2b 0 
44448	0	7	96 2b 0 
44448	0	6	95 37 0 
44448	0	5	94 37 0 
44448	0	8	97 28 64 
44448	0	7	96 28 64 
44448	0	6	95 34 64 
44448	0	5	94 34 64 
44640	192	8	97 28 0 
44640	0	7	96 28 0 
44640	0	6	95 34 0 
44640	0	5	94 34 0 
44640	0	8	97 24 64 
44640	0	7	96 24 64 
44640	0	6	95 30 64 
44640	0	5	94 30 64 
44736	96	8	97 24 0 
44736	0	7	96 24 0 
44736	0	6	95 30 0 
44736	0	5	94 30 0 
44736	0	8	97 26 64 
44736	0	7	96 26 64 
44736	0	6	95 32 64 
44736	0	5	94 32 64 
44832	96	8	97 26 0 
44832	0	7	96 26 0 
44832	0	6	95 32 0 
44832	0	5	94 32 0 
44832	0	8	97 28 64 
44832	0	7	96 28 64 
44832	0	6	95 34 64 
44832	0	5	94 34 64 
44928	96	8	97 28 0 
44928	0	7	96 28 0 
44928	0	6	95 34 0 
44928	0	5	94 34 0 
44928	0	8	97 2b 64 
44928	0	7	96 2b 64 
44928	0	6	95 37 64 
44928	0	5	94 37 64 
45024	96	8	97 2b 0 
45024	0	7	96 2b 0 
45024	0	6	95 37 0 
45024	0	5	94 37 0 
45024	0	8	97 28 64 
45024	0	7	96 28 64 
45024	0	6	95 34 64 
45024	0	5	94 34 64 
45120	96	8	97 28 0 
45120	0	7	96 28 0 
45120	0	6	95 34 0 
45120	0	5	94 34 0 
45120	0	8	97 2d 64 
45120	0	7	96 2d 64 
45120	0	6	95 39 64 
45120	0	5	94 39 64 
45312	192	8	97 2d 0 
45312	0	7	96 2d 0 
45312	0	6	95 39 0 
45312	0	5	94 39 0 
45312	0	8	97 2d 64 
45312	0	7	96 2d 64 
45312	0	6	95 34 64 
45312	0	5	94 40 64 
45312	0	4	93 40 64 
45312	0	3	92 4c 64 
45312	0	2	91 4c 64 
45312	0	1	90 58 64 
45504	192	6	95 34 0 
45504	0	5	94 40 0 
45504	0	4	93 40 0 
45504	0	3	92 4c 0 
45504	0	2	91 4c 0 
45504	0	1	90 58 0 
45504	0	6	95 35 64 
45504	0	5	94 41 64 
45504	0	4	93 41 64 
45504	0	3	92 4d 64 
45504	0	2	91 4d 64 
45504	0	1	90 59 64 
45600	96	6	95 35 0 
45600	0	5	94 41 0 
45600	0	4	93 41 0 
45600	0	3	92 4d 0 
45600	0	2	91 4d 0 
45600	0	1	90 59 0 
45600	0	6	95 3c 64 
45600	0	5	94 3c 64 
45600	0	4	93 3c 64 
45600	0	3	92 48 64 
45600	0	2	91 48 64 
45600	0	1	90 54 64 
45696	96	8	97 2d 0 
45696	0	7	96 2d 0 
45696	0	6	95 3c 0 
45696	0	5	94 3c 0 
45696	0	4	93 3c 0 
45696	0	3	92 48 0 
45696	0	2	91 48 0 
45696	0	1	90 54 0 
45696	0	8	97 28 64 
45696	0	7	96 28 64 
45696	0	6	95 40 64 
45696	0	5	94 40 64 
45696	0	4	93 40 64 
45696	0	3	92 4c 64 
45696	0	2	91 4c 64 
45696	0	1	90 58 64 
45792	96	6	95 40 0 
45792	0	5	94 40 0 
45792	0	4	93 40 0 
45792	0	3	92 4c 0 
45792	0	2	91 4c 0 
45792	0	1	90 58 0 
45792	0	6	95 3c 64 
45792	0	5	94 3c 64 
45792	0	4	93 3c 64 
45792	0	3	92 48 64 
45792	0	2	91 48 64 
45792	0	1	90 54 64 
45888	96	6	95 3c 0 
45888	0	5	94 3c 0 
45888	0	4	93 3c 0 
45888	0	3	92 48 0 
45888	0	2	91 48 0 
45888	0	1	90 54 0 
45888	0	6	95 3b 64 
45888	0	5	94 3b 64 
45888	0	4	93 3b 64 
45888	0	3	92 47 64 
45888	0	2	91 47 64 
45888	0	1	90 53 64 
45984	96	6	95 3b 0 
45984	0	5	94 3b 0 
45984	0	4	93 3b 0 
45984	0	3	92 47 0 
45984	0	2	91 47 0 
45984	0	1	90 53 0 
45984	0	6	95 37 64 
45984	0	5	94 37 64 
45984	0	4	93 37 64 
45984	0	3	92 43 64 
45984	0	2	91 43 64 
45984	0	1	90 4f 64 
46080	96	8	97 28 0 
46080	0	7	96 28 0 
46080	0	8	97 2d 64 
46080	0	7	96 2d 64 
46176	96	6	95 37 0 
46176	0	5	94 37 0 
46176	0	4	93 37 0 
46176	0	3	92 43 0 
46176	0	2	91 43 0 
46176	0	1	90 4f 0 
46176	0	6	95 34 64 
46176	0	5	94 34 64 
46176	0	4	93 34 64 
46176	0	3	92 40 64 
46176	0	2	91 40 64 
46176	0	1	90 4c 64 
46272	96	6	95 34 0 
46272	0	5	94 34 0 
46272	0	4	93 34 0 
46272	0	3	92 40 0 
46272	0	2	91 40 0 
46272	0	1	90 4c 0 
46272	0	6	95 35 64 
46272	0	5	94 35 64 
46272	0	4	93 35 64 
46272	0	3	92 41 64 
46272	0	2	91 41 64 
46272	0	1	90 4d 64 
46368	96	6	95 35 0 
46368	0	5	94 35 0 
46368	0	4	93 35 0 
46368	0	3	92 41 0 
46368	0	2	91 41 0 
46368	0	1	90 4d 0 
46368	0	6	95 37 64 
46368	0	5	94 37 64 
46368	0	4	93 37 64 
46368	0	3	92 43 64 
46368	0	2	91 43 64 
46368	0	1	90 4f 64 
46464	96	8	97 2d 0 
46464	0	7	96 2d 0 
46464	0	6	95 37 0 
46464	0	5	94 37 0 
46464	0	4	93 37 0 
46464	0	3	92 43 0 
46464	0	2	91 43 0 
46464	0	1	90 4f 0 
46464	0	8	97 2d 64 
46464	0	7	96 2d 64 
46464	0	6	95 3b 64 
46464	0	5	94 3b 64 
46464	0	4	93 3b 64 
46464	0	3	92 47 64 
46464	0	2	91 47 64 
46464	0	1	90 53 64 
46560	96	6	95 3b 0 
46560	0	5	94 3b 0 
46560	0	4	93 3b 0 
46560	0	3	92 47 0 
46560	0	2	91 47 0 
46560	0	1	90 53 0 
46560	0	6	95 37 64 
46560	0	5	94 37 64 
46560	0	4	93 37 64 
46560	0	3	92 43 64 
46560	0	2	91 43 64 
46560	0	1	90 4f 64 
46656	96	6	95 37 0 
46656	0	5	94 37 0 
46656	0	4	93 37 0 
46656	0	3	92 43 0 
46656	0	2	91 43 0 
46656	0	1	90 4f 0 
46656	0	6	95 3c 64 
46656	0	5	94 3c 64 
46656	0	4	93 3c 64 
46656	0	3	92 48 64 
46656	0	2	91 48 64 
46656	0	1	90 54 64 
46848	192	8	97 2d 0 
46848	0	7	96 2d 0 
46848	0	6	95 3c 0 
46848	0	5	94 3c 0 
46848	0	4	93 3c 0 
46848	0	3	92 48 0 
46848	0	2	91 48 0 
46848	0	1	90 54 0 
46848	0	8	97 2b 64 
46848	0	7	96 2b 64 
46848	0	6	95 3b 64 
46848	0	5	94 3e 64 
46848	0	4	93 3e 64 
46848	0	3	92 4a 64 
46848	0	2	91 4a 64 
46848	0	1	90 56 64 
47040	192	5	94 3e 0 
47040	0	4	93 3e 0 
47040	0	3	92 4a 0 
47040	0	2	91 4a 0 
47040	0	1	90 56 0 
47040	0	5	94 40 64 
47040	0	4	93 40 64 
47040	0	3	92 4c 64 
47040	0	2	91 4c 64 
47040	0	1	90 58 64 
47136	96	5	94 40 0 
47136	0	4	93 40 0 
47136	0	3	92 4c 0 
47136	0	2	91 4c 0 
47136	0	1	90 58 0 
47136	0	5	94 3b 64 
47136	0	4	93 3b 64 
47136	0	3	92 47 64 
47136	0	2	91 47 64 
47136	0	1	90 53 64 
47232	96	8	97 2b 0 
47232	0	7	96 2b 0 
47232	0	6	95 3b 0 
47232	0	5	94 3b 0 
47232	0	4	93 3b 0 
47232	0	3	92 47 0 
47232	0	2	91 47 0 
47232	0	1	90 53 0 
47232	0	8	97 26 64 
47232	0	7	96 26 64 
47232	0	6	95 37 64 
47232	0	5	94 3e 64 
47232	0	4	93 3e 64 
47232	0	3	92 4a 64 
47232	0	2	91 4a 64 
47232	0	1	90 56 64 
47328	96	5	94 3e 0 
47328	0	4	93 3e 0 
47328	0	3	92 4a 0 
47328	0	2	91 4a 0 
47328	0	1	90 56 0 
47328	0	5	94 3b 64 
47328	0	4	93 3b 64 
47328	0	3	92 47 64 
47328	0	2	91 47 64 
47328	0	1	90 53 64 
47424	96	5	94 3b 0 
47424	0	4	93 3b 0 
47424	0	3	92 47 0 
47424	0	2	91 47 0 
47424	0	1	90 53 0 
47424	0	5	94 39 64 
47424	0	4	93 39 64 
47424	0	3	92 45 64 
47424	0	2	91 45 64 
47424	0	1	90 51 64 
47520	96	5	94 39 0 
47520	0	4	93 39 0 
47520	0	3	92 45 0 
47520	0	2	91 45 0 
47520	0	1	90 51 0 
47520	0	5	94 35 64 
47520	0	4	93 35 64 
47520	0	3	92 41 64 
47520	0	2	91 41 64 
47520	0	1	90 4d 64 
47616	96	8	97 26 0 
47616	0	7	96 26 0 
47616	0	6	95 37 0 
47616	0	8	97 1f 64 
47616	0	7	96 2b 64 
47616	0	6	95 35 64 
47712	96	5	94 35 0 
47712	0	4	93 35 0 
47712	0	3	92 41 0 
47712	0	2	91 41 0 
47712	0	1	90 4d 0 
47712	0	5	94 32 64 
47712	0	4	93 32 64 
47712	0	3	92 3e 64 
47712	0	2	91 3e 64 
47712	0	1	90 4a 64 
47808	96	5	94 32 0 
47808	0	4	93 32 0 
47808	0	3	92 3e 0 
47808	0	2	91 3e 0 
47808	0	1	90 4a 0 
47808	0	5	94 34 64 
47808	0	4	93 34 64 
47808	0	3	92 40 64 
47808	0	2	91 40 64 
47808	0	1	90 4c 64 
47904	96	5	94 34 0 
47904	0	4	93 34 0 
47904	0	3	92 40 0 
47904	0	2	91 40 0 
47904	0	1	90 4c 0 
47904	0	5	94 35 64 
47904	0	4	93 35 64 
47904	0	3	92 41 64 
47904	0	2	91 41 64 
47904	0	1	90 4d 64 
48000	96	5	94 35 0 
48000	0	4	93 35 0 
48000	0	3	92 41 0 
48000	0	2	91 41 0 
48000	0	1	90 4d 0 
48000	0	5	94 39 64 
48000	0	4	93 39 64 
48000	0	3	92 45 64 
48000	0	2	91 45 64 
48000	0	1	90 51 64 
48096	96	5	94 39 0 
48096	0	4	93 39 0 
48096	0	3	92 45 0 
48096	0	2	91 45 0 
48096	0	1	90 51 0 
48096	0	5	94 35 64 
48096	0	4	93 35 64 
48096	0	3	92 41 64 
48096	0	2	91 41 64 
48096	0	1	90 4d 64 
48192	96	5	94 35 0 
48192	0	4	93 35 0 
48192	0	3	92 41 0 
48192	0	2	91 41 0 
48192	0	1	90 4d 0 
48192	0	5	94 3b 64 
48192	0	4	93 3b 64 
48192	0	3	92 47 64 
48192	0	2	91 47 64 
48192	0	1	90 53 64 
48384	192	8	97 1f 0 
48384	0	7	96 2b 0 
48384	0	6	95 35 0 
48384	0	5	94 3b 0 
48384	0	4	93 3b 0 
48384	0	3	92 47 0 
48384	0	2	91 47 0 
48384	0	1	90 53 0 
48384	0	8	97 24 64 
48384	0	7	96 2b 64 
48384	0	6	95 34 64 
48384	0	5	94 3c 64 
48384	0	4	93 3c 64 
48384	0	3	92 48 64 
48384	0	2	91 48 64 
48384	0	1	90 54 64 
48576	192	5	94 3c 0 
48576	0	4	93 3c 0 
48576	0	3	92 48 0 
48576	0	2	91 48 0 
48576	0	1	90 54 0 
48576	0	5	94 3e 64 
48576	0	4	93 3e 64 
48576	0	3	92 4a 64 
48576	0	2	91 4a 64 
48576	0	1	90 56 64 
48672	96	5	94 3e 0 
48672	0	4	93 3e 0 
48672	0	3	92 4a 0 
48672	0	2	91 4a 0 
48672	0	1	90 56 0 
48672	0	5	94 39 64 
48672	0	4	93 39 64 
48672	0	3	92 45 64 
48672	0	2	91 45 64 
48672	0	1	90 51 64 
48768	96	5	94 39 0 
48768	0	4	93 39 0 
48768	0	3	92 45 0 
48768	0	2	91 45 0 
48768	0	1	90 51 0 
48768	0	5	94 3c 64 
48768	0	4	93 3c 64 
48768	0	3	92 48 64 
48768	0	2	91 48 64 
48768	0	1	90 54 64 
48864	96	5	94 3c 0 
48864	0	4	93 3c 0 
48864	0	3	92 48 0 
48864	0	2	91 48 0 
48864	0	1	90 54 0 
48864	0	5	94 39 64 
48864	0	4	93 39 64 
48864	0	3	92 45 64 
48864	0	2	91 45 64 
48864	0	1	90 51 64 
48960	96	5	94 39 0 
48960	0	4	93 39 0 
48960	0	3	92 45 0 
48960	0	2	91 45 0 
48960	0	1	90 51 0 
48960	0	5	94 37 64 
48960	0	4	93 37 64 
48960	0	3	92 43 64 
48960	0	2	91 43 64 
48960	0	1	90 4f 64 
49056	96	5	94 37 0 
49056	0	4	93 37 0 
49056	0	3	92 43 0 
49056	0	2	91 43 0 
49056	0	1	90 4f 0 
49056	0	5	94 34 64 
49056	0	4	93 34 64 
49056	0	3	92 40 64 
49056	0	2	91 40 64 
49056	0	1	90 4c 64 
49248	192	5	94 34 0 
49248	0	4	93 34 0 
49248	0	3	92 40 0 
49248	0	2	91 40 0 
49248	0	1	90 4c 0 
49248	0	5	94 3c 64 
49248	0	4	93 3c 64 
49248	0	3	92 3c 64 
49248	0	2	91 3c 64 
49248	0	1	90 48 64 
49344	96	5	94 3c 0 
49344	0	4	93 3c 0 
49344	0	3	92 3c 0 
49344	0	2	91 3c 0 
49344	0	1	90 48 0 
49344	0	5	94 32 64 
49344	0	4	93 32 64 
49344	0	3	92 3e 64 
49344	0	2	91 3e 64 
49344	0	1	90 4a 64 
49440	96	5	94 32 0 
49440	0	4	93 32 0 
49440	0	3	92 3e 0 
49440	0	2	91 3e 0 
49440	0	1	90 4a 0 
49440	0	5	94 34 64 
49440	0	4	93 34 64 
49440	0	3	92 40 64 
49440	0	2	91 40 64 
49440	0	1	90 4c 64 
49536	96	5	94 34 0 
49536	0	4	93 34 0 
49536	0	3	92 40 0 
49536	0	2	91 40 0 
49536	0	1	90 4c 0 
49536	0	5	94 37 64 
49536	0	4	93 37 64 
49536	0	3	92 43 64 
49536	0	2	91 43 64 
49536	0	1	90 4f 64 
49632	96	5	94 37 0 
49632	0	4	93 37 0 
49632	0	3	92 43 0 
49632	0	2	91 43 0 
49632	0	1	90 4f 0 
49632	0	5	94 39 64 
49632	0	4	93 39 64 
49632	0	3	92 40 64 
49632	0	2	91 40 64 
49632	0	1	90 4c 64 
49728	96	5	94 39 0 
49728	0	4	93 39 0 
49728	0	3	92 40 0 
49728	0	2	91 40 0 
49728	0	1	90 4c 0 
49728	0	5	94 3c 64 
49728	0	4	93 3c 64 
49728	0	3	92 45 64 
49728	0	2	91 45 64 
49728	0	1	90 51 64 
49920	192	8	97 24 0 
49920	0	7	96 2b 0 
49920	0	6	95 34 0 
49920	0	5	94 3c 0 
49920	0	4	93 3c 0 
49920	0	3	92 45 0 
49920	0	2	91 45 0 
49920	0	1	90 51 0 
49920	0	8	ff 2f 0 
49920	0	7	ff 2f 0 
49920	0	6	ff 2f 0 
49920	0	5	ff 2f 0 
49920	0	4	ff 2f 0 
49920	0	3	ff 2f 0 
49920	0	2	ff 2f 0 
49920	0	1	ff 2f 0 
