TPQ: 480
TRACKS: 5
0	0	0	ff 3 7 54 72 61 63 6b 20 31 
0	0	0	ff 51 3 4 d1 8d 
0	0	0	ff 58 4 4 2 18 8 
0	0	1	ff 3 7 54 72 61 63 6b 20 31 
0	0	2	ff 3 7 54 72 61 63 6b 20 32 
0	0	3	ff 3 7 54 72 61 63 6b 20 33 
0	0	4	ff 3 7 54 72 61 63 6b 20 34 
0	0	1	f0 7f 7f b 1 0 3 2 4 9 4 3 5 f7 
0	0	1	c0 39 
0	0	3	c2 20 
0	0	4	c3 30 
480	480	3	92 30 7f 
480	0	2	99 30 7f 
480	0	1	90 4f 7f 
480	0	1	90 3c 7f 
600	120	2	89 30 40 
720	120	2	99 46 7f 
840	120	2	89 46 40 
960	120	1	80 3c 40 
960	0	1	80 4f 40 
960	0	2	99 26 7f 
960	0	1	90 4f 7f 
960	0	1	90 45 7f 
1080	120	2	89 26 40 
1200	120	1	80 45 40 
1200	0	1	80 4f 40 
1200	0	2	99 30 7f 
1320	120	2	89 30 40 
1440	120	1	90 4f 7f 
1440	0	1	90 43 7f 
1680	240	1	80 43 40 
1680	0	1	80 4f 40 
1680	0	2	99 46 7f 
1800	120	2	89 46 40 
1920	120	2	99 30 7f 
1920	0	1	90 4f 7f 
1920	0	1	90 45 7f 
2040	120	2	89 30 40 
2160	120	1	80 45 40 
2160	0	1	80 4f 40 
2400	240	3	82 30 40 
2400	0	3	92 30 7f 
2400	0	2	99 30 7f 
2400	0	1	90 4f 7f 
2400	0	1	90 3c 7f 
2520	120	2	89 30 40 
2640	120	1	80 3c 40 
2640	0	1	80 4f 40 
2640	0	2	99 46 7f 
2760	120	2	89 46 40 
2880	120	2	99 26 7f 
2880	0	1	90 4f 7f 
2880	0	1	90 45 7f 
3000	120	2	89 26 40 
3120	120	1	80 45 40 
3120	0	1	80 4f 40 
3120	0	1	90 4f 7f 
3120	0	1	90 43 7f 
3360	240	2	99 30 7f 
3480	120	2	89 30 40 
3600	120	2	99 46 7f 
3720	120	2	89 46 40 
3840	120	1	80 43 40 
3840	0	1	80 4f 40 
3840	0	2	99 26 7f 
3840	0	1	90 4f 7f 
3840	0	1	90 45 7f 
3960	120	2	89 26 40 
4080	120	1	80 45 40 
4080	0	1	80 4f 40 
4320	240	3	82 30 40 
4320	0	3	92 33 7f 
4320	0	2	99 30 7f 
4320	0	1	90 4f 7f 
4320	0	1	90 3f 7f 
4440	120	2	89 30 40 
4560	120	2	99 46 7f 
4680	120	2	89 46 40 
4800	120	1	80 3f 40 
4800	0	1	80 4f 40 
4800	0	2	99 26 7f 
4800	0	1	90 4f 7f 
4800	0	1	90 48 7f 
4920	120	2	89 26 40 
5040	120	1	80 48 40 
5040	0	1	80 4f 40 
5040	0	2	99 30 7f 
5160	120	2	89 30 40 
5280	120	1	90 4f 7f 
5280	0	1	90 46 7f 
5520	240	1	80 46 40 
5520	0	1	80 4f 40 
5520	0	2	99 46 7f 
5640	120	2	89 46 40 
5760	120	2	99 30 7f 
5760	0	1	90 4f 7f 
5760	0	1	90 48 7f 
5880	120	2	89 30 40 
6000	120	1	80 48 40 
6000	0	1	80 4f 40 
6240	240	3	82 33 40 
6240	0	3	92 33 7f 
6240	0	2	99 30 7f 
6240	0	1	90 4f 7f 
6240	0	1	90 3f 7f 
6360	120	2	89 30 40 
6480	120	1	80 3f 40 
6480	0	1	80 4f 40 
6480	0	2	99 46 7f 
6600	120	2	89 46 40 
6720	120	2	99 26 7f 
6720	0	1	90 4f 7f 
6720	0	1	90 48 7f 
6840	120	2	89 26 40 
6960	120	1	80 48 40 
6960	0	1	80 4f 40 
6960	0	2	99 30 7f 
6960	0	1	90 4f 7f 
6960	0	1	90 46 7f 
7080	120	2	89 30 40 
7440	360	2	99 46 7f 
7560	120	2	89 46 40 
7680	120	1	80 46 40 
7680	0	1	80 4f 40 
7680	0	2	99 30 7f 
7680	0	1	90 4f 7f 
7680	0	1	90 48 7f 
7800	120	2	89 30 40 
7920	120	1	80 48 40 
7920	0	1	80 4f 40 
8160	240	3	82 33 40 
8160	0	3	92 35 7f 
8160	0	2	99 30 7f 
8160	0	1	90 51 7f 
8160	0	1	90 41 7f 
8280	120	2	89 30 40 
8400	120	2	99 46 7f 
8520	120	2	89 46 40 
8640	120	1	80 41 40 
8640	0	1	80 51 40 
8640	0	2	99 26 7f 
8640	0	1	90 51 7f 
8640	0	1	90 4d 7f 
8760	120	2	89 26 40 
8880	120	1	80 4d 40 
8880	0	1	80 51 40 
9120	240	2	99 30 7f 
9120	0	1	90 51 7f 
9120	0	1	90 4b 7f 
9240	120	2	89 30 40 
9360	120	1	80 4b 40 
9360	0	1	80 51 40 
9360	0	2	99 46 7f 
9480	120	2	89 46 40 
9600	120	2	99 26 7f 
9600	0	1	90 51 7f 
9600	0	1	90 4d 7f 
9720	120	2	89 26 40 
9840	120	1	80 4d 40 
9840	0	1	80 51 40 
10080	240	3	82 35 40 
10080	0	3	92 38 7f 
10080	0	2	99 30 7f 
10080	0	1	90 50 7f 
10080	0	1	90 44 7f 
10200	120	2	89 30 40 
10320	120	1	80 44 40 
10320	0	1	80 50 40 
10320	0	2	99 46 7f 
10440	120	2	89 46 40 
10560	120	2	99 26 7f 
10560	0	1	90 50 7f 
10560	0	1	90 4d 7f 
10680	120	2	89 26 40 
10800	120	1	80 4d 40 
10800	0	1	80 50 40 
10800	0	2	99 30 7f 
10800	0	1	90 50 7f 
10800	0	1	90 4b 7f 
10920	120	2	89 30 40 
11280	360	2	99 46 7f 
11400	120	2	89 46 40 
11520	120	1	80 4b 40 
11520	0	1	80 50 40 
11520	0	2	99 30 7f 
11520	0	1	90 50 7f 
11520	0	1	90 4d 7f 
11640	120	2	89 30 40 
11760	120	1	80 4d 40 
11760	0	1	80 50 40 
12000	240	3	82 38 40 
12000	0	3	92 30 7f 
12000	0	2	99 30 7f 
12000	0	1	90 48 7f 
12120	120	2	89 30 40 
12240	120	3	82 30 40 
12240	0	1	80 48 40 
12240	0	2	99 46 7f 
12240	0	1	90 48 7f 
12360	120	2	89 46 40 
12480	120	1	80 48 40 
12480	0	3	92 30 7f 
12480	0	2	99 26 7f 
12480	0	1	90 48 7f 
12600	120	2	89 26 40 
12720	120	3	82 30 40 
12720	0	1	80 48 40 
12720	0	1	90 48 7f 
12960	240	1	80 48 40 
12960	0	3	92 30 7f 
12960	0	2	99 30 7f 
12960	0	1	90 46 7f 
13080	120	2	89 30 40 
13200	120	3	82 30 40 
13200	0	1	80 46 40 
13200	0	2	99 46 7f 
13320	120	2	89 46 40 
13440	120	3	92 30 7f 
13440	0	2	99 26 7f 
13440	0	1	90 48 7f 
13560	120	2	89 26 40 
13680	120	3	82 30 40 
13920	240	1	80 48 40 
13920	0	2	99 30 7f 
14040	120	2	89 30 40 
14400	360	3	92 30 7f 
14400	0	2	99 26 7f 
14400	0	1	90 54 7f 
14400	0	1	90 48 7f 
14520	120	3	82 30 40 
14520	0	2	89 26 40 
14640	120	1	80 48 40 
14640	0	1	80 54 40 
14640	0	3	92 30 7f 
14640	0	2	99 26 7f 
14640	0	1	90 54 7f 
14640	0	1	90 48 7f 
14760	120	3	82 30 40 
14760	0	2	89 26 40 
14880	120	1	80 48 40 
14880	0	1	80 54 40 
14880	0	3	92 30 7f 
14880	0	2	99 26 7f 
14880	0	1	90 54 7f 
14880	0	1	90 48 7f 
15000	120	3	82 30 40 
15000	0	2	89 26 40 
15120	120	1	80 48 40 
15120	0	1	80 54 40 
15120	0	3	92 30 7f 
15120	0	2	99 26 7f 
15120	0	1	90 54 7f 
15120	0	1	90 48 7f 
15240	120	3	82 30 40 
15240	0	2	89 26 40 
15360	120	1	80 48 40 
15360	0	1	80 54 40 
15360	0	2	99 28 7f 
15480	120	2	89 28 40 
15840	360	4	93 57 7f 
15840	0	3	92 33 7f 
15840	0	2	99 30 7f 
15840	0	1	90 4d 7f 
15960	120	2	89 30 40 
16080	120	2	99 46 7f 
16200	120	2	89 46 40 
16320	120	1	80 4d 40 
16320	0	2	99 26 7f 
16320	0	1	90 4b 7f 
16440	120	2	89 26 40 
16560	120	1	80 4b 40 
16560	0	1	90 4d 7f 
16800	240	2	99 30 7f 
16920	120	2	89 30 40 
17040	120	1	80 4d 40 
17040	0	2	99 46 7f 
17160	120	2	89 46 40 
17280	120	2	99 26 7f 
17280	0	1	90 4b 7f 
17400	120	2	89 26 40 
17520	120	1	80 4b 40 
17760	240	4	83 57 40 
17760	0	3	82 33 40 
17760	0	4	93 56 7f 
17760	0	3	92 32 7f 
17760	0	2	99 30 7f 
17760	0	1	90 4d 7f 
17880	120	2	89 30 40 
18000	120	1	80 4d 40 
18000	0	2	99 46 7f 
18120	120	2	89 46 40 
18240	120	2	99 26 7f 
18240	0	1	90 4b 7f 
18360	120	2	89 26 40 
18480	120	1	80 4b 40 
18720	240	4	83 56 40 
18720	0	3	82 32 40 
18720	0	4	93 55 7f 
18720	0	3	92 31 7f 
18720	0	2	99 30 7f 
18720	0	1	90 4f 7f 
18840	120	2	89 30 40 
18960	120	2	99 46 7f 
19080	120	2	89 46 40 
19200	120	1	80 4f 40 
19200	0	2	99 26 7f 
19200	0	1	90 4f 7f 
19320	120	2	89 26 40 
19440	120	1	80 4f 40 
19680	240	4	83 55 40 
19680	0	3	82 31 40 
19680	0	4	93 54 7f 
19680	0	3	92 30 7f 
19680	0	2	99 30 7f 
19680	0	1	90 3c 7f 
19680	0	1	90 4d 7f 
19800	120	2	89 30 40 
19920	120	1	80 4d 40 
19920	0	2	99 46 7f 
19920	0	1	90 4b 7f 
20040	120	2	89 46 40 
20160	120	1	80 3c 40 
20160	0	1	80 4b 40 
20160	0	2	99 26 7f 
20160	0	1	90 45 7f 
20160	0	1	90 48 7f 
20280	120	2	89 26 40 
20400	120	1	80 45 40 
20400	0	2	99 30 7f 
20520	120	2	89 30 40 
20640	120	1	90 43 7f 
20880	240	1	80 43 40 
20880	0	2	99 46 7f 
21000	120	2	89 46 40 
21120	120	1	80 48 40 
21120	0	2	99 30 7f 
21120	0	1	90 45 7f 
21240	120	2	89 30 40 
21360	120	1	80 45 40 
21600	240	4	83 54 40 
21600	0	3	82 30 40 
21600	0	3	92 30 7f 
21600	0	2	99 30 7f 
21600	0	1	90 3c 7f 
21720	120	2	89 30 40 
21840	120	1	80 3c 40 
21840	0	2	99 46 7f 
21960	120	2	89 46 40 
22080	120	2	99 26 7f 
22080	0	1	90 45 7f 
22200	120	2	89 26 40 
22320	120	1	80 45 40 
22320	0	2	99 30 7f 
22320	0	1	90 43 7f 
22440	120	2	89 30 40 
22800	360	2	99 46 7f 
22920	120	2	89 46 40 
23040	120	1	80 43 40 
23040	0	2	99 30 7f 
23040	0	1	90 4d 7f 
23040	0	1	90 45 7f 
23160	120	2	89 30 40 
23280	120	1	80 45 40 
23280	0	1	80 4d 40 
23280	0	1	90 4b 7f 
23520	240	3	82 30 40 
23520	0	1	80 4b 40 
23520	0	4	93 57 7f 
23520	0	3	92 33 7f 
23520	0	2	99 30 7f 
23520	0	1	90 4d 7f 
23640	120	2	89 30 40 
23760	120	1	80 4d 40 
23760	0	2	99 46 7f 
23760	0	1	90 4b 7f 
23880	120	2	89 46 40 
24000	120	1	80 4b 40 
24000	0	2	99 26 7f 
24120	120	2	89 26 40 
24480	360	2	99 30 7f 
24480	0	1	90 4d 7f 
24600	120	2	89 30 40 
24720	120	2	99 46 7f 
24840	120	2	89 46 40 
24960	120	1	80 4d 40 
24960	0	2	99 26 7f 
24960	0	1	90 4b 7f 
25080	120	2	89 26 40 
25200	120	1	80 4b 40 
25200	0	1	90 4d 7f 
25440	240	4	83 57 40 
25440	0	3	82 33 40 
25440	0	4	93 56 7f 
25440	0	3	92 32 7f 
25440	0	2	99 30 7f 
25560	120	2	89 30 40 
25680	120	2	99 46 7f 
25800	120	2	89 46 40 
25920	120	1	80 4d 40 
25920	0	2	99 26 7f 
25920	0	1	90 4b 7f 
26040	120	2	89 26 40 
26160	120	1	80 4b 40 
26160	0	2	99 30 7f 
26280	120	2	89 30 40 
26400	120	1	e0 56 30 
26400	0	4	83 56 40 
26400	0	3	82 32 40 
26400	0	4	93 55 7f 
26400	0	3	92 31 7f 
26400	0	1	90 52 7f 
26400	0	1	90 4b 7f 
26430	30	1	e0 58 39 
26460	30	1	e0 73 40 
26640	180	1	80 4b 40 
26640	0	1	80 52 40 
26640	0	2	99 26 7f 
26760	120	2	89 26 40 
26880	120	1	e0 56 30 
26880	0	2	99 30 7f 
26880	0	1	90 52 7f 
26880	0	1	90 4b 7f 
26910	30	1	e0 3e 3b 
26940	30	1	e0 0 40 
27000	60	2	89 30 40 
27120	120	1	80 4b 40 
27120	0	1	80 52 40 
27360	240	1	e0 3b 29 
27360	0	4	83 55 40 
27360	0	3	82 31 40 
27360	0	4	93 54 7f 
27360	0	3	92 30 7f 
27360	0	1	90 3c 7f 
27360	0	1	90 51 7f 
27360	0	1	90 4a 7f 
27390	30	1	e0 8 2d 
27420	30	1	e0 23 34 
27450	30	1	e0 58 39 
27480	30	1	e0 73 40 
27840	360	1	e0 8 2d 
27840	0	1	80 4a 40 
27840	0	1	80 51 40 
27840	0	1	80 3c 40 
27840	0	1	90 45 7f 
27840	0	1	90 4f 7f 
27840	0	1	90 48 7f 
27870	30	1	e0 71 37 
27900	30	1	e0 25 3d 
27930	30	1	e0 0 40 
28080	150	1	80 48 40 
28080	0	1	80 4f 40 
28080	0	1	80 45 40 
28320	240	2	99 30 7f 
28320	0	1	90 43 7f 
28440	120	2	89 30 40 
28530	90	1	80 43 40 
28560	30	2	99 46 7f 
28680	120	2	89 46 40 
28800	120	2	99 30 7f 
28800	0	1	90 45 7f 
28920	120	2	89 30 40 
29040	120	1	80 45 40 
29280	240	4	83 54 40 
29280	0	3	82 30 40 
29280	0	3	92 30 7f 
29280	0	2	99 30 7f 
29280	0	1	90 3c 7f 
29400	120	2	89 30 40 
29520	120	1	80 3c 40 
29520	0	2	99 46 7f 
29640	120	2	89 46 40 
29760	120	2	99 26 7f 
29760	0	1	90 45 7f 
29880	120	2	89 26 40 
30000	120	1	80 45 40 
30000	0	1	90 43 7f 
30240	240	2	99 30 7f 
30360	120	2	89 30 40 
30480	120	2	99 46 7f 
30600	120	2	89 46 40 
30720	120	1	80 43 40 
30720	0	2	99 26 7f 
30720	0	1	90 4d 7f 
30720	0	1	90 45 7f 
30840	120	2	89 26 40 
30960	120	1	80 45 40 
30960	0	1	80 4d 40 
30960	0	1	90 4b 7f 
31200	240	3	82 30 40 
31200	0	1	80 4b 40 
31200	0	4	93 4d 7f 
31200	0	3	92 29 7f 
31200	0	2	99 30 7f 
31200	0	1	90 4d 7f 
31320	120	2	89 30 40 
31440	120	2	99 46 7f 
31560	120	2	89 46 40 
31680	120	1	80 4d 40 
31680	0	2	99 26 7f 
31680	0	1	90 4b 7f 
31800	120	2	89 26 40 
31920	120	1	80 4b 40 
31920	0	2	99 30 7f 
32040	120	2	89 30 40 
32160	120	1	90 4d 7f 
32400	240	1	80 4d 40 
32400	0	2	99 46 7f 
32400	0	1	90 4b 7f 
32520	120	2	89 46 40 
32640	120	1	80 4b 40 
32640	0	2	99 30 7f 
32640	0	1	90 4d 7f 
32760	120	2	89 30 40 
32880	120	1	80 4d 40 
33120	240	4	83 4d 40 
33120	0	3	82 29 40 
33120	0	4	93 4f 7f 
33120	0	3	92 2b 7f 
33120	0	2	99 30 7f 
33120	0	1	90 4f 7f 
33240	120	2	89 30 40 
33360	120	1	80 4f 40 
33360	0	2	99 46 7f 
33480	120	2	89 46 40 
33600	120	2	99 26 7f 
33720	120	2	89 26 40 
33840	120	2	99 30 7f 
33960	120	2	89 30 40 
34320	360	2	99 46 7f 
34440	120	2	89 46 40 
34560	120	2	99 30 7f 
34560	0	1	90 4b 7f 
34680	120	2	89 30 40 
35040	360	4	83 4f 40 
35040	0	3	82 2b 40 
35040	0	1	80 4b 40 
35040	0	4	93 50 7f 
35040	0	3	92 2c 7f 
35040	0	2	99 30 7f 
35040	0	1	90 4d 7f 
35160	120	2	89 30 40 
35280	120	1	80 4d 40 
35280	0	2	99 46 7f 
35280	0	1	90 4b 7f 
35400	120	2	89 46 40 
35520	120	2	99 26 7f 
35640	120	2	89 26 40 
35760	120	1	80 4b 40 
36000	240	2	99 30 7f 
36000	0	1	90 4d 7f 
36120	120	2	89 30 40 
36240	120	1	80 4d 40 
36240	0	2	99 46 7f 
36360	120	2	89 46 40 
36480	120	4	83 50 40 
36480	0	3	82 2c 40 
36480	0	4	93 4f 7f 
36480	0	3	92 2b 7f 
36480	0	2	99 26 7f 
36480	0	1	90 4b 7f 
36600	120	2	89 26 40 
36720	120	4	83 4f 40 
36720	0	3	82 2b 40 
36720	0	1	80 4b 40 
36720	0	4	93 50 7f 
36720	0	3	92 2c 7f 
36960	240	4	83 50 40 
36960	0	3	82 2c 40 
36960	0	4	93 52 7f 
36960	0	3	92 2e 7f 
36960	0	2	99 30 7f 
36960	0	1	90 52 7f 
36960	0	1	90 4f 7f 
37080	120	2	89 30 40 
37200	120	1	80 4f 40 
37200	0	1	80 52 40 
37200	0	2	99 46 7f 
37200	0	1	90 52 7f 
37200	0	1	90 4f 7f 
37320	120	2	89 46 40 
37440	120	1	80 4f 40 
37440	0	1	80 52 40 
37440	0	2	99 26 7f 
37440	0	1	90 52 7f 
37440	0	1	90 4f 7f 
37560	120	2	89 26 40 
37680	120	1	80 4f 40 
37680	0	1	80 52 40 
37680	0	2	99 30 7f 
37800	120	2	89 30 40 
37920	120	1	90 52 7f 
37920	0	1	90 4d 7f 
38160	240	1	80 4d 40 
38160	0	1	80 52 40 
38160	0	2	99 46 7f 
38280	120	2	89 46 40 
38400	120	2	99 30 7f 
38520	120	2	89 30 40 
38880	360	4	83 52 40 
38880	0	3	82 2e 40 
38880	0	3	92 30 7f 
38880	0	2	99 30 7f 
38880	0	1	90 3c 7f 
38880	0	1	90 4f 7f 
39000	120	2	89 30 40 
39120	120	2	99 46 7f 
39240	120	2	89 46 40 
39360	120	1	80 4f 40 
39360	0	1	80 3c 40 
39360	0	2	99 26 7f 
39360	0	1	90 45 7f 
39360	0	1	90 4f 7f 
39480	120	2	89 26 40 
39600	120	1	80 4f 40 
39600	0	1	80 45 40 
39600	0	2	99 30 7f 
39720	120	2	89 30 40 
39840	120	1	90 43 7f 
39840	0	1	90 4f 7f 
40080	240	1	80 4f 40 
40080	0	1	80 43 40 
40080	0	2	99 46 7f 
40200	120	2	89 46 40 
40320	120	2	99 30 7f 
40320	0	1	90 45 7f 
40320	0	1	90 4f 7f 
40440	120	2	89 30 40 
40560	120	1	80 4f 40 
40560	0	1	80 45 40 
40800	240	2	99 30 7f 
40800	0	1	90 3c 7f 
40800	0	1	90 4f 7f 
40920	120	2	89 30 40 
41040	120	1	80 4f 40 
41040	0	1	80 3c 40 
41040	0	2	99 46 7f 
41160	120	2	89 46 40 
41280	120	2	99 26 7f 
41280	0	1	90 45 7f 
41280	0	1	90 4f 7f 
41400	120	2	89 26 40 
41520	120	1	80 4f 40 
41520	0	1	80 45 40 
41520	0	1	90 43 7f 
41520	0	1	90 4f 7f 
41760	240	3	82 30 40 
41760	0	2	99 30 7f 
41880	120	2	89 30 40 
42000	120	3	92 37 7f 
42000	0	2	99 46 7f 
42120	120	2	89 46 40 
42240	120	3	82 37 40 
42240	0	1	80 4f 40 
42240	0	1	80 43 40 
42240	0	3	92 39 7f 
42240	0	2	99 26 7f 
42240	0	1	90 45 7f 
42240	0	1	90 4f 7f 
42360	120	2	89 26 40 
42480	120	3	82 39 40 
42480	0	1	80 4f 40 
42480	0	1	80 45 40 
42720	240	3	92 30 7f 
42720	0	2	99 30 7f 
42720	0	1	90 3c 7f 
42720	0	1	90 4f 7f 
42840	120	2	89 30 40 
42960	120	2	99 46 7f 
43080	120	2	89 46 40 
43200	120	1	80 4f 40 
43200	0	1	80 3c 40 
43200	0	2	99 26 7f 
43200	0	1	90 45 7f 
43200	0	1	90 4f 7f 
43320	120	2	89 26 40 
43440	120	1	80 4f 40 
43440	0	1	80 45 40 
43440	0	2	99 30 7f 
43560	120	2	89 30 40 
43680	120	1	90 43 7f 
43680	0	1	90 4f 7f 
43920	240	1	80 4f 40 
43920	0	1	80 43 40 
43920	0	2	99 46 7f 
44040	120	2	89 46 40 
44160	120	2	99 30 7f 
44160	0	1	90 45 7f 
44160	0	1	90 4f 7f 
44280	120	2	89 30 40 
44400	120	1	80 4f 40 
44400	0	1	80 45 40 
44640	240	2	99 30 7f 
44640	0	1	90 3c 7f 
44640	0	1	90 4f 7f 
44760	120	2	89 30 40 
44880	120	1	80 4f 40 
44880	0	1	80 3c 40 
44880	0	2	99 46 7f 
45000	120	2	89 46 40 
45120	120	2	99 26 7f 
45120	0	1	90 45 7f 
45120	0	1	90 4f 7f 
45240	120	2	89 26 40 
45360	120	1	80 4f 40 
45360	0	1	80 45 40 
45360	0	2	99 30 7f 
45360	0	1	90 43 7f 
45360	0	1	90 4f 7f 
45480	120	2	89 30 40 
45840	360	2	99 46 7f 
45960	120	2	89 46 40 
46080	120	1	80 4f 40 
46080	0	1	80 43 40 
46080	0	2	99 30 7f 
46080	0	1	90 45 7f 
46080	0	1	90 4f 7f 
46200	120	2	89 30 40 
46320	120	1	80 4f 40 
46320	0	1	80 45 40 
46560	240	3	82 30 40 
46560	0	4	93 57 7f 
46560	0	3	92 33 7f 
46560	0	2	99 30 7f 
46560	0	1	90 4d 7f 
46680	120	2	89 30 40 
46800	120	1	80 4d 40 
46800	0	2	99 46 7f 
46800	0	1	90 4b 7f 
46920	120	2	89 46 40 
47040	120	1	80 4b 40 
47040	0	2	99 26 7f 
47160	120	2	89 26 40 
47520	360	2	99 30 7f 
47520	0	1	90 4d 7f 
47640	120	2	89 30 40 
47760	120	1	80 4d 40 
47760	0	2	99 46 7f 
47880	120	2	89 46 40 
48000	120	2	99 26 7f 
48000	0	1	90 4b 7f 
48120	120	2	89 26 40 
48240	120	1	80 4b 40 
48480	240	4	83 57 40 
48480	0	3	82 33 40 
48480	0	4	93 56 7f 
48480	0	3	92 32 7f 
48480	0	2	99 30 7f 
48480	0	1	90 4d 7f 
48600	120	2	89 30 40 
48720	120	1	80 4d 40 
48720	0	2	99 46 7f 
48840	120	2	89 46 40 
48960	120	2	99 26 7f 
48960	0	1	90 4b 7f 
49080	120	2	89 26 40 
49200	120	1	80 4b 40 
49200	0	2	99 30 7f 
49320	120	2	89 30 40 
49440	120	4	83 56 40 
49440	0	3	82 32 40 
49440	0	4	93 55 7f 
49440	0	3	92 31 7f 
49440	0	1	90 4f 7f 
49680	240	2	99 46 7f 
49800	120	2	89 46 40 
49920	120	1	80 4f 40 
49920	0	2	99 30 7f 
49920	0	1	90 4f 7f 
50040	120	2	89 30 40 
50160	120	1	80 4f 40 
50400	240	4	83 55 40 
50400	0	3	82 31 40 
50400	0	4	93 54 7f 
50400	0	3	92 30 7f 
50400	0	2	99 30 7f 
50400	0	1	90 3c 7f 
50400	0	1	90 4d 7f 
50520	120	2	89 30 40 
50640	120	1	80 4d 40 
50640	0	2	99 46 7f 
50640	0	1	90 4b 7f 
50760	120	2	89 46 40 
50880	120	1	80 3c 40 
50880	0	1	80 4b 40 
50880	0	2	99 26 7f 
50880	0	1	90 45 7f 
50880	0	1	90 48 7f 
51000	120	2	89 26 40 
51120	120	1	80 45 40 
51120	0	2	99 30 7f 
51240	120	2	89 30 40 
51360	120	1	80 48 40 
51360	0	1	90 43 7f 
51600	240	1	80 43 40 
51600	0	2	99 46 7f 
51720	120	2	89 46 40 
51840	120	2	99 30 7f 
51840	0	1	90 45 7f 
51960	120	2	89 30 40 
52080	120	1	80 45 40 
52320	240	4	83 54 40 
52320	0	3	82 30 40 
52320	0	3	92 30 7f 
52320	0	2	99 30 7f 
52320	0	1	90 3c 7f 
52440	120	2	89 30 40 
52560	120	1	80 3c 40 
52560	0	2	99 46 7f 
52680	120	2	89 46 40 
52800	120	2	99 26 7f 
52800	0	1	90 45 7f 
52920	120	2	89 26 40 
53040	120	1	80 45 40 
53040	0	1	90 43 7f 
53280	240	2	99 30 7f 
53400	120	2	89 30 40 
53520	120	2	99 46 7f 
53640	120	2	89 46 40 
53760	120	1	80 43 40 
53760	0	2	99 26 7f 
53760	0	1	90 4d 7f 
53760	0	1	90 45 7f 
53880	120	2	89 26 40 
54000	120	1	80 45 40 
54000	0	1	80 4d 40 
54000	0	1	90 4b 7f 
54240	240	3	82 30 40 
54240	0	1	80 4b 40 
54240	0	4	93 57 7f 
54240	0	3	92 33 7f 
54240	0	2	99 30 7f 
54240	0	1	90 4d 7f 
54360	120	2	89 30 40 
54480	120	1	80 4d 40 
54480	0	2	99 46 7f 
54480	0	1	90 4b 7f 
54600	120	2	89 46 40 
54720	120	1	80 4b 40 
54720	0	2	99 26 7f 
54840	120	2	89 26 40 
54960	120	2	99 30 7f 
54960	0	1	90 4d 7f 
55080	120	2	89 30 40 
55440	360	1	80 4d 40 
55440	0	2	99 46 7f 
55560	120	2	89 46 40 
55680	120	2	99 30 7f 
55680	0	1	90 4d 7f 
55800	120	2	89 30 40 
55920	120	1	80 4d 40 
55920	0	1	90 4b 7f 
56160	240	4	83 57 40 
56160	0	3	82 33 40 
56160	0	1	80 4b 40 
56160	0	4	93 56 7f 
56160	0	3	92 32 7f 
56160	0	2	99 30 7f 
56160	0	1	90 4d 7f 
56280	120	2	89 30 40 
56400	120	1	80 4d 40 
56400	0	2	99 46 7f 
56400	0	1	90 4b 7f 
56520	120	2	89 46 40 
56640	120	1	80 4b 40 
56640	0	2	99 26 7f 
56760	120	2	89 26 40 
56880	120	2	99 30 7f 
56880	0	1	90 4f 7f 
56880	0	1	90 4b 7f 
57000	120	2	89 30 40 
57120	120	4	83 56 40 
57120	0	3	82 32 40 
57120	0	4	93 55 7f 
57120	0	3	92 31 7f 
57360	240	1	80 4b 40 
57360	0	1	80 4f 40 
57360	0	2	99 46 7f 
57480	120	2	89 46 40 
57600	120	2	99 30 7f 
57600	0	1	90 4f 7f 
57600	0	1	90 4b 7f 
57720	120	2	89 30 40 
57840	120	1	80 4b 40 
57840	0	1	80 4f 40 
58080	240	4	83 55 40 
58080	0	3	82 31 40 
58080	0	4	93 54 7f 
58080	0	3	92 30 7f 
58080	0	1	90 3c 7f 
58080	0	1	90 4d 7f 
58080	0	1	90 4a 7f 
58560	480	1	80 4a 40 
58560	0	1	80 4d 40 
58560	0	1	80 3c 40 
58560	0	1	90 45 7f 
58560	0	1	90 4b 7f 
58560	0	1	90 48 7f 
58800	240	1	80 45 40 
59040	240	1	80 48 40 
59040	0	1	80 4b 40 
59040	0	2	99 30 7f 
59040	0	1	90 43 7f 
59160	120	2	89 30 40 
59280	120	1	80 43 40 
59280	0	2	99 46 7f 
59400	120	2	89 46 40 
59520	120	2	99 26 7f 
59520	0	1	90 45 7f 
59640	120	2	89 26 40 
59760	120	1	80 45 40 
60000	240	4	83 54 40 
60000	0	3	82 30 40 
60000	0	3	92 30 7f 
60000	0	2	99 30 7f 
60000	0	1	90 3c 7f 
60120	120	2	89 30 40 
60240	120	1	80 3c 40 
60240	0	2	99 46 7f 
60360	120	2	89 46 40 
60480	120	2	99 26 7f 
60480	0	1	90 45 7f 
60600	120	2	89 26 40 
60720	120	1	80 45 40 
60720	0	2	99 30 7f 
60720	0	1	90 43 7f 
60840	120	2	89 30 40 
61200	360	2	99 46 7f 
61320	120	2	89 46 40 
61440	120	1	80 43 40 
61440	0	2	99 30 7f 
61440	0	1	90 4d 7f 
61440	0	1	90 45 7f 
61560	120	2	89 30 40 
61680	120	1	80 45 40 
61680	0	1	80 4d 40 
61680	0	1	90 4b 7f 
61920	240	3	82 30 40 
61920	0	1	80 4b 40 
61920	0	4	93 59 7f 
61920	0	3	92 29 7f 
61920	0	2	99 30 7f 
61920	0	1	90 4d 7f 
62040	120	2	89 30 40 
62160	120	1	80 4d 40 
62160	0	2	99 46 7f 
62160	0	1	90 4b 7f 
62280	120	2	89 46 40 
62400	120	1	80 4b 40 
62400	0	2	99 26 7f 
62520	120	2	89 26 40 
62640	120	2	99 30 7f 
62760	120	2	89 30 40 
62880	120	1	90 4d 7f 
63120	240	2	99 46 7f 
63240	120	2	89 46 40 
63360	120	4	83 59 40 
63360	0	3	82 29 40 
63360	0	1	80 4d 40 
63360	0	4	93 57 7f 
63360	0	3	92 27 7f 
63360	0	2	99 30 7f 
63360	0	1	90 4b 7f 
63480	120	2	89 30 40 
63600	120	4	83 57 40 
63600	0	3	82 27 40 
63600	0	1	80 4b 40 
63600	0	4	93 59 7f 
63600	0	3	92 29 7f 
63840	240	4	83 59 40 
63840	0	3	82 29 40 
63840	0	4	93 5b 7f 
63840	0	3	92 2b 7f 
63840	0	2	99 30 7f 
63840	0	1	90 4f 7f 
63960	120	2	89 30 40 
64080	120	2	99 46 7f 
64200	120	2	89 46 40 
64320	120	2	99 26 7f 
64440	120	2	89 26 40 
64800	360	1	80 4f 40 
64800	0	2	99 30 7f 
64920	120	2	89 30 40 
65040	120	2	99 46 7f 
65160	120	2	89 46 40 
65280	120	4	83 5b 40 
65280	0	3	82 2b 40 
65280	0	4	93 59 7f 
65280	0	3	92 29 7f 
65280	0	2	99 26 7f 
65280	0	1	90 4d 7f 
65400	120	2	89 26 40 
65520	120	4	83 59 40 
65520	0	3	82 29 40 
65520	0	1	80 4d 40 
65520	0	4	93 5b 7f 
65520	0	3	92 2b 7f 
65520	0	1	90 4b 7f 
65760	240	4	83 5b 40 
65760	0	3	82 2b 40 
65760	0	1	80 4b 40 
65760	0	4	93 5c 7f 
65760	0	3	92 2c 7f 
65760	0	2	99 30 7f 
65760	0	1	90 4d 7f 
65880	120	2	89 30 40 
66000	120	2	99 46 7f 
66120	120	2	89 46 40 
66240	120	1	80 4d 40 
66240	0	2	99 26 7f 
66240	0	1	90 4b 7f 
66360	120	2	89 26 40 
66480	120	1	80 4b 40 
66480	0	2	99 30 7f 
66480	0	1	90 4d 7f 
66600	120	2	89 30 40 
66960	360	2	99 46 7f 
67080	120	2	89 46 40 
67200	120	4	83 5c 40 
67200	0	3	82 2c 40 
67200	0	1	80 4d 40 
67200	0	4	93 5b 7f 
67200	0	3	92 2b 7f 
67200	0	2	99 30 7f 
67200	0	1	90 4d 7f 
67320	120	2	89 30 40 
67440	120	4	83 5b 40 
67440	0	3	82 2b 40 
67440	0	1	80 4d 40 
67440	0	4	93 5c 7f 
67440	0	3	92 2c 7f 
67440	0	1	90 4b 7f 
67680	240	4	83 5c 40 
67680	0	3	82 2c 40 
67680	0	1	80 4b 40 
67680	0	4	93 5e 7f 
67680	0	3	92 2e 7f 
67680	0	2	99 30 7f 
67680	0	1	90 46 7f 
67680	0	1	90 4f 7f 
67800	120	2	89 30 40 
67920	120	2	99 46 7f 
68040	120	2	89 46 40 
68160	120	1	80 4f 40 
68160	0	1	80 46 40 
68160	0	2	99 26 7f 
68160	0	1	90 46 7f 
68160	0	1	90 4f 7f 
68280	120	2	89 26 40 
68400	120	2	99 30 7f 
68520	120	2	89 30 40 
68640	120	1	80 4f 40 
68640	0	1	80 46 40 
68640	0	1	90 46 7f 
68640	0	1	90 4d 7f 
68880	240	2	99 46 7f 
69000	120	2	89 46 40 
69120	120	1	80 4d 40 
69120	0	1	80 46 40 
69120	0	2	99 30 7f 
69240	120	2	89 30 40 
69600	360	4	83 5e 40 
69600	0	3	82 2e 40 
69600	0	3	92 30 7f 
69600	0	2	99 30 7f 
69600	0	1	90 3c 7f 
69600	0	1	90 4f 7f 
69720	120	2	89 30 40 
69840	120	2	99 46 7f 
69960	120	2	89 46 40 
70080	120	1	80 4f 40 
70080	0	1	80 3c 40 
70080	0	2	99 26 7f 
70080	0	1	90 45 7f 
70080	0	1	90 4f 7f 
70200	120	2	89 26 40 
70320	120	1	80 4f 40 
70320	0	1	80 45 40 
70560	240	2	99 30 7f 
70560	0	1	90 43 7f 
70560	0	1	90 4f 7f 
70680	120	2	89 30 40 
70800	120	1	80 4f 40 
70800	0	1	80 43 40 
70800	0	2	99 46 7f 
70920	120	2	89 46 40 
71040	120	2	99 26 7f 
71040	0	1	90 45 7f 
71040	0	1	90 4f 7f 
71160	120	2	89 26 40 
71280	120	1	80 4f 40 
71280	0	1	80 45 40 
71520	240	3	82 30 40 
71520	0	3	92 30 7f 
71520	0	2	99 30 7f 
71520	0	1	90 3c 7f 
71520	0	1	90 4f 7f 
71640	120	2	89 30 40 
71760	120	1	80 4f 40 
71760	0	1	80 3c 40 
71760	0	2	99 46 7f 
71880	120	2	89 46 40 
72000	120	2	99 26 7f 
72000	0	1	90 45 7f 
72000	0	1	90 4f 7f 
72120	120	2	89 26 40 
72240	120	1	80 4f 40 
72240	0	1	80 45 40 
72240	0	2	99 30 7f 
72240	0	1	90 43 7f 
72240	0	1	90 4f 7f 
72360	120	2	89 30 40 
72720	360	2	99 46 7f 
72840	120	2	89 46 40 
72960	120	1	80 4f 40 
72960	0	1	80 43 40 
72960	0	2	99 30 7f 
72960	0	1	90 45 7f 
72960	0	1	90 4f 7f 
73080	120	2	89 30 40 
73200	120	1	80 4f 40 
73200	0	1	80 45 40 
73440	240	3	82 30 40 
73440	0	3	92 33 7f 
73440	0	2	99 30 7f 
73440	0	1	90 3f 7f 
73440	0	1	90 4f 7f 
73560	120	2	89 30 40 
73680	120	2	99 46 7f 
73800	120	2	89 46 40 
73920	120	1	80 4f 40 
73920	0	1	80 3f 40 
73920	0	2	99 26 7f 
73920	0	1	90 48 7f 
73920	0	1	90 4f 7f 
74040	120	2	89 26 40 
74160	120	1	80 4f 40 
74160	0	1	80 48 40 
74400	240	2	99 30 7f 
74400	0	1	90 46 7f 
74400	0	1	90 4f 7f 
74520	120	2	89 30 40 
74640	120	1	80 4f 40 
74640	0	1	80 46 40 
74640	0	2	99 46 7f 
74760	120	2	89 46 40 
74880	120	2	99 26 7f 
74880	0	1	90 48 7f 
74880	0	1	90 4f 7f 
75000	120	2	89 26 40 
75120	120	1	80 4f 40 
75120	0	1	80 48 40 
75360	240	3	82 33 40 
75360	0	3	92 33 7f 
75360	0	2	99 30 7f 
75360	0	1	90 3f 7f 
75360	0	1	90 4f 7f 
75480	120	2	89 30 40 
75600	120	1	80 4f 40 
75600	0	1	80 3f 40 
75600	0	2	99 46 7f 
75720	120	2	89 46 40 
75840	120	2	99 26 7f 
75840	0	1	90 48 7f 
75840	0	1	90 4f 7f 
75960	120	2	89 26 40 
76080	120	1	80 4f 40 
76080	0	1	80 48 40 
76080	0	2	99 30 7f 
76080	0	1	90 46 7f 
76080	0	1	90 4f 7f 
76200	120	2	89 30 40 
76560	360	2	99 46 7f 
76680	120	2	89 46 40 
76800	120	1	80 4f 40 
76800	0	1	80 46 40 
76800	0	2	99 30 7f 
76800	0	1	90 48 7f 
76800	0	1	90 4f 7f 
76920	120	2	89 30 40 
77040	120	1	80 4f 40 
77040	0	1	80 48 40 
77280	240	3	82 33 40 
77280	0	3	92 35 7f 
77280	0	2	99 30 7f 
77280	0	1	90 41 7f 
77280	0	1	90 51 7f 
77400	120	2	89 30 40 
77520	120	2	99 46 7f 
77640	120	2	89 46 40 
77760	120	1	80 51 40 
77760	0	1	80 41 40 
77760	0	2	99 26 7f 
77760	0	1	90 4d 7f 
77760	0	1	90 51 7f 
77880	120	2	89 26 40 
78000	120	1	80 51 40 
78000	0	1	80 4d 40 
78240	240	2	99 30 7f 
78240	0	1	90 4b 7f 
78240	0	1	90 51 7f 
78360	120	2	89 30 40 
78480	120	1	80 51 40 
78480	0	1	80 4b 40 
78480	0	2	99 46 7f 
78600	120	2	89 46 40 
78720	120	2	99 26 7f 
78720	0	1	90 4d 7f 
78720	0	1	90 51 7f 
78840	120	2	89 26 40 
78960	120	1	80 51 40 
78960	0	1	80 4d 40 
79200	240	3	82 35 40 
79200	0	3	92 38 7f 
79200	0	2	99 30 7f 
79200	0	1	90 44 7f 
79200	0	1	90 50 7f 
79320	120	2	89 30 40 
79440	120	1	80 50 40 
79440	0	1	80 44 40 
79440	0	2	99 46 7f 
79560	120	2	89 46 40 
79680	120	2	99 26 7f 
79680	0	1	90 4d 7f 
79680	0	1	90 50 7f 
79800	120	2	89 26 40 
79920	120	1	80 50 40 
79920	0	1	80 4d 40 
79920	0	2	99 30 7f 
79920	0	1	90 4b 7f 
79920	0	1	90 50 7f 
80040	120	2	89 30 40 
80400	360	2	99 46 7f 
80520	120	2	89 46 40 
80640	120	1	80 50 40 
80640	0	1	80 4b 40 
80640	0	2	99 30 7f 
80640	0	1	90 4d 7f 
80640	0	1	90 50 7f 
80760	120	2	89 30 40 
80880	120	1	80 50 40 
80880	0	1	80 4d 40 
81120	240	3	82 38 40 
81120	0	3	92 30 7f 
81120	0	2	99 30 7f 
81120	0	1	90 48 7f 
81240	120	2	89 30 40 
81360	120	3	82 30 40 
81360	0	1	80 48 40 
81360	0	2	99 46 7f 
81360	0	1	90 48 7f 
81480	120	2	89 46 40 
81600	120	1	80 48 40 
81600	0	3	92 30 7f 
81600	0	2	99 26 7f 
81600	0	1	90 48 7f 
81720	120	2	89 26 40 
81840	120	3	82 30 40 
81840	0	1	80 48 40 
81840	0	1	90 48 7f 
82080	240	1	80 48 40 
82080	0	3	92 30 7f 
82080	0	2	99 30 7f 
82080	0	1	90 46 7f 
82200	120	2	89 30 40 
82320	120	3	82 30 40 
82320	0	1	80 46 40 
82320	0	2	99 46 7f 
82440	120	2	89 46 40 
82560	120	3	92 30 7f 
82560	0	2	99 26 7f 
82560	0	1	90 48 7f 
82680	120	2	89 26 40 
82800	120	3	82 30 40 
83040	240	1	80 48 40 
83040	0	2	99 30 7f 
83160	120	2	89 30 40 
83520	360	3	92 30 7f 
83520	0	2	99 26 7f 
83520	0	1	90 48 7f 
83520	0	1	90 54 7f 
83640	120	3	82 30 40 
83640	0	2	89 26 40 
83760	120	1	80 54 40 
83760	0	1	80 48 40 
83760	0	3	92 30 7f 
83760	0	2	99 26 7f 
83760	0	1	90 48 7f 
83760	0	1	90 54 7f 
83880	120	3	82 30 40 
83880	0	2	89 26 40 
84000	120	1	80 54 40 
84000	0	1	80 48 40 
84000	0	3	92 30 7f 
84000	0	2	99 26 7f 
84000	0	1	90 48 7f 
84000	0	1	90 54 7f 
84120	120	3	82 30 40 
84120	0	2	89 26 40 
84240	120	1	80 54 40 
84240	0	1	80 48 40 
84240	0	3	92 30 7f 
84240	0	2	99 26 7f 
84240	0	1	90 48 7f 
84240	0	1	90 54 7f 
84360	120	3	82 30 40 
84360	0	2	89 26 40 
84480	120	1	80 54 40 
84480	0	1	80 48 40 
96000	11520	4	ff 2f 0 
96000	0	3	ff 2f 0 
96000	0	2	ff 2f 0 
96000	0	1	ff 2f 0 
192000	96000	0	ff 2f 0 
